Voltage_measured,Current_measured,Temperature_measured,Current_load,Voltage_load,Time_uniform,dV_dt,dT_dt,SOC,mode
4.1893708877050795,-0.0037603079331343,5.7227062450674495,0.0004,0.0,0.0,,,0.9999994777350093,discharge
4.189357261768202,-0.003508028806973,5.726354122711576,0.0004222222222222,0.4672222222222222,1.0,-1.3625936877481593e-05,0.0036478776441262,0.999998990508786,discharge
4.189343635831324,-0.0032557496808117,5.730002000355701,0.0004444444444444,0.9344444444444444,2.0,-1.3625936878369773e-05,0.0036478776441253,0.9999985383213305,discharge
4.189330009894446,-0.0030034705546504,5.733649877999827,0.0004666666666666,1.4016666666666666,3.0,-1.3625936877481593e-05,0.0036478776441262,0.9999981211726423,discharge
4.189316383957569,-0.0027511914284891,5.737297755643953,0.0004888888888888,1.8688888888888888,4.0,-1.3625936877481593e-05,0.0036478776441253,0.9999977390627217,discharge
4.18930275802069,-0.0024989123023278,5.740945633288079,0.0005111111111111,2.3361111111111112,5.0,-1.3625936878369773e-05,0.0036478776441262,0.9999973919915686,discharge
4.189289132083813,-0.0022466331761665,5.744593510932204,0.0005333333333333,2.8033333333333332,6.0,-1.3625936877481593e-05,0.0036478776441253,0.999997079959183,discharge
4.189275506146935,-0.0019943540500052,5.74824138857633,0.0005555555555555,3.270555555555555,7.0,-1.3625936877481593e-05,0.0036478776441262,0.9999968029655649,discharge
4.189261880210057,-0.0017420749238439,5.751889266220456,0.0005777777777777,3.7377777777777776,8.0,-1.3625936878369773e-05,0.0036478776441253,0.9999965610107144,discharge
4.1892482542731795,-0.0014897957976827,5.755537143864582,0.0006,4.205,9.0,-1.3625936877481593e-05,0.0036478776441262,0.9999963540946314,discharge
4.1738652660620845,-0.0642534432218291,5.75760404326979,0.0629375,4.15875,10.0,-0.0153829882110949,0.0020668994052082,0.999987430005295,discharge
4.1584822778509904,-0.1270170906459755,5.759670942674999,0.125275,4.1125,11.0,-0.015382988211094,0.002066899405209,0.9999697887427053,discharge
4.1430992896398955,-0.1897807380701219,5.7617378420802075,0.1876125,4.06625,12.0,-0.0153829882110949,0.0020668994052082,0.9999434303068622,discharge
4.127716301428801,-0.2525443854942683,5.7638047414854165,0.2499499999999999,4.02,13.0,-0.015382988211094,0.002066899405209,0.9999083546977658,discharge
4.1123333132177065,-0.3153080329184147,5.765871640890625,0.3122875,3.97375,14.0,-0.0153829882110949,0.0020668994052082,0.9998645619154161,discharge
4.0969503250066115,-0.3780716803425611,5.767938540295834,0.374625,3.9275,15.0,-0.0153829882110949,0.002066899405209,0.9998120519598129,discharge
4.081567336795517,-0.4408353277667075,5.770005439701042,0.4369625,3.88125,16.0,-0.015382988211094,0.0020668994052082,0.9997508248309563,discharge
4.0661843485844225,-0.503598975190854,5.77207233910625,0.4992999999999999,3.835,17.0,-0.0153829882110949,0.0020668994052082,0.9996808805288465,discharge
4.050801360373328,-0.5663626226150004,5.774139238511459,0.5616375,3.78875,18.0,-0.015382988211094,0.002066899405209,0.9996022190534833,discharge
4.035418372162233,-0.6291262700391468,5.776206137916668,0.623975,3.7425,19.0,-0.0153829882110949,0.0020668994052082,0.9995148404048668,discharge
4.0200353839511385,-0.6918899174632932,5.778273037321877,0.6863125,3.69625,20.0,-0.0153829882110949,0.002066899405209,0.999418744582997,discharge
4.004652395740044,-0.7546535648874395,5.780339936727085,0.7486499999999999,3.65,21.0,-0.015382988211094,0.0020668994052082,0.9993139315878736,discharge
3.98926940752895,-0.8174172123115859,5.782406836132294,0.8109875,3.60375,22.0,-0.0153829882110945,0.002066899405209,0.9992004014194971,discharge
3.973886419317855,-0.8801808597357323,5.784473735537502,0.8733249999999999,3.5575,23.0,-0.0153829882110949,0.0020668994052082,0.999078154077867,discharge
3.95850343110676,-0.9429445071598788,5.786540634942711,0.9356625,3.51125,24.0,-0.0153829882110945,0.002066899405209,0.9989471895629838,discharge
3.943120442895666,-1.0057081545840252,5.7886075343479195,0.998,3.465,25.0,-0.0153829882110945,0.0020668994052082,0.9988075078748471,discharge
3.9407185715471647,-1.0057499145607385,5.7958179654783,0.998,3.462333333333333,26.0,-0.0024018713485012,0.0072104311303808,0.9986678203867136,discharge
3.938316700198663,-1.005791674537451,5.803028396608681,0.998,3.4596666666666667,27.0,-0.0024018713485016,0.0072104311303808,0.9985281270985834,discharge
3.9359148288501618,-1.0058334345141644,5.810238827739062,0.998,3.457,28.0,-0.0024018713485012,0.0072104311303808,0.9983884280104565,discharge
3.93351295750166,-1.0058751944908777,5.817449258869443,0.998,3.454333333333333,29.0,-0.0024018713485016,0.0072104311303808,0.9982487231223327,discharge
3.931111086153159,-1.0059169544675906,5.824659689999824,0.998,3.4516666666666667,30.0,-0.0024018713485012,0.0072104311303808,0.9981090124342122,discharge
3.9287092148046576,-1.0059587144443036,5.831870121130205,0.998,3.449,31.0,-0.0024018713485012,0.0072104311303808,0.997969295946095,discharge
3.926307343456156,-1.0060004744210167,5.839080552260586,0.998,3.446333333333333,32.0,-0.0024018713485016,0.0072104311303808,0.997829573657981,discharge
3.9239054721076543,-1.00604223439773,5.846290983390966,0.998,3.4436666666666667,33.0,-0.0024018713485012,0.00721043113038,0.9976898455698702,discharge
3.921503600759153,-1.006083994374443,5.853501414521347,0.998,3.441,34.0,-0.0024018713485016,0.0072104311303808,0.9975501116817626,discharge
3.919101729410652,-1.006125754351156,5.8607118456517275,0.998,3.438333333333333,35.0,-0.0024018713485012,0.0072104311303808,0.9974103719936582,discharge
3.9166998580621506,-1.0061675143278692,5.867922276782108,0.998,3.435666666666666,36.0,-0.0024018713485012,0.0072104311303808,0.9972706265055572,discharge
3.914297986713649,-1.0062092743045823,5.875132707912489,0.998,3.433,37.0,-0.0024018713485016,0.0072104311303808,0.9971308752174594,discharge
3.911896115365148,-1.0062510342812954,5.88234313904287,0.998,3.430333333333333,38.0,-0.0024018713485012,0.0072104311303808,0.9969911181293647,discharge
3.909494244016646,-1.0062927942580084,5.889553570173251,0.998,3.427666666666666,39.0,-0.0024018713485016,0.0072104311303808,0.9968513552412733,discharge
3.907092372668145,-1.0063345542347215,5.896764001303632,0.998,3.425,40.0,-0.0024018713485012,0.0072104311303808,0.9967115865531851,discharge
3.905287598241544,-1.0063767426082555,5.901472376737117,0.998,3.4229333333333334,41.0,-0.0018047744266009,0.0047083754334851,0.9965718120056006,discharge
3.903482823814943,-1.0064189309817897,5.906180752170603,0.998,3.4208666666666665,42.0,-0.0018047744266009,0.004708375433486,0.9964320315985199,discharge
3.9016780493883414,-1.006461119355324,5.910889127604088,0.998,3.4188,43.0,-0.0018047744266014,0.0047083754334851,0.9962922453319427,discharge
3.899873274961741,-1.006503307728858,5.915597503037573,0.998,3.416733333333333,44.0,-0.0018047744266009,0.0047083754334851,0.9961524532058693,discharge
3.898068500535139,-1.006545496102392,5.9203058784710585,0.998,3.4146666666666667,45.0,-0.0018047744266009,0.0047083754334851,0.9960126552202995,discharge
3.8962637261085384,-1.0065876844759265,5.9250142539045445,0.998,3.4126,46.0,-0.0018047744266009,0.004708375433486,0.9958728513752334,discharge
3.8944589516819375,-1.0066298728494605,5.92972262933803,0.998,3.4105333333333334,47.0,-0.0018047744266009,0.0047083754334851,0.995733041670671,discharge
3.892654177255336,-1.0066720612229945,5.934431004771515,0.998,3.4084666666666665,48.0,-0.0018047744266014,0.0047083754334851,0.9955932261066123,discharge
3.890849402828735,-1.0067142495965284,5.939139380205,0.998,3.4064,49.0,-0.0018047744266009,0.0047083754334851,0.9954534046830572,discharge
3.889044628402134,-1.0067564379700626,5.943847755638486,0.998,3.404333333333333,50.0,-0.0018047744266009,0.004708375433486,0.9953135774000058,discharge
3.887239853975533,-1.0067986263435968,5.948556131071971,0.998,3.4022666666666668,51.0,-0.0018047744266009,0.0047083754334851,0.9951737442574581,discharge
3.885435079548932,-1.0068408147171308,5.953264506505456,0.998,3.4002,52.0,-0.0018047744266009,0.0047083754334851,0.995033905255414,discharge
3.88363030512233,-1.006883003090665,5.957972881938941,0.998,3.3981333333333335,53.0,-0.0018047744266014,0.0047083754334851,0.9948940603938736,discharge
3.8818255306957297,-1.006925191464199,5.962681257372427,0.998,3.3960666666666666,54.0,-0.0018047744266009,0.004708375433486,0.9947542096728369,discharge
3.8800207562691287,-1.0069673798377332,5.967389632805912,0.998,3.394,55.0,-0.0018047744266009,0.0047083754334851,0.994614353092304,discharge
3.878505818631541,-1.006869928156768,5.974528555963382,0.998,3.3923333333333336,56.0,-0.0015149376375878,0.0071389231574698,0.9944745100467266,discharge
3.876990880993953,-1.0067724764758024,5.981667479120851,0.998,3.3906666666666667,57.0,-0.0015149376375878,0.007138923157469,0.994334680536105,discharge
3.8754759433563657,-1.006675024794837,5.988806402278321,0.998,3.389,58.0,-0.0015149376375873,0.0071389231574698,0.994194864560439,discharge
3.873961005718778,-1.0065775731138715,5.99594532543579,0.998,3.3873333333333333,59.0,-0.0015149376375878,0.007138923157469,0.9940550621197287,discharge
3.87244606808119,-1.0064801214329062,6.00308424859326,0.998,3.385666666666667,60.0,-0.0015149376375878,0.0071389231574698,0.9939152732139742,discharge
3.8709311304436023,-1.006382669751941,6.010223171750729,0.998,3.3840000000000003,61.0,-0.0015149376375878,0.007138923157469,0.9937754978431753,discharge
3.8694161928060145,-1.0062852180709754,6.017362094908199,0.998,3.3823333333333334,62.0,-0.0015149376375878,0.0071389231574698,0.9936357360073321,discharge
3.867901255168427,-1.00618776639001,6.024501018065668,0.998,3.380666666666667,63.0,-0.0015149376375873,0.007138923157469,0.9934959877064446,discharge
3.8663863175308393,-1.0060903147090443,6.031639941223138,0.998,3.379,64.0,-0.0015149376375878,0.0071389231574698,0.9933562529405128,discharge
3.864871379893251,-1.0059928630280792,6.038778864380607,0.998,3.3773333333333335,65.0,-0.0015149376375878,0.007138923157469,0.9932165317095366,discharge
3.863356442255664,-1.005895411347114,6.045917787538077,0.998,3.375666666666667,66.0,-0.0015149376375878,0.0071389231574698,0.9930768240135163,discharge
3.861841504618076,-1.0057979596661484,6.053056710695546,0.998,3.374,67.0,-0.0015149376375878,0.007138923157469,0.9929371298524515,discharge
3.860326566980489,-1.005700507985183,6.060195633853016,0.998,3.3723333333333336,68.0,-0.0015149376375873,0.0071389231574698,0.9927974492263424,discharge
3.8588116293429007,-1.0056030563042175,6.067334557010485,0.998,3.3706666666666667,69.0,-0.0015149376375878,0.007138923157469,0.9926577821351891,discharge
3.857296691705313,-1.0055056046232522,6.0744734801679545,0.998,3.369,70.0,-0.0015149376375878,0.0071389231574698,0.9925181285789914,discharge
3.8559785615809656,-1.0054829884581016,6.08162863882631,0.998,3.3677333333333337,71.0,-0.0013181301243472,0.0071551586583558,0.9923784781639278,discharge
3.8546604314566184,-1.005460372292951,6.088783797484667,0.998,3.3664666666666667,72.0,-0.0013181301243472,0.0071551586583566,0.9922388308899982,discharge
3.853342301332271,-1.0054377561278005,6.095938956143023,0.998,3.3652,73.0,-0.0013181301243472,0.0071551586583558,0.9920991867572027,discharge
3.852024171207924,-1.0054151399626496,6.103094114801379,0.998,3.3639333333333337,74.0,-0.0013181301243472,0.0071551586583558,0.9919595457655412,discharge
3.8507060410835767,-1.005392523797499,6.110249273459735,0.998,3.3626666666666667,75.0,-0.0013181301243472,0.0071551586583566,0.9918199079150137,discharge
3.8493879109592295,-1.0053699076323483,6.117404432118091,0.998,3.3614,76.0,-0.0013181301243472,0.0071551586583558,0.9916802732056204,discharge
3.8480697808348823,-1.0053472914671977,6.124559590776447,0.998,3.3601333333333336,77.0,-0.0013181301243472,0.0071551586583558,0.991540641637361,discharge
3.8467516507105346,-1.0053246753020468,6.131714749434804,0.998,3.3588666666666667,78.0,-0.0013181301243476,0.0071551586583566,0.9914010132102358,discharge
3.8454335205861874,-1.0053020591368962,6.1388699080931595,0.998,3.3576,79.0,-0.0013181301243472,0.0071551586583558,0.9912613879242446,discharge
3.84411539046184,-1.0052794429717455,6.146025066751515,0.998,3.3563333333333336,80.0,-0.0013181301243472,0.0071551586583558,0.9911217657793874,discharge
3.842797260337493,-1.005256826806595,6.153180225409872,0.998,3.355066666666666,81.0,-0.0013181301243472,0.0071551586583566,0.9909821467756642,discharge
3.8414791302131457,-1.0052342106414442,6.160335384068228,0.998,3.3538,82.0,-0.0013181301243472,0.0071551586583558,0.9908425309130751,discharge
3.8401610000887985,-1.0052115944762936,6.167490542726584,0.998,3.3525333333333336,83.0,-0.0013181301243472,0.0071551586583558,0.99070291819162,discharge
3.8388428699644512,-1.005188978311143,6.17464570138494,0.998,3.3512666666666666,84.0,-0.0013181301243472,0.0071551586583566,0.990563308611299,discharge
3.837524739840104,-1.0051663621459923,6.181800860043296,0.998,3.35,85.0,-0.0013181301243472,0.0071551586583558,0.9904237021721122,discharge
3.8363301595449224,-1.0052240243818236,6.1885064979042665,0.998,3.348866666666667,86.0,-0.0011945802951816,0.0067056378609704,0.9902840877242813,discharge
3.835135579249741,-1.0052816866176548,6.195212135765236,0.998,3.3477333333333332,87.0,-0.0011945802951816,0.0067056378609695,0.9901444652678066,discharge
3.833940998954559,-1.005339348853486,6.2019177736262066,0.998,3.3466,88.0,-0.0011945802951816,0.0067056378609704,0.9900048348026881,discharge
3.832746418659377,-1.0053970110893171,6.208623411487176,0.998,3.345466666666667,89.0,-0.001194580295182,0.0067056378609695,0.9898651963289257,discharge
3.831551838364195,-1.0054546733251486,6.215329049348147,0.998,3.3443333333333336,90.0,-0.0011945802951816,0.0067056378609704,0.9897255498465194,discharge
3.830357258069014,-1.00551233556098,6.222034687209116,0.998,3.3432,91.0,-0.0011945802951816,0.0067056378609695,0.9895858953554693,discharge
3.829162677773832,-1.005569997796811,6.228740325070087,0.998,3.3420666666666667,92.0,-0.0011945802951816,0.0067056378609704,0.9894462328557753,discharge
3.8279680974786503,-1.005627660032642,6.235445962931056,0.998,3.3409333333333335,93.0,-0.0011945802951816,0.0067056378609695,0.9893065623474374,discharge
3.826773517183469,-1.0056853222684734,6.242151600792027,0.998,3.3398000000000003,94.0,-0.0011945802951816,0.0067056378609704,0.9891668838304557,discharge
3.825578936888287,-1.0057429845043049,6.248857238652996,0.998,3.3386666666666667,95.0,-0.0011945802951816,0.0067056378609695,0.9890271973048301,discharge
3.824384356593106,-1.005800646740136,6.255562876513967,0.998,3.3375333333333335,96.0,-0.0011945802951816,0.0067056378609704,0.9888875027705606,discharge
3.823189776297924,-1.0058583089759672,6.262268514374936,0.998,3.3364000000000003,97.0,-0.001194580295182,0.0067056378609695,0.9887478002276473,discharge
3.8219951960027423,-1.0059159712117984,6.268974152235907,0.998,3.335266666666667,98.0,-0.0011945802951816,0.0067056378609704,0.9886080896760902,discharge
3.8208006157075607,-1.0059736334476297,6.275679790096876,0.998,3.3341333333333334,99.0,-0.0011945802951816,0.0067056378609695,0.988468371115889,discharge
3.819606035412379,-1.006031295683461,6.282385427957847,0.998,3.333,100.0,-0.0011945802951816,0.0067056378609704,0.9883286445470442,discharge
3.8185297661935858,-1.0060157671893364,6.288739418991138,0.998,3.331866666666667,101.0,-0.0010762692187937,0.0063539910332917,0.9881889201349345,discharge
3.817453496974792,-1.0060002386952116,6.295093410024429,0.998,3.3307333333333333,102.0,-0.0010762692187933,0.0063539910332908,0.9880491978795601,discharge
3.816377227755998,-1.005984710201087,6.301447401057721,0.998,3.3296,103.0,-0.0010762692187937,0.0063539910332917,0.9879094777809211,discharge
3.815300958537205,-1.0059691817069625,6.307801392091012,0.998,3.328466666666667,104.0,-0.0010762692187937,0.0063539910332908,0.9877697598390174,discharge
3.814224689318411,-1.005953653212838,6.314155383124303,0.998,3.3273333333333333,105.0,-0.0010762692187933,0.0063539910332917,0.9876300440538489,discharge
3.8131484200996177,-1.0059381247187131,6.320509374157595,0.998,3.3262,106.0,-0.0010762692187937,0.0063539910332917,0.9874903304254158,discharge
3.812072150880823,-1.0059225962245886,6.326863365190886,0.998,3.325066666666667,107.0,-0.0010762692187937,0.0063539910332908,0.9873506189537179,discharge
3.81099588166203,-1.005907067730464,6.333217356224178,0.998,3.323933333333333,108.0,-0.0010762692187933,0.0063539910332917,0.9872109096387554,discharge
3.809919612443237,-1.0058915392363394,6.339571347257468,0.998,3.3228,109.0,-0.0010762692187937,0.0063539910332908,0.987071202480528,discharge
3.808843343224442,-1.0058760107422149,6.34592533829076,0.998,3.3216666666666668,110.0,-0.0010762692187937,0.0063539910332917,0.9869314974790361,discharge
3.8077670740056497,-1.00586048224809,6.352279329324052,0.998,3.320533333333333,111.0,-0.0010762692187933,0.0063539910332917,0.9867917946342795,discharge
3.806690804786855,-1.0058449537539655,6.358633320357343,0.998,3.3194,112.0,-0.0010762692187937,0.0063539910332908,0.9866520939462581,discharge
3.8056145355680617,-1.005829425259841,6.364987311390634,0.998,3.3182666666666667,113.0,-0.0010762692187937,0.0063539910332917,0.9865123954149719,discharge
3.804538266349269,-1.0058138967657162,6.371341302423925,0.998,3.317133333333333,114.0,-0.0010762692187933,0.0063539910332908,0.9863726990404211,discharge
3.8034619971304746,-1.0057983682715916,6.377695293457217,0.998,3.316,115.0,-0.0010762692187937,0.0063539910332917,0.9862330048226057,discharge
3.8024457295664096,-1.0056875301027663,6.385275985151476,0.998,3.3150666666666666,116.0,-0.001016267564065,0.0075806916942591,0.9860933259989803,discharge
3.801429462002344,-1.0055766919339413,6.392856676845734,0.998,3.314133333333334,117.0,-0.0010162675640654,0.0075806916942582,0.985953662569545,discharge
3.800413194438279,-1.005465853765116,6.400437368539993,0.998,3.3131999999999997,118.0,-0.001016267564065,0.0075806916942591,0.9858140145342998,discharge
3.7993969268742136,-1.005355015596291,6.4080180602342525,0.998,3.3122666666666665,119.0,-0.0010162675640654,0.0075806916942591,0.9856743818932449,discharge
3.798380659310149,-1.0052441774274656,6.415598751928511,0.998,3.3113333333333332,120.0,-0.001016267564065,0.0075806916942582,0.9855347646463799,discharge
3.797364391746083,-1.0051333392586403,6.42317944362277,0.998,3.3104,121.0,-0.0010162675640654,0.0075806916942591,0.9853951627937051,discharge
3.796348124182018,-1.0050225010898153,6.430760135317029,0.998,3.309466666666667,122.0,-0.001016267564065,0.0075806916942591,0.9852555763352204,discharge
3.7953318566179526,-1.00491166292099,6.438340827011287,0.998,3.308533333333333,123.0,-0.0010162675640654,0.0075806916942582,0.9851160052709258,discharge
3.794315589053887,-1.004800824752165,6.445921518705546,0.998,3.3076,124.0,-0.001016267564065,0.0075806916942591,0.9849764496008213,discharge
3.793299321489822,-1.0046899865833396,6.453502210399805,0.998,3.306666666666666,125.0,-0.0010162675640654,0.0075806916942591,0.984836909324907,discharge
3.792283053925757,-1.0045791484145143,6.461082902094064,0.998,3.3057333333333334,126.0,-0.001016267564065,0.0075806916942582,0.9846973844431828,discharge
3.791266786361691,-1.0044683102456893,6.468663593788323,0.998,3.3048,127.0,-0.0010162675640654,0.0075806916942591,0.9845578749556486,discharge
3.7902505187976265,-1.004357472076864,6.476244285482582,0.998,3.3038666666666665,128.0,-0.001016267564065,0.0075806916942591,0.9844183808623046,discharge
3.789234251233561,-1.004246633908039,6.48382497717684,0.998,3.3029333333333333,129.0,-0.0010162675640654,0.0075806916942582,0.9842789021631507,discharge
3.788217983669496,-1.0041357957392136,6.491405668871099,0.998,3.302,130.0,-0.001016267564065,0.0075806916942591,0.9841394388581869,discharge
3.7872733955432207,-1.0041915232485872,6.497672289900282,0.998,3.301066666666667,131.0,-0.0009445881262752,0.0062666210291828,0.9839999678132912,discharge
3.786328807416945,-1.0042472507579607,6.503938910929465,0.998,3.300133333333333,132.0,-0.0009445881262757,0.0062666210291828,0.9838604890284638,discharge
3.7853842192906697,-1.0043029782673345,6.510205531958648,0.998,3.2992,133.0,-0.0009445881262752,0.0062666210291828,0.9837210025037044,discharge
3.7844396311643944,-1.0043587057767076,6.516472152987831,0.998,3.2982666666666667,134.0,-0.0009445881262752,0.0062666210291828,0.9835815082390132,discharge
3.783495043038119,-1.0044144332860812,6.5227387740170135,0.998,3.2973333333333334,135.0,-0.0009445881262752,0.0062666210291828,0.9834420062343902,discharge
3.7825504549118434,-1.0044701607954547,6.529005395046196,0.998,3.2964,136.0,-0.0009445881262757,0.0062666210291828,0.9833024964898353,discharge
3.781605866785568,-1.0045258883048285,6.535272016075379,0.998,3.2954666666666665,137.0,-0.0009445881262752,0.0062666210291828,0.9831629790053484,discharge
3.780661278659293,-1.0045816158142018,6.541538637104562,0.998,3.2945333333333333,138.0,-0.0009445881262752,0.0062666210291828,0.9830234537809298,discharge
3.7797166905330175,-1.0046373433235751,6.547805258133745,0.998,3.2936,139.0,-0.0009445881262752,0.0062666210291828,0.9828839208165794,discharge
3.7787721024067418,-1.004693070832949,6.554071879162928,0.998,3.2926666666666664,140.0,-0.0009445881262757,0.0062666210291828,0.9827443801122969,discharge
3.7778275142804665,-1.0047487983423224,6.560338500192111,0.998,3.291733333333333,141.0,-0.0009445881262752,0.0062666210291828,0.9826048316680828,discharge
3.776882926154191,-1.0048045258516958,6.5666051212212935,0.998,3.2908,142.0,-0.0009445881262752,0.0062666210291828,0.9824652754839367,discharge
3.775938338027916,-1.004860253361069,6.572871742250476,0.998,3.2898666666666667,143.0,-0.0009445881262752,0.0062666210291828,0.9823257115598588,discharge
3.77499374990164,-1.0049159808704429,6.579138363279659,0.998,3.288933333333333,144.0,-0.0009445881262757,0.0062666210291828,0.982186139895849,discharge
3.774049161775365,-1.0049717083798164,6.585404984308842,0.998,3.288,145.0,-0.0009445881262752,0.0062666210291828,0.9820465604919073,discharge
3.7731714840404,-1.005015584186444,6.591395689397769,0.998,3.2870666666666666,146.0,-0.000877677734965,0.0059907050889274,0.9819069749941036,discharge
3.772293806305435,-1.0050594599930711,6.597386394486698,0.998,3.286133333333334,147.0,-0.000877677734965,0.0059907050889282,0.981767383402438,discharge
3.77141612857047,-1.0051033357996988,6.603377099575625,0.998,3.2851999999999997,148.0,-0.0008776777349646,0.0059907050889274,0.9816277857169102,discharge
3.770538450835505,-1.0051472116063265,6.609367804664553,0.998,3.2842666666666664,149.0,-0.000877677734965,0.0059907050889282,0.9814881819375204,discharge
3.76966077310054,-1.0051910874129537,6.615358509753481,0.998,3.283333333333333,150.0,-0.000877677734965,0.0059907050889274,0.9813485720642686,discharge
3.768783095365575,-1.0052349632195812,6.621349214842409,0.998,3.2824,151.0,-0.000877677734965,0.0059907050889282,0.9812089560971549,discharge
3.76790541763061,-1.0052788390262086,6.6273399199313365,0.998,3.2814666666666668,152.0,-0.000877677734965,0.0059907050889274,0.981069334036179,discharge
3.7670277398956458,-1.005322714832836,6.633330625020265,0.998,3.280533333333333,153.0,-0.0008776777349646,0.0059907050889282,0.9809297058813411,discharge
3.76615006216068,-1.0053665906394635,6.639321330109192,0.998,3.2796,154.0,-0.000877677734965,0.0059907050889274,0.9807900716326412,discharge
3.765272384425715,-1.005410466446091,6.6453120351981205,0.998,3.2786666666666666,155.0,-0.000877677734965,0.0059907050889282,0.9806504312900792,discharge
3.76439470669075,-1.0054543422527185,6.651302740287048,0.998,3.2777333333333334,156.0,-0.000877677734965,0.0059907050889274,0.9805107848536552,discharge
3.763517028955785,-1.005498218059346,6.657293445375976,0.998,3.2768,157.0,-0.000877677734965,0.0059907050889282,0.9803711323233691,discharge
3.762639351220821,-1.0055420938659734,6.663284150464904,0.998,3.2758666666666665,158.0,-0.0008776777349646,0.0059907050889274,0.9802314736992211,discharge
3.761761673485855,-1.0055859696726008,6.669274855553832,0.998,3.2749333333333333,159.0,-0.000877677734965,0.0059907050889282,0.9800918089812111,discharge
3.7608839957508904,-1.0056298454792283,6.675265560642759,0.998,3.274,160.0,-0.000877677734965,0.0059907050889274,0.9799521381693389,discharge
3.7600590053227343,-1.0057491612657103,6.683623550878967,0.998,3.2732,161.0,-0.0008249904281556,0.0083579902362078,0.9798124507858298,discharge
3.759234014894579,-1.0058684770521926,6.691981541115175,0.998,3.2724,162.0,-0.0008249904281552,0.0083579902362078,0.9796727468306836,discharge
3.758409024466424,-1.005987792838675,6.700339531351383,0.998,3.2716,163.0,-0.0008249904281556,0.0083579902362078,0.9795330263039005,discharge
3.7575840340382687,-1.006107108625157,6.708697521587592,0.998,3.2708,164.0,-0.0008249904281552,0.0083579902362087,0.9793932892054804,discharge
3.756759043610113,-1.006226424411639,6.7170555118238,0.998,3.27,165.0,-0.0008249904281556,0.0083579902362078,0.9792535355354232,discharge
3.755934053181958,-1.006345740198121,6.725413502060007,0.998,3.2692,166.0,-0.0008249904281552,0.0083579902362078,0.979113765293729,discharge
3.755109062753802,-1.0064650559846031,6.733771492296215,0.998,3.2684,167.0,-0.0008249904281556,0.0083579902362078,0.9789739784803978,discharge
3.754284072325647,-1.0065843717710854,6.742129482532423,0.998,3.2676,168.0,-0.0008249904281552,0.0083579902362078,0.9788341750954296,discharge
3.7534590818974913,-1.0067036875575677,6.750487472768631,0.998,3.2668,169.0,-0.0008249904281556,0.0083579902362078,0.9786943551388244,discharge
3.752634091469336,-1.0068230033440495,6.758845463004839,0.998,3.266,170.0,-0.0008249904281552,0.0083579902362078,0.9785545186105822,discharge
3.751809101041181,-1.0069423191305318,6.767203453241047,0.998,3.2652,171.0,-0.0008249904281556,0.0083579902362078,0.9784146655107029,discharge
3.7509841106130257,-1.007061634917014,6.7755614434772555,0.998,3.2644,172.0,-0.0008249904281552,0.0083579902362087,0.9782747958391866,discharge
3.7501591201848696,-1.007180950703496,6.783919433713463,0.998,3.2636,173.0,-0.0008249904281556,0.0083579902362078,0.9781349095960334,discharge
3.7493341297567144,-1.0073002664899784,6.792277423949671,0.998,3.2628,174.0,-0.0008249904281552,0.0083579902362078,0.9779950067812432,discharge
3.748509139328559,-1.0074195822764604,6.800635414185879,0.998,3.262,175.0,-0.0008249904281556,0.0083579902362078,0.9778550873948159,discharge
3.7477110964249287,-1.0072869458818623,6.806814461437181,0.998,3.2612666666666668,176.0,-0.00079804290363,0.0061790472513019,0.97771518643011,discharge
3.746913053521298,-1.0071543094872646,6.812993508688482,0.998,3.2605333333333335,177.0,-0.00079804290363,0.006179047251301,0.9775753038871257,discharge
3.7461150106176686,-1.0070216730926669,6.819172555939784,0.998,3.2598,178.0,-0.00079804290363,0.0061790472513019,0.9774354397658628,discharge
3.745316967714039,-1.006889036698069,6.825351603191085,0.998,3.2590666666666666,179.0,-0.0007980429036296,0.006179047251301,0.9772955940663214,discharge
3.744518924810409,-1.006756400303471,6.831530650442387,0.998,3.2583333333333333,180.0,-0.00079804290363,0.0061790472513019,0.9771557667885015,discharge
3.743720881906779,-1.006623763908873,6.837709697693689,0.998,3.2576,181.0,-0.00079804290363,0.0061790472513019,0.977015957932403,discharge
3.742922839003149,-1.0064911275142752,6.84388874494499,0.998,3.256866666666667,182.0,-0.00079804290363,0.006179047251301,0.9768761674980261,discharge
3.7421247960995183,-1.0063584911196772,6.850067792196292,0.998,3.256133333333333,183.0,-0.00079804290363,0.0061790472513019,0.9767363954853705,discharge
3.7413267531958887,-1.0062258547250793,6.856246839447593,0.998,3.2554,184.0,-0.00079804290363,0.006179047251301,0.9765966418944365,discharge
3.740528710292258,-1.0060932183304814,6.862425886698895,0.998,3.2546666666666666,185.0,-0.00079804290363,0.0061790472513019,0.9764569067252239,discharge
3.7397306673886286,-1.0059605819358834,6.868604933950197,0.998,3.2539333333333333,186.0,-0.00079804290363,0.0061790472513019,0.9763171899777329,discharge
3.738932624484999,-1.0058279455412855,6.874783981201498,0.998,3.2532,187.0,-0.0007980429036296,0.006179047251301,0.9761774916519632,discharge
3.738134581581369,-1.0056953091466878,6.8809630284528,0.998,3.2524666666666664,188.0,-0.00079804290363,0.0061790472513019,0.976037811747915,discharge
3.737336538677739,-1.00556267275209,6.887142075704101,0.998,3.251733333333333,189.0,-0.00079804290363,0.006179047251301,0.9758981502655883,discharge
3.736538495774109,-1.005430036357492,6.893321122955403,0.998,3.251,190.0,-0.00079804290363,0.0061790472513019,0.9757585072049831,discharge
3.73579360429272,-1.0054222604090326,6.899025498432344,0.998,3.250266666666666,191.0,-0.0007448914813883,0.0057043754769416,0.9756188652243708,discharge
3.735048712811332,-1.0054144844605732,6.904729873909286,0.998,3.2495333333333334,192.0,-0.0007448914813883,0.0057043754769416,0.9754792243237513,discharge
3.734303821329944,-1.0054067085121137,6.9104342493862285,0.998,3.2488,193.0,-0.0007448914813883,0.0057043754769425,0.9753395845031246,discharge
3.7335589298485554,-1.0053989325636543,6.91613862486317,0.998,3.2480666666666664,194.0,-0.0007448914813883,0.0057043754769416,0.9751999457624908,discharge
3.732814038367167,-1.005391156615195,6.921843000340112,0.998,3.247333333333333,195.0,-0.0007448914813883,0.0057043754769416,0.9750603081018497,discharge
3.7320691468857783,-1.0053833806667356,6.927547375817054,0.998,3.2466,196.0,-0.0007448914813883,0.0057043754769416,0.9749206715212017,discharge
3.7313242554043904,-1.0053756047182765,6.933251751293995,0.998,3.2458666666666667,197.0,-0.0007448914813883,0.0057043754769416,0.9747810360205463,discharge
3.7305793639230016,-1.005367828769817,6.938956126770938,0.998,3.2451333333333334,198.0,-0.0007448914813887,0.0057043754769425,0.9746414015998839,discharge
3.7298344724416137,-1.005360052821357,6.94466050224788,0.998,3.2444,199.0,-0.0007448914813883,0.0057043754769416,0.9745017682592142,discharge
3.729089580960225,-1.005352276872898,6.950364877724821,0.998,3.243666666666667,200.0,-0.0007448914813883,0.0057043754769416,0.9743621359985374,discharge
3.728344689478837,-1.0053445009244386,6.956069253201763,0.998,3.2429333333333337,201.0,-0.0007448914813883,0.0057043754769416,0.9742225048178534,discharge
3.727599797997448,-1.0053367249759793,6.961773628678705,0.998,3.2422,202.0,-0.0007448914813883,0.0057043754769416,0.9740828747171624,discharge
3.72685490651606,-1.0053289490275197,6.967478004155647,0.998,3.2414666666666667,203.0,-0.0007448914813883,0.0057043754769425,0.9739432456964641,discharge
3.726110015034671,-1.0053211730790603,6.973182379632589,0.998,3.2407333333333335,204.0,-0.0007448914813883,0.0057043754769416,0.9738036177557586,discharge
3.725365123553283,-1.005313397130601,6.978886755109531,0.998,3.24,205.0,-0.0007448914813883,0.0057043754769416,0.9736639908950461,discharge
3.724632863253207,-1.0053041447910602,6.98596004920557,0.998,3.239266666666667,206.0,-0.0007322603000763,0.0070732940960391,0.9735243653193807,discharge
3.72390060295313,-1.0052948924515193,6.99303334330161,0.998,3.2385333333333337,207.0,-0.0007322603000767,0.00707329409604,0.9733847410287624,discharge
3.7231683426530537,-1.0052856401119783,7.000106637397649,0.998,3.2378,208.0,-0.0007322603000763,0.0070732940960391,0.9732451180231912,discharge
3.722436082352977,-1.0052763877724376,7.007179931493689,0.998,3.2370666666666668,209.0,-0.0007322603000767,0.00707329409604,0.9731054963026673,discharge
3.7217038220529006,-1.0052671354328968,7.014253225589728,0.998,3.2363333333333335,210.0,-0.0007322603000763,0.0070732940960391,0.9729658758671905,discharge
3.720971561752824,-1.005257883093356,7.0213265196857675,0.998,3.2356000000000003,211.0,-0.0007322603000767,0.0070732940960391,0.9728262567167609,discharge
3.720239301452747,-1.005248630753815,7.028399813781808,0.998,3.234866666666667,212.0,-0.0007322603000763,0.00707329409604,0.9726866388513784,discharge
3.7195070411526703,-1.0052393784142744,7.035473107877847,0.998,3.2341333333333333,213.0,-0.0007322603000767,0.0070732940960391,0.9725470222710431,discharge
3.7187747808525944,-1.0052301260747334,7.042546401973887,0.998,3.2334,214.0,-0.0007322603000763,0.00707329409604,0.9724074069757549,discharge
3.7180425205525176,-1.0052208737351926,7.049619696069926,0.998,3.232666666666667,215.0,-0.0007322603000767,0.0070732940960391,0.9722677929655139,discharge
3.7173102602524417,-1.005211621395652,7.056692990165965,0.998,3.2319333333333335,216.0,-0.0007322603000763,0.0070732940960391,0.9721281802403201,discharge
3.716577999952365,-1.005202369056111,7.063766284262005,0.998,3.2312000000000003,217.0,-0.0007322603000767,0.00707329409604,0.9719885688001734,discharge
3.715845739652288,-1.0051931167165702,7.070839578358044,0.998,3.2304666666666666,218.0,-0.0007322603000763,0.0070732940960391,0.9718489586450739,discharge
3.7151134793522114,-1.0051838643770292,7.0779128724540845,0.998,3.2297333333333333,219.0,-0.0007322603000767,0.00707329409604,0.9717093497750215,discharge
3.714381219052135,-1.0051746120374885,7.084986166550124,0.998,3.229,220.0,-0.0007322603000763,0.0070732940960391,0.9715697421900163,discharge
3.713626957067053,-1.0052105228354868,7.091467768678938,0.998,3.228285714285714,221.0,-0.0007542619850826,0.0064816021288143,0.9714301296174003,discharge
3.7128726950819697,-1.005246433633485,7.097949370807752,0.998,3.2275714285714288,222.0,-0.0007542619850826,0.0064816021288143,0.9712905120571734,discharge
3.712118433096887,-1.0052823444314831,7.104430972936568,0.998,3.226857142857143,223.0,-0.0007542619850826,0.0064816021288152,0.9711508895093357,discharge
3.711364171111805,-1.0053182552294817,7.110912575065382,0.998,3.226142857142857,224.0,-0.0007542619850826,0.0064816021288143,0.9710112619738872,discharge
3.7106099091267217,-1.0053541660274798,7.117394177194196,0.998,3.2254285714285715,225.0,-0.0007542619850826,0.0064816021288143,0.9708716294508278,discharge
3.709855647141639,-1.005390076825478,7.1238757793230105,0.998,3.2247142857142856,226.0,-0.0007542619850826,0.0064816021288143,0.9707319919401576,discharge
3.709101385156557,-1.005425987623476,7.130357381451825,0.998,3.224,227.0,-0.0007542619850826,0.0064816021288143,0.9705923494418766,discharge
3.7083471231714737,-1.0054618984214745,7.13683898358064,0.998,3.2232857142857143,228.0,-0.0007542619850826,0.0064816021288152,0.9704527019559847,discharge
3.707592861186391,-1.0054978092194728,7.143320585709454,0.998,3.2225714285714284,229.0,-0.0007542619850826,0.0064816021288143,0.970313049482482,discharge
3.706838599201309,-1.005533720017471,7.149802187838269,0.998,3.221857142857143,230.0,-0.0007542619850826,0.0064816021288143,0.9701733920213684,discharge
3.7060843372162258,-1.0055696308154691,7.156283789967083,0.998,3.221142857142857,231.0,-0.0007542619850826,0.0064816021288143,0.9700337295726441,discharge
3.705330075231143,-1.0056055416134675,7.162765392095898,0.998,3.220428571428571,232.0,-0.0007542619850826,0.0064816021288152,0.9698940621363089,discharge
3.704575813246061,-1.005641452411466,7.169246994224713,0.998,3.2197142857142858,233.0,-0.0007542619850826,0.0064816021288143,0.9697543897123628,discharge
3.703821551260978,-1.005677363209464,7.175728596353527,0.998,3.219,234.0,-0.0007542619850826,0.0064816021288143,0.969614712300806,discharge
3.703135078090332,-1.0057400550680895,7.181840049991209,0.998,3.2182666666666666,235.0,-0.0006864731706457,0.0061114536376818,0.9694750261820465,discharge
3.702448604919686,-1.0058027469267152,7.187951503628891,0.998,3.217533333333334,236.0,-0.0006864731706461,0.0061114536376818,0.9693353313560844,discharge
3.70176213174904,-1.0058654387853407,7.194062957266572,0.998,3.2168,237.0,-0.0006864731706457,0.0061114536376818,0.9691956278229198,discharge
3.7010756585783944,-1.0059281306439665,7.200174410904255,0.998,3.2160666666666664,238.0,-0.0006864731706457,0.0061114536376827,0.9690559155825527,discharge
3.700389185407748,-1.005990822502592,7.206285864541937,0.998,3.215333333333333,239.0,-0.0006864731706461,0.0061114536376818,0.9689161946349828,discharge
3.6997027122371025,-1.0060535143612177,7.212397318179619,0.998,3.2146,240.0,-0.0006864731706457,0.0061114536376818,0.9687764649802104,discharge
3.6990162390664567,-1.0061162062198432,7.218508771817301,0.998,3.213866666666666,241.0,-0.0006864731706457,0.0061114536376818,0.9686367266182354,discharge
3.6983297658958105,-1.006178898078469,7.2246202254549825,0.998,3.2131333333333334,242.0,-0.0006864731706461,0.0061114536376818,0.9684969795490579,discharge
3.697643292725165,-1.0062415899370944,7.230731679092664,0.998,3.2124,243.0,-0.0006864731706457,0.0061114536376818,0.9683572237726777,discharge
3.696956819554519,-1.0063042817957202,7.236843132730346,0.998,3.211666666666667,244.0,-0.0006864731706457,0.0061114536376818,0.968217459289095,discharge
3.696270346383873,-1.0063669736543457,7.242954586368028,0.998,3.2109333333333336,245.0,-0.0006864731706461,0.0061114536376818,0.9680776860983097,discharge
3.695583873213227,-1.0064296655129714,7.249066040005711,0.998,3.2102,246.0,-0.0006864731706457,0.0061114536376827,0.9679379042003218,discharge
3.6948974000425814,-1.006492357371597,7.255177493643393,0.998,3.2094666666666667,247.0,-0.0006864731706457,0.0061114536376818,0.9677981135951312,discharge
3.694210926871935,-1.0065550492302229,7.261288947281074,0.998,3.2087333333333334,248.0,-0.0006864731706461,0.0061114536376818,0.9676583142827382,discharge
3.6935244537012895,-1.0066177410888482,7.267400400918756,0.998,3.208,249.0,-0.0006864731706457,0.0061114536376818,0.9675185062631425,discharge
3.692831318597592,-1.0065799309143095,7.273291042717328,0.998,3.2073333333333336,250.0,-0.0006931351036971,0.0058906417985715,0.9673787034949599,discharge
3.692138183493895,-1.006542120739771,7.279181684515899,0.998,3.206666666666667,251.0,-0.0006931351036971,0.0058906417985715,0.9672389059781905,discharge
3.691445048390198,-1.0065043105652325,7.285072326314471,0.998,3.206,252.0,-0.0006931351036971,0.0058906417985715,0.9670991137128342,discharge
3.690751913286501,-1.0064665003906936,7.2909629681130435,0.998,3.205333333333334,253.0,-0.0006931351036967,0.0058906417985724,0.9669593266988911,discharge
3.690058778182804,-1.006428690216155,7.296853609911615,0.998,3.2046666666666668,254.0,-0.0006931351036971,0.0058906417985715,0.966819544936361,discharge
3.689365643079107,-1.0063908800416164,7.302744251710187,0.998,3.204,255.0,-0.0006931351036971,0.0058906417985715,0.9666797684252442,discharge
3.6886725079754097,-1.0063530698670775,7.308634893508758,0.998,3.2033333333333336,256.0,-0.0006931351036971,0.0058906417985715,0.9665399971655404,discharge
3.687979372871713,-1.006315259692539,7.31452553530733,0.998,3.2026666666666666,257.0,-0.0006931351036971,0.0058906417985715,0.9664002311572498,discharge
3.6872862377680153,-1.006277449518001,7.320416177105901,0.998,3.202,258.0,-0.0006931351036971,0.0058906417985715,0.9662604704003723,discharge
3.686593102664318,-1.006239639343462,7.326306818904473,0.998,3.201333333333334,259.0,-0.0006931351036971,0.0058906417985715,0.9661207148949079,discharge
3.685899967560621,-1.0062018291689234,7.3321974607030445,0.998,3.2006666666666668,260.0,-0.0006931351036971,0.0058906417985715,0.9659809646408567,discharge
3.685206832456924,-1.0061640189943848,7.338088102501617,0.998,3.2,261.0,-0.0006931351036967,0.0058906417985724,0.9658412196382186,discharge
3.684513697353227,-1.0061262088198462,7.3439787443001885,0.998,3.199333333333333,262.0,-0.0006931351036971,0.0058906417985715,0.9657014798869936,discharge
3.68382056224953,-1.0060883986453075,7.34986938609876,0.998,3.1986666666666665,263.0,-0.0006931351036971,0.0058906417985715,0.9655617453871818,discharge
3.6831274271458327,-1.006050588470769,7.355760027897332,0.998,3.198,264.0,-0.0006931351036971,0.0058906417985715,0.965422016138783,discharge
3.682448898531959,-1.005890511643652,7.362190657500828,0.998,3.1974,265.0,-0.0006785286138732,0.0064306296034963,0.965282309123277,discharge
3.6817703699180857,-1.0057304348165352,7.368621287104324,0.998,3.1968,266.0,-0.0006785286138737,0.0064306296034963,0.9651426243406636,discharge
3.681091841304213,-1.0055703579894184,7.375051916707821,0.998,3.1962,267.0,-0.0006785286138732,0.0064306296034963,0.9650029617909428,discharge
3.680413312690339,-1.0054102811623016,7.381482546311316,0.998,3.1956,268.0,-0.0006785286138732,0.0064306296034954,0.9648633214741147,discharge
3.679734784076466,-1.0052502043351847,7.387913175914813,0.998,3.195,269.0,-0.0006785286138737,0.0064306296034963,0.9647237033901792,discharge
3.679056255462592,-1.005090127508068,7.394343805518309,0.998,3.1944,270.0,-0.0006785286138732,0.0064306296034963,0.9645841075391365,discharge
3.6783777268487183,-1.004930050680951,7.400774435121805,0.998,3.1938,271.0,-0.0006785286138732,0.0064306296034963,0.9644445339209864,discharge
3.677699198234845,-1.004769973853834,7.407205064725302,0.998,3.1932,272.0,-0.0006785286138737,0.0064306296034963,0.9643049825357288,discharge
3.677020669620972,-1.0046098970267172,7.413635694328798,0.998,3.1926,273.0,-0.0006785286138732,0.0064306296034963,0.964165453383364,discharge
3.6763421410070984,-1.0044498201996004,7.420066323932295,0.998,3.192,274.0,-0.0006785286138732,0.0064306296034963,0.9640259464638918,discharge
3.6756636123932247,-1.0042897433724836,7.426496953535791,0.998,3.1914,275.0,-0.0006785286138737,0.0064306296034963,0.9638864617773124,discharge
3.6749850837793514,-1.0041296665453667,7.4329275831392865,0.998,3.1908,276.0,-0.0006785286138732,0.0064306296034954,0.9637469993236255,discharge
3.674306555165478,-1.00396958971825,7.439358212742783,0.998,3.1902,277.0,-0.0006785286138732,0.0064306296034963,0.9636075591028312,discharge
3.673628026551605,-1.003809512891133,7.445788842346279,0.998,3.1896,278.0,-0.0006785286138737,0.0064306296034963,0.9634681411149297,discharge
3.672949497937731,-1.0036494360640162,7.452219471949776,0.998,3.189,279.0,-0.0006785286138732,0.0064306296034963,0.9633287453599209,discharge
3.672290717699749,-1.003766230331272,7.458463353421071,0.998,3.1883333333333335,280.0,-0.0006587802379822,0.0062438814712955,0.963189333383486,discharge
3.6716319374617665,-1.0038830245985275,7.464707234892367,0.998,3.187666666666667,281.0,-0.0006587802379822,0.0062438814712955,0.963049905185625,discharge
3.670973157223784,-1.0039998188657837,7.470951116363662,0.998,3.187,282.0,-0.0006587802379822,0.0062438814712955,0.9629104607663381,discharge
3.6703143769858015,-1.0041166131330397,7.477194997834958,0.998,3.1863333333333332,283.0,-0.0006587802379827,0.0062438814712955,0.9627710001256252,discharge
3.6696555967478193,-1.0042334074002952,7.483438879306253,0.998,3.185666666666666,284.0,-0.0006587802379822,0.0062438814712955,0.9626315232634863,discharge
3.668996816509837,-1.004350201667551,7.489682760777549,0.998,3.185,285.0,-0.0006587802379822,0.0062438814712955,0.9624920301799214,discharge
3.6683380362718543,-1.0044669959348067,7.495926642248844,0.998,3.1843333333333335,286.0,-0.0006587802379822,0.0062438814712955,0.9623525208749304,discharge
3.667679256033873,-1.0045837902020625,7.502170523720141,0.998,3.1836666666666664,287.0,-0.0006587802379822,0.0062438814712963,0.9622129953485135,discharge
3.66702047579589,-1.0047005844693182,7.508414405191436,0.998,3.183,288.0,-0.0006587802379822,0.0062438814712955,0.9620734536006705,discharge
3.666361695557908,-1.004817378736574,7.514658286662732,0.998,3.1823333333333332,289.0,-0.0006587802379822,0.0062438814712955,0.9619338956314015,discharge
3.6657029153199256,-1.0049341730038297,7.520902168134027,0.998,3.181666666666666,290.0,-0.0006587802379822,0.0062438814712955,0.9617943214407065,discharge
3.665044135081943,-1.0050509672710857,7.527146049605323,0.998,3.181,291.0,-0.0006587802379827,0.0062438814712955,0.9616547310285856,discharge
3.6643853548439607,-1.0051677615383414,7.533389931076618,0.998,3.180333333333333,292.0,-0.0006587802379822,0.0062438814712955,0.9615151243950386,discharge
3.6637265746059784,-1.0052845558055972,7.539633812547914,0.998,3.1796666666666664,293.0,-0.0006587802379822,0.0062438814712955,0.9613755015400656,discharge
3.663067794367996,-1.005401350072853,7.545877694019209,0.998,3.179,294.0,-0.0006587802379822,0.0062438814712955,0.9612358624636665,discharge
3.662406000389588,-1.005406203373789,7.55187459613587,0.998,3.1783333333333332,295.0,-0.0006617939784079,0.005996902116661,0.961096222713198,discharge
3.6617442064111807,-1.005411056674725,7.557871498252532,0.998,3.177666666666666,296.0,-0.0006617939784074,0.0059969021166619,0.9609565822886599,discharge
3.6610824124327728,-1.005415909975661,7.563868400369193,0.998,3.177,297.0,-0.0006617939784079,0.005996902116661,0.9608169411900521,discharge
3.660420618454365,-1.005420763276597,7.569865302485854,0.998,3.176333333333333,298.0,-0.0006617939784079,0.005996902116661,0.9606772994173748,discharge
3.659758824475957,-1.005425616577533,7.575862204602515,0.998,3.1756666666666664,299.0,-0.0006617939784079,0.005996902116661,0.9605376569706279,discharge
3.6590970304975494,-1.005430469878469,7.581859106719177,0.998,3.175,300.0,-0.0006617939784074,0.0059969021166619,0.9603980138498115,discharge
3.6584352365191415,-1.005435323179405,7.587856008835838,0.998,3.1743333333333332,301.0,-0.0006617939784079,0.005996902116661,0.9602583700549254,discharge
3.6577734425407336,-1.0054401764803411,7.593852910952499,0.998,3.173666666666666,302.0,-0.0006617939784079,0.005996902116661,0.9601187255859698,discharge
3.6571116485623256,-1.0054450297812774,7.59984981306916,0.998,3.173,303.0,-0.0006617939784079,0.005996902116661,0.9599790804429447,discharge
3.656449854583918,-1.0054498830822134,7.605846715185822,0.998,3.1723333333333334,304.0,-0.0006617939784074,0.0059969021166619,0.9598394346258499,discharge
3.65578806060551,-1.0054547363831494,7.611843617302483,0.998,3.171666666666667,305.0,-0.0006617939784079,0.005996902116661,0.9596997881346856,discharge
3.6551262666271023,-1.0054595896840854,7.617840519419144,0.998,3.171,306.0,-0.0006617939784079,0.005996902116661,0.9595601409694516,discharge
3.6544644726486943,-1.0054644429850217,7.623837421535805,0.998,3.1703333333333332,307.0,-0.0006617939784079,0.005996902116661,0.9594204931301482,discharge
3.653802678670287,-1.0054692962859575,7.629834323652467,0.998,3.169666666666666,308.0,-0.0006617939784074,0.0059969021166619,0.9592808446167751,discharge
3.653140884691879,-1.0054741495868935,7.635831225769128,0.998,3.169,309.0,-0.0006617939784079,0.005996902116661,0.9591411954293325,discharge
3.652511723184921,-1.0054923838131429,7.641515185548346,0.998,3.1684,310.0,-0.0006291615069584,0.0056839597792173,0.9590015437093584,discharge
3.651882561677962,-1.0055106180393922,7.647199145327562,0.998,3.1678,311.0,-0.0006291615069584,0.0056839597792164,0.9588618894568529,discharge
3.651253400171004,-1.0055288522656416,7.652883105106779,0.998,3.1672,312.0,-0.000629161506958,0.0056839597792173,0.9587222326718161,discharge
3.6506242386640455,-1.005547086491891,7.658567064885996,0.998,3.1666,313.0,-0.0006291615069584,0.0056839597792164,0.9585825733542478,discharge
3.649995077157087,-1.0055653207181403,7.664251024665213,0.998,3.166,314.0,-0.0006291615069584,0.0056839597792173,0.958442911504148,discharge
3.649365915650129,-1.0055835549443897,7.6699349844444304,0.998,3.1654,315.0,-0.0006291615069584,0.0056839597792173,0.9583032471215168,discharge
3.64873675414317,-1.005601789170639,7.675618944223647,0.998,3.1648,316.0,-0.0006291615069584,0.0056839597792164,0.9581635802063543,discharge
3.648107592636212,-1.0056200233968884,7.681302904002864,0.998,3.1642,317.0,-0.000629161506958,0.0056839597792173,0.9580239107586602,discharge
3.6474784311292536,-1.0056382576231375,7.686986863782081,0.998,3.1636,318.0,-0.0006291615069584,0.0056839597792164,0.9578842387784348,discharge
3.646849269622295,-1.005656491849387,7.692670823561298,0.998,3.1630000000000003,319.0,-0.0006291615069584,0.0056839597792173,0.957744564265678,discharge
3.6462201081153367,-1.0056747260756365,7.698354783340515,0.998,3.1624000000000003,320.0,-0.0006291615069584,0.0056839597792173,0.9576048872203897,discharge
3.6455909466083782,-1.0056929603018858,7.704038743119732,0.998,3.1618,321.0,-0.0006291615069584,0.0056839597792164,0.9574652076425699,discharge
3.64496178510142,-1.0057111945281352,7.709722702898949,0.998,3.1612,322.0,-0.000629161506958,0.0056839597792173,0.9573255255322188,discharge
3.6443326235944618,-1.0057294287543843,7.715406662678165,0.998,3.1606,323.0,-0.0006291615069584,0.0056839597792164,0.9571858408893363,discharge
3.6437034620875033,-1.005747662980634,7.721090622457383,0.998,3.16,324.0,-0.0006291615069584,0.0056839597792173,0.9570461537139223,discharge
3.6430751668199206,-1.005806369079644,7.7260605741395345,0.998,3.1593333333333335,325.0,-0.0006282952675826,0.0049699516821517,0.9569064583848834,discharge
3.6424468715523384,-1.005865075178654,7.731030525821685,0.998,3.158666666666667,326.0,-0.0006282952675822,0.0049699516821508,0.9567667549022197,discharge
3.641818576284756,-1.005923781277664,7.736000477503837,0.998,3.158,327.0,-0.0006282952675826,0.0049699516821517,0.9566270432659312,discharge
3.6411902810171735,-1.005982487376674,7.740970429185988,0.998,3.1573333333333333,328.0,-0.0006282952675822,0.0049699516821508,0.9564873234760177,discharge
3.640561985749591,-1.006041193475684,7.74594038086814,0.998,3.1566666666666667,329.0,-0.0006282952675826,0.0049699516821517,0.9563475955324795,discharge
3.639933690482008,-1.006099899574694,7.7509103325502915,0.998,3.156,330.0,-0.0006282952675826,0.0049699516821517,0.9562078594353163,discharge
3.639305395214426,-1.0061586056737042,7.755880284232442,0.998,3.1553333333333335,331.0,-0.0006282952675822,0.0049699516821508,0.9560681151845283,discharge
3.638677099946843,-1.006217311772714,7.760850235914594,0.998,3.1546666666666665,332.0,-0.0006282952675826,0.0049699516821517,0.9559283627801154,discharge
3.638048804679261,-1.006276017871724,7.765820187596745,0.998,3.154,333.0,-0.0006282952675822,0.0049699516821508,0.9557886022220777,discharge
3.6374205094116783,-1.006334723970734,7.770790139278897,0.998,3.1533333333333333,334.0,-0.0006282952675826,0.0049699516821517,0.9556488335104151,discharge
3.636792214144096,-1.006393430069744,7.775760090961048,0.998,3.1526666666666667,335.0,-0.0006282952675826,0.0049699516821517,0.9555090566451276,discharge
3.636163918876514,-1.0064521361687542,7.780730042643199,0.998,3.152,336.0,-0.0006282952675822,0.0049699516821508,0.9553692716262153,discharge
3.6355356236089302,-1.0065108422677642,7.785699994325351,0.998,3.151333333333333,337.0,-0.0006282952675826,0.0049699516821517,0.9552294784536781,discharge
3.634907328341349,-1.0065695483667745,7.790669946007502,0.998,3.1506666666666665,338.0,-0.0006282952675822,0.0049699516821508,0.955089677127516,discharge
3.6342790330737658,-1.0066282544657843,7.795639897689654,0.998,3.15,339.0,-0.0006282952675826,0.0049699516821517,0.9549498676477292,discharge
3.633679430881857,-1.0065783595846942,7.8009698798350255,0.9979866666666668,3.149466666666666,340.0,-0.0005996021919085,0.0053299821453718,0.9548100650977869,discharge
3.633079828689948,-1.006528464703604,7.8062998619803965,0.9979733333333334,3.148933333333334,341.0,-0.000599602191909,0.0053299821453709,0.9546702694776891,discharge
3.63248022649804,-1.0064785698225138,7.811629844125768,0.99796,3.1484,342.0,-0.0005996021919085,0.0053299821453718,0.954530480787436,discharge
3.6318806243061306,-1.0064286749414235,7.816959826271139,0.9979466666666666,3.1478666666666664,343.0,-0.000599602191909,0.0053299821453709,0.9543906990270274,discharge
3.631281022114222,-1.0063787800603334,7.822289808416511,0.9979333333333332,3.147333333333333,344.0,-0.0005996021919085,0.0053299821453718,0.9542509241964635,discharge
3.630681419922313,-1.0063288851792431,7.827619790561883,0.99792,3.1468,345.0,-0.000599602191909,0.0053299821453718,0.9541111562957442,discharge
3.630081817730405,-1.006278990298153,7.832949772707254,0.9979066666666668,3.1462666666666665,346.0,-0.0005996021919085,0.0053299821453709,0.9539713953248694,discharge
3.6294822155384954,-1.006229095417063,7.838279754852626,0.9978933333333332,3.1457333333333333,347.0,-0.000599602191909,0.0053299821453718,0.9538316412838392,discharge
3.628882613346587,-1.0061792005359729,7.843609736997997,0.99788,3.1452,348.0,-0.0005996021919085,0.0053299821453709,0.9536918941726538,discharge
3.6282830111546778,-1.0061293056548826,7.848939719143368,0.9978666666666668,3.1446666666666667,349.0,-0.000599602191909,0.0053299821453718,0.9535521539913128,discharge
3.627683408962769,-1.0060794107737925,7.85426970128874,0.9978533333333334,3.1441333333333334,350.0,-0.0005996021919085,0.0053299821453718,0.9534124207398165,discharge
3.62708380677086,-1.0060295158927022,7.859599683434111,0.99784,3.1435999999999997,351.0,-0.000599602191909,0.0053299821453709,0.9532726944181646,discharge
3.626484204578952,-1.005979621011612,7.864929665579483,0.9978266666666666,3.1430666666666665,352.0,-0.0005996021919085,0.0053299821453718,0.9531329750263575,discharge
3.6258846023870426,-1.0059297261305218,7.870259647724854,0.9978133333333332,3.142533333333333,353.0,-0.000599602191909,0.0053299821453709,0.9529932625643949,discharge
3.625285000195134,-1.0058798312494317,7.875589629870226,0.9978,3.142,354.0,-0.0005996021919085,0.0053299821453718,0.9528535570322769,discharge
3.6246998246283826,-1.005894114211815,7.881163255897408,0.9978133333333332,3.1414,355.0,-0.0005851755667514,0.0055736260271821,0.9527138495164141,discharge
3.624114649061631,-1.0059083971741982,7.886736881924589,0.9978266666666666,3.1408,356.0,-0.0005851755667514,0.0055736260271812,0.9525741400168066,discharge
3.62352947349488,-1.0059226801365813,7.8923105079517715,0.99784,3.1402,357.0,-0.0005851755667514,0.0055736260271821,0.9524344285334544,discharge
3.622944297928128,-1.0059369630989643,7.897884133978953,0.9978533333333334,3.1395999999999997,358.0,-0.0005851755667514,0.0055736260271812,0.9522947150663573,discharge
3.622359122361377,-1.0059512460613478,7.903457760006135,0.9978666666666668,3.139,359.0,-0.0005851755667514,0.0055736260271821,0.9521549996155154,discharge
3.6217739467946255,-1.005965529023731,7.909031386033316,0.99788,3.1384,360.0,-0.0005851755667514,0.0055736260271812,0.9520152821809288,discharge
3.621188771227874,-1.0059798119861143,7.914605012060498,0.9978933333333332,3.1378,361.0,-0.0005851755667514,0.0055736260271821,0.9518755627625974,discharge
3.620603595661122,-1.0059940949484971,7.92017863808768,0.9979066666666668,3.1372,362.0,-0.0005851755667518,0.0055736260271812,0.9517358413605213,discharge
3.620018420094371,-1.0060083779108806,7.925752264114862,0.99792,3.1366,363.0,-0.0005851755667514,0.0055736260271821,0.9515961179747002,discharge
3.6194332445276194,-1.006022660873264,7.931325890142043,0.9979333333333332,3.136,364.0,-0.0005851755667514,0.0055736260271812,0.9514563926051345,discharge
3.618848068960868,-1.0060369438356471,7.936899516169225,0.9979466666666666,3.1354,365.0,-0.0005851755667514,0.0055736260271821,0.951316665251824,discharge
3.618262893394117,-1.0060512267980304,7.942473142196406,0.99796,3.1348,366.0,-0.0005851755667514,0.0055736260271812,0.9511769359147687,discharge
3.617677717827365,-1.0060655097604134,7.9480467682235885,0.9979733333333334,3.1342,367.0,-0.0005851755667514,0.0055736260271821,0.9510372045939687,discharge
3.6170925422606137,-1.006079792722797,7.95362039425077,0.9979866666666668,3.1336,368.0,-0.0005851755667514,0.0055736260271812,0.9508974712894238,discharge
3.6165073666938623,-1.00609407568518,7.959194020277952,0.998,3.133,369.0,-0.0005851755667514,0.0055736260271821,0.9507577360011342,discharge
3.6159610706841816,-1.0059813212093296,7.964146642875307,0.998,3.1324666666666667,370.0,-0.0005462960096807,0.0049526225973552,0.9506180163731885,discharge
3.615414774674501,-1.005868566733479,7.969099265472663,0.998,3.1319333333333335,371.0,-0.0005462960096811,0.0049526225973561,0.9504783124055867,discharge
3.61486847866482,-1.005755812257629,7.974051888070019,0.998,3.1314,372.0,-0.0005462960096807,0.0049526225973552,0.9503386240983286,discharge
3.614322182655139,-1.0056430577817783,7.979004510667375,0.998,3.1308666666666665,373.0,-0.0005462960096807,0.0049526225973561,0.9501989514514145,discharge
3.6137758866454583,-1.005530303305928,7.98395713326473,0.998,3.130333333333333,374.0,-0.0005462960096807,0.0049526225973552,0.9500592944648443,discharge
3.613229590635777,-1.0054175488300774,7.988909755862086,0.998,3.1298,375.0,-0.0005462960096811,0.0049526225973561,0.9499196531386178,discharge
3.612683294626097,-1.005304794354227,7.993862378459442,0.998,3.129266666666666,376.0,-0.0005462960096807,0.0049526225973552,0.9497800274727353,discharge
3.612136998616416,-1.005192039878377,7.998815001056798,0.998,3.128733333333334,377.0,-0.0005462960096807,0.0049526225973561,0.9496404174671966,discharge
3.611590702606735,-1.0050792854025263,8.003767623654154,0.998,3.1282,378.0,-0.0005462960096807,0.0049526225973561,0.9495008231220019,discharge
3.611044406597054,-1.0049665309266758,8.008720246251508,0.998,3.127666666666667,379.0,-0.0005462960096811,0.0049526225973544,0.9493612444371509,discharge
3.610498110587373,-1.0048537764508254,8.013672868848865,0.998,3.1271333333333335,380.0,-0.0005462960096807,0.0049526225973561,0.9492216814126438,discharge
3.609951814577693,-1.004741021974975,8.01862549144622,0.998,3.1266,381.0,-0.0005462960096807,0.0049526225973561,0.9490821340484806,discharge
3.609405518568012,-1.0046282674991247,8.023578114043577,0.998,3.1260666666666665,382.0,-0.0005462960096807,0.0049526225973561,0.9489426023446613,discharge
3.6088592225583302,-1.004515513023274,8.028530736640931,0.998,3.1255333333333333,383.0,-0.0005462960096811,0.0049526225973544,0.9488030863011859,discharge
3.60831292654865,-1.0044027585474238,8.033483359238287,0.998,3.125,384.0,-0.0005462960096807,0.0049526225973561,0.9486635859180543,discharge
3.6077725736375807,-1.0043874606288632,8.037626022113884,0.998,3.1245333333333334,385.0,-0.0005403529110692,0.004142662875596,0.9485240876596336,discharge
3.607232220726511,-1.0043721627103024,8.041768684989478,0.998,3.1240666666666668,386.0,-0.0005403529110696,0.0041426628755942,0.9483845915259239,discharge
3.606691867815442,-1.0043568647917418,8.045911347865074,0.998,3.1236,387.0,-0.0005403529110692,0.004142662875596,0.948245097516925,discharge
3.606151514904372,-1.0043415668731812,8.050054010740668,0.998,3.123133333333333,388.0,-0.0005403529110696,0.0041426628755942,0.9481056056326371,discharge
3.605611161993303,-1.0043262689546206,8.054196673616264,0.998,3.1226666666666665,389.0,-0.0005403529110692,0.004142662875596,0.94796611587306,discharge
3.605070809082233,-1.0043109710360598,8.05833933649186,0.998,3.1222,390.0,-0.0005403529110696,0.004142662875596,0.947826628238194,discharge
3.604530456171164,-1.0042956731174992,8.062481999367455,0.998,3.1217333333333332,391.0,-0.0005403529110692,0.0041426628755942,0.9476871427280387,discharge
3.6039901032600943,-1.0042803751989386,8.06662466224305,0.998,3.121266666666666,392.0,-0.0005403529110696,0.004142662875596,0.9475476593425944,discharge
3.603449750349025,-1.004265077280378,8.070767325118645,0.998,3.1208,393.0,-0.0005403529110692,0.0041426628755942,0.9474081780818611,discharge
3.6029093974379554,-1.0042497793618173,8.074909987994241,0.998,3.1203333333333334,394.0,-0.0005403529110696,0.004142662875596,0.9472686989458385,discharge
3.602369044526886,-1.0042344814432569,8.079052650869837,0.998,3.119866666666667,395.0,-0.0005403529110692,0.004142662875596,0.947129221934527,discharge
3.6018286916158164,-1.004219183524696,8.083195313745431,0.998,3.1193999999999997,396.0,-0.0005403529110696,0.0041426628755942,0.9469897470479264,discharge
3.601288338704747,-1.0042038856061355,8.087337976621027,0.998,3.118933333333333,397.0,-0.0005403529110692,0.004142662875596,0.9468502742860366,discharge
3.6007479857936775,-1.004188587687575,8.091480639496622,0.998,3.1184666666666665,398.0,-0.0005403529110696,0.0041426628755942,0.9467108036488577,discharge
3.6002076328826083,-1.004173289769014,8.095623302372218,0.998,3.118,399.0,-0.0005403529110692,0.004142662875596,0.9465713351363898,discharge
3.5996908643361833,-1.0043128935509682,8.101917079103984,0.998,3.1174666666666666,400.0,-0.0005167685464249,0.0062937767317663,0.9464318472345078,discharge
3.599174095789759,-1.0044524973329223,8.108210855835749,0.998,3.1169333333333333,401.0,-0.0005167685464244,0.0062937767317645,0.9462923399432115,discharge
3.598657327243334,-1.0045921011148764,8.114504632567515,0.998,3.1164,402.0,-0.0005167685464249,0.0062937767317663,0.9461528132625011,discharge
3.5981405586969095,-1.0047317048968307,8.120798409299281,0.998,3.1158666666666663,403.0,-0.0005167685464244,0.0062937767317663,0.9460132671923766,discharge
3.5976237901504846,-1.0048713086787848,8.127092186031046,0.998,3.115333333333333,404.0,-0.0005167685464249,0.0062937767317645,0.9458737017328378,discharge
3.5971070216040597,-1.005010912460739,8.133385962762812,0.998,3.1148,405.0,-0.0005167685464249,0.0062937767317663,0.945734116883885,discharge
3.5965902530576352,-1.005150516242693,8.139679739494579,0.998,3.1142666666666665,406.0,-0.0005167685464244,0.0062937767317663,0.945594512645518,discharge
3.5960734845112103,-1.0052901200246471,8.145973516226343,0.998,3.1137333333333332,407.0,-0.0005167685464249,0.0062937767317645,0.9454548890177368,discharge
3.595556715964786,-1.0054297238066012,8.15226729295811,0.998,3.1132,408.0,-0.0005167685464244,0.0062937767317663,0.9453152460005414,discharge
3.595039947418361,-1.005569327588555,8.158561069689876,0.998,3.1126666666666667,409.0,-0.0005167685464249,0.0062937767317663,0.9451755835939318,discharge
3.594523178871936,-1.0057089313705094,8.16485484642164,0.998,3.1121333333333334,410.0,-0.0005167685464249,0.0062937767317645,0.9450359017979082,discharge
3.5940064103255116,-1.0058485351524638,8.171148623153407,0.998,3.1115999999999997,411.0,-0.0005167685464244,0.0062937767317663,0.9448962006124704,discharge
3.5934896417790867,-1.005988138934418,8.177442399885173,0.998,3.1110666666666664,412.0,-0.0005167685464249,0.0062937767317663,0.9447564800376184,discharge
3.5929728732326622,-1.006127742716372,8.183736176616938,0.998,3.110533333333333,413.0,-0.0005167685464244,0.0062937767317645,0.9446167400733522,discharge
3.5924561046862373,-1.006267346498326,8.190029953348704,0.998,3.11,414.0,-0.0005167685464249,0.0062937767317663,0.9444769807196718,discharge
3.5919679370712165,-1.006295424746633,8.193141025075267,0.998,3.1094666666666666,415.0,-0.0004881676150207,0.0031110717265629,0.9443372174662348,discharge
3.5914797694561957,-1.00632350299494,8.19625209680183,0.998,3.1089333333333333,416.0,-0.0004881676150207,0.0031110717265629,0.944197450313041,discharge
3.5909916018411754,-1.0063515812432469,8.199363168528395,0.998,3.1084,417.0,-0.0004881676150203,0.0031110717265647,0.9440576792600907,discharge
3.5905034342261546,-1.006379659491554,8.202474240254958,0.998,3.1078666666666663,418.0,-0.0004881676150207,0.0031110717265629,0.9439179043073834,discharge
3.590015266611134,-1.0064077377398608,8.20558531198152,0.998,3.107333333333333,419.0,-0.0004881676150207,0.0031110717265629,0.9437781254549196,discharge
3.589527098996113,-1.0064358159881677,8.208696383708084,0.998,3.1068,420.0,-0.0004881676150207,0.0031110717265629,0.943638342702699,discharge
3.589038931381092,-1.0064638942364748,8.211807455434647,0.998,3.1062666666666665,421.0,-0.0004881676150207,0.0031110717265629,0.9434985560507217,discharge
3.588550763766072,-1.0064919724847816,8.214918527161212,0.998,3.1057333333333332,422.0,-0.0004881676150203,0.0031110717265647,0.9433587654989878,discharge
3.588062596151051,-1.0065200507330887,8.218029598887775,0.998,3.1052,423.0,-0.0004881676150207,0.0031110717265629,0.9432189710474971,discharge
3.5875744285360303,-1.0065481289813956,8.221140670614338,0.998,3.1046666666666667,424.0,-0.0004881676150207,0.0031110717265629,0.9430791726962496,discharge
3.5870862609210095,-1.0065762072297024,8.2242517423409,0.998,3.1041333333333334,425.0,-0.0004881676150207,0.0031110717265629,0.9429393704452455,discharge
3.5865980933059887,-1.0066042854780095,8.227362814067464,0.998,3.1035999999999997,426.0,-0.0004881676150207,0.0031110717265629,0.9427995642944846,discharge
3.5861099256909683,-1.0066323637263164,8.230473885794028,0.998,3.1030666666666664,427.0,-0.0004881676150203,0.0031110717265647,0.9426597542439671,discharge
3.5856217580759475,-1.0066604419746237,8.233584957520591,0.998,3.102533333333333,428.0,-0.0004881676150207,0.0031110717265629,0.9425199402936928,discharge
3.5851335904609267,-1.0066885202229303,8.236696029247154,0.998,3.102,429.0,-0.0004881676150207,0.0031110717265629,0.9423801224436619,discharge
3.584672232789744,-1.0066805897977065,8.240928218703974,0.998,3.1014666666666666,430.0,-0.0004613576711829,0.00423218945682,0.9422403056950789,discharge
3.5842108751185613,-1.0066726593724826,8.245160408160796,0.998,3.1009333333333333,431.0,-0.0004613576711824,0.0042321894568218,0.9421004900479438,discharge
3.5837495174473784,-1.006664728947259,8.249392597617616,0.998,3.1004,432.0,-0.0004613576711829,0.00423218945682,0.9419606755022567,discharge
3.583288159776196,-1.0066567985220352,8.253624787074436,0.998,3.0998666666666663,433.0,-0.0004613576711824,0.00423218945682,0.9418208620580175,discharge
3.582826802105013,-1.006648868096811,8.257856976531258,0.998,3.099333333333333,434.0,-0.0004613576711829,0.0042321894568218,0.9416810497152263,discharge
3.58236544443383,-1.0066409376715877,8.262089165988078,0.998,3.0988,435.0,-0.0004613576711829,0.00423218945682,0.941541238473883,discharge
3.5819040867626475,-1.0066330072463636,8.266321355444898,0.998,3.0982666666666665,436.0,-0.0004613576711824,0.00423218945682,0.9414014283339877,discharge
3.5814427290914645,-1.00662507682114,8.27055354490172,0.998,3.0977333333333332,437.0,-0.0004613576711829,0.0042321894568218,0.9412616192955403,discharge
3.580981371420282,-1.0066171463959162,8.27478573435854,0.998,3.0972,438.0,-0.0004613576711824,0.00423218945682,0.9411218113585409,discharge
3.580520013749099,-1.0066092159706923,8.27901792381536,0.998,3.0966666666666667,439.0,-0.0004613576711829,0.00423218945682,0.9409820045229894,discharge
3.580058656077916,-1.0066012855454685,8.283250113272182,0.998,3.0961333333333334,440.0,-0.0004613576711829,0.0042321894568218,0.9408421987888859,discharge
3.5795972984067337,-1.0065933551202446,8.287482302729002,0.998,3.0955999999999997,441.0,-0.0004613576711824,0.00423218945682,0.9407023941562302,discharge
3.5791359407355507,-1.006585424695021,8.291714492185822,0.998,3.0950666666666664,442.0,-0.0004613576711829,0.00423218945682,0.9405625906250226,discharge
3.5786745830643683,-1.0065774942697971,8.295946681642643,0.998,3.094533333333333,443.0,-0.0004613576711824,0.0042321894568218,0.9404227881952629,discharge
3.5782132253931853,-1.0065695638445733,8.300178871099464,0.998,3.094,444.0,-0.0004613576711829,0.00423218945682,0.9402829868669512,discharge
3.5777649066111823,-1.006556621952882,8.303738585285938,0.998,3.0936,445.0,-0.000448318782003,0.0035597141864744,0.9401431873361243,discharge
3.5773165878291793,-1.0065436800611904,8.30729829947241,0.998,3.0932,446.0,-0.000448318782003,0.0035597141864727,0.9400033896027825,discharge
3.5768682690471767,-1.006530738169499,8.310858013658885,0.998,3.0928,447.0,-0.0004483187820025,0.0035597141864744,0.9398635936669256,discharge
3.5764199502651737,-1.0065177962778074,8.314417727845358,0.998,3.0924,448.0,-0.000448318782003,0.0035597141864727,0.9397237995285538,discharge
3.5759716314831707,-1.006504854386116,8.317977442031832,0.998,3.092,449.0,-0.000448318782003,0.0035597141864744,0.9395840071876668,discharge
3.5755233127011676,-1.0064919124944245,8.321537156218305,0.998,3.0916,450.0,-0.000448318782003,0.0035597141864727,0.9394442166442648,discharge
3.5750749939191646,-1.006478970602733,8.32509687040478,0.998,3.0912,451.0,-0.000448318782003,0.0035597141864744,0.9393044278983478,discharge
3.574626675137162,-1.0064660287110416,8.328656584591252,0.998,3.0908,452.0,-0.0004483187820025,0.0035597141864727,0.9391646409499157,discharge
3.574178356355159,-1.0064530868193502,8.332216298777727,0.998,3.0904,453.0,-0.000448318782003,0.0035597141864744,0.9390248557989685,discharge
3.573730037573156,-1.0064401449276588,8.3357760129642,0.998,3.09,454.0,-0.000448318782003,0.0035597141864727,0.9388850724455063,discharge
3.573281718791153,-1.006427203035967,8.339335727150674,0.998,3.0896,455.0,-0.000448318782003,0.0035597141864744,0.9387452908895292,discharge
3.57283340000915,-1.0064142611442757,8.342895441337147,0.998,3.0892,456.0,-0.000448318782003,0.0035597141864727,0.9386055111310369,discharge
3.5723850812271474,-1.0064013192525842,8.346455155523621,0.998,3.0888,457.0,-0.0004483187820025,0.0035597141864744,0.9384657331700296,discharge
3.5719367624451444,-1.0063883773608928,8.350014869710094,0.998,3.0884,458.0,-0.000448318782003,0.0035597141864727,0.9383259570065072,discharge
3.5714884436631413,-1.0063754354692014,8.353574583896568,0.998,3.088,459.0,-0.000448318782003,0.0035597141864744,0.9381861826404698,discharge
3.571037735361662,-1.0062944928143225,8.357381791881917,0.998,3.0875714285714286,460.0,-0.0004507083014799,0.0038072079853481,0.9380464195164678,discharge
3.5705870270601814,-1.0062135501594431,8.361188999867267,0.998,3.087142857142857,461.0,-0.0004507083014799,0.0038072079853499,0.9379066676345013,discharge
3.5701363187587014,-1.0061326075045638,8.364996207852615,0.998,3.0867142857142857,462.0,-0.0004507083014799,0.0038072079853481,0.9377669269945701,discharge
3.569685610457221,-1.006051664849685,8.368803415837965,0.998,3.0862857142857143,463.0,-0.0004507083014804,0.0038072079853499,0.9376271975966742,discharge
3.569234902155741,-1.0059707221948055,8.372610623823313,0.998,3.085857142857143,464.0,-0.0004507083014799,0.0038072079853481,0.9374874794408139,discharge
3.568784193854261,-1.0058897795399264,8.376417831808663,0.998,3.0854285714285714,465.0,-0.0004507083014799,0.0038072079853499,0.9373477725269889,discharge
3.568333485552781,-1.005808836885047,8.380225039794011,0.998,3.085,466.0,-0.0004507083014799,0.0038072079853481,0.9372080768551994,discharge
3.567882777251301,-1.005727894230168,8.38403224777936,0.998,3.0845714285714285,467.0,-0.0004507083014799,0.0038072079853481,0.9370683924254452,discharge
3.567432068949821,-1.0056469515752888,8.38783945576471,0.998,3.084142857142857,468.0,-0.0004507083014799,0.0038072079853499,0.9369287192377264,discharge
3.566981360648341,-1.0055660089204097,8.391646663750057,0.998,3.0837142857142856,469.0,-0.0004507083014799,0.0038072079853481,0.936789057292043,discharge
3.5665306523468607,-1.0054850662655306,8.395453871735407,0.998,3.083285714285714,470.0,-0.0004507083014804,0.0038072079853499,0.9366494065883949,discharge
3.5660799440453808,-1.0054041236106512,8.399261079720755,0.998,3.0828571428571427,471.0,-0.0004507083014799,0.0038072079853481,0.9365097671267824,discharge
3.565629235743901,-1.005323180955772,8.403068287706105,0.998,3.0824285714285713,472.0,-0.0004507083014799,0.0038072079853499,0.9363701389072052,discharge
3.565178527442421,-1.005242238300893,8.406875495691454,0.998,3.082,473.0,-0.0004507083014799,0.0038072079853481,0.9362305219296634,discharge
3.564758022137505,-1.005415863187799,8.410393140880515,0.998,3.0816,474.0,-0.0004205053049157,0.0035176451890617,0.936090880837554,discharge
3.564337516832589,-1.005589488074705,8.413910786069577,0.998,3.0812,475.0,-0.0004205053049162,0.0035176451890617,0.9359512156308769,discharge
3.563917011527673,-1.005763112961611,8.417428431258639,0.998,3.0808,476.0,-0.0004205053049157,0.0035176451890617,0.9358115263096323,discharge
3.5634965062227573,-1.005936737848517,8.420946076447699,0.998,3.0804,477.0,-0.0004205053049157,0.0035176451890599,0.93567181287382,discharge
3.5630760009178415,-1.0061103627354229,8.42446372163676,0.998,3.08,478.0,-0.0004205053049157,0.0035176451890617,0.9355320753234401,discharge
3.5626554956129253,-1.0062839876223288,8.427981366825822,0.998,3.0796,479.0,-0.0004205053049162,0.0035176451890617,0.9353923136584925,discharge
3.5622349903080095,-1.0064576125092348,8.431499012014884,0.998,3.0792,480.0,-0.0004205053049157,0.0035176451890617,0.9352525278789773,discharge
3.5618144850030937,-1.0066312373961406,8.435016657203946,0.998,3.0788,481.0,-0.0004205053049157,0.0035176451890617,0.9351127179848945,discharge
3.561393979698178,-1.0068048622830466,8.438534302393007,0.998,3.0784,482.0,-0.0004205053049157,0.0035176451890617,0.9349728839762441,discharge
3.5609734743932617,-1.0069784871699523,8.442051947582069,0.998,3.078,483.0,-0.0004205053049162,0.0035176451890617,0.9348330258530261,discharge
3.560552969088346,-1.0071521120568585,8.44556959277113,0.998,3.0776,484.0,-0.0004205053049157,0.0035176451890617,0.9346931436152404,discharge
3.56013246378343,-1.0073257369437645,8.44908723796019,0.998,3.0772,485.0,-0.0004205053049157,0.0035176451890599,0.9345532372628871,discharge
3.5597119584785144,-1.0074993618306705,8.452604883149252,0.998,3.0768,486.0,-0.0004205053049157,0.0035176451890617,0.9344133067959661,discharge
3.559291453173598,-1.0076729867175764,8.456122528338314,0.998,3.0764,487.0,-0.0004205053049162,0.0035176451890617,0.9342733522144776,discharge
3.5588709478686824,-1.0078466116044824,8.459640173527376,0.998,3.076,488.0,-0.0004205053049157,0.0035176451890617,0.9341333735184214,discharge
3.558476096554451,-1.0078511339618872,8.462347963216493,0.998,3.0756,489.0,-0.0003948513142315,0.0027077896891167,0.9339933941942601,discharge
3.5580812452402197,-1.007855656319292,8.46505575290561,0.998,3.0752,490.0,-0.0003948513142311,0.0027077896891167,0.9338534142419934,discharge
3.557686393925988,-1.0078601786766967,8.467763542594724,0.998,3.0748,491.0,-0.0003948513142315,0.002707789689115,0.9337134336616217,discharge
3.5572915426117566,-1.0078647010341015,8.470471332283841,0.998,3.0744,492.0,-0.0003948513142315,0.0027077896891167,0.9335734524531447,discharge
3.556896691297525,-1.0078692233915063,8.473179121972958,0.998,3.074,493.0,-0.0003948513142315,0.0027077896891167,0.9334334706165626,discharge
3.556501839983294,-1.007873745748911,8.475886911662075,0.998,3.0736,494.0,-0.0003948513142311,0.0027077896891167,0.9332934881518753,discharge
3.5561069886690624,-1.007878268106316,8.478594701351192,0.998,3.0732,495.0,-0.0003948513142315,0.0027077896891167,0.9331535050590827,discharge
3.555712137354831,-1.0078827904637209,8.481302491040307,0.998,3.0728,496.0,-0.0003948513142315,0.002707789689115,0.9330135213381849,discharge
3.5553172860405993,-1.0078873128211256,8.484010280729423,0.998,3.0724,497.0,-0.0003948513142315,0.0027077896891167,0.9328735369891821,discharge
3.554922434726368,-1.0078918351785304,8.48671807041854,0.998,3.072,498.0,-0.0003948513142311,0.0027077896891167,0.9327335520120739,discharge
3.5545275834121366,-1.0078963575359352,8.489425860107657,0.998,3.0716,499.0,-0.0003948513142315,0.0027077896891167,0.9325935664068605,discharge
3.554132732097905,-1.00790087989334,8.492133649796774,0.998,3.0711999999999997,500.0,-0.0003948513142315,0.0027077896891167,0.9324535801735421,discharge
3.5537378807836735,-1.0079054022507448,8.494841439485889,0.998,3.0708,501.0,-0.0003948513142315,0.002707789689115,0.9323135933121184,discharge
3.5533430294694424,-1.0079099246081495,8.497549229175005,0.998,3.0704,502.0,-0.0003948513142311,0.0027077896891167,0.9321736058225895,discharge
3.552948178155211,-1.0079144469655543,8.500257018864122,0.998,3.07,503.0,-0.0003948513142315,0.0027077896891167,0.9320336177049553,discharge
3.5525575208233,-1.0077992000552405,8.503879431259493,0.998,3.0696,504.0,-0.0003906573319105,0.0036224123953711,0.9318936455938366,discharge
3.552166863491389,-1.007683953144926,8.507501843654866,0.998,3.0692,505.0,-0.000390657331911,0.0036224123953729,0.9317536894892331,discharge
3.551776206159478,-1.007568706234612,8.511124256050238,0.998,3.0688,506.0,-0.0003906573319105,0.0036224123953711,0.9316137493911449,discharge
3.5513855488275676,-1.0074534593242976,8.51474666844561,0.998,3.0684,507.0,-0.000390657331911,0.0036224123953729,0.9314738252995721,discharge
3.550994891495657,-1.0073382124139836,8.518369080840982,0.998,3.068,508.0,-0.0003906573319105,0.0036224123953711,0.9313339172145146,discharge
3.550604234163746,-1.0072229655036695,8.521991493236353,0.998,3.0676,509.0,-0.000390657331911,0.0036224123953711,0.9311940251359725,discharge
3.5502135768318355,-1.0071077185933552,8.525613905631726,0.998,3.0672,510.0,-0.0003906573319105,0.0036224123953729,0.9310541490639456,discharge
3.5498229194999245,-1.0069924716830412,8.529236318027097,0.998,3.0667999999999997,511.0,-0.000390657331911,0.0036224123953711,0.9309142889984341,discharge
3.549432262168014,-1.006877224772727,8.53285873042247,0.998,3.0664,512.0,-0.0003906573319105,0.0036224123953729,0.9307744449394378,discharge
3.549041604836103,-1.0067619778624128,8.536481142817841,0.998,3.066,513.0,-0.000390657331911,0.0036224123953711,0.9306346168869569,discharge
3.5486509475041923,-1.0066467309520988,8.540103555213213,0.998,3.0656,514.0,-0.0003906573319105,0.0036224123953711,0.9304948048409913,discharge
3.5482602901722813,-1.0065314840417845,8.543725967608585,0.998,3.0652,515.0,-0.000390657331911,0.0036224123953729,0.9303550088015411,discharge
3.5478696328403707,-1.0064162371314704,8.547348380003957,0.998,3.0648,516.0,-0.0003906573319105,0.0036224123953711,0.9302152287686062,discharge
3.5474789755084597,-1.0063009902211562,8.55097079239933,0.998,3.0644,517.0,-0.000390657331911,0.0036224123953729,0.9300754647421866,discharge
3.547088318176549,-1.006185743310842,8.5545932047947,0.998,3.064,518.0,-0.0003906573319105,0.0036224123953711,0.9299357167222824,discharge
3.5467275354858696,-1.006129240919289,8.558308506216031,0.998,3.0636,519.0,-0.0003607826906795,0.0037153014213302,0.9297959765499324,discharge
3.5463667527951905,-1.0060727385277357,8.56202380763736,0.998,3.0632,520.0,-0.000360782690679,0.0037153014213284,0.9296562442251369,discharge
3.546005970104511,-1.0060162361361826,8.56573910905869,0.998,3.0628,521.0,-0.0003607826906795,0.0037153014213302,0.9295165197478957,discharge
3.5456451874138315,-1.005959733744629,8.569454410480018,0.998,3.0624,522.0,-0.0003607826906795,0.0037153014213284,0.929376803118209,discharge
3.5452844047231524,-1.0059032313530762,8.573169711901349,0.998,3.062,523.0,-0.000360782690679,0.0037153014213302,0.9292370943360766,discharge
3.544923622032473,-1.005846728961523,8.576885013322679,0.998,3.0616,524.0,-0.0003607826906795,0.0037153014213302,0.9290973934014987,discharge
3.5445628393417934,-1.00579022656997,8.580600314744007,0.998,3.0612,525.0,-0.0003607826906795,0.0037153014213284,0.928957700314475,discharge
3.5442020566511143,-1.0057337241784166,8.584315616165338,0.998,3.0608,526.0,-0.000360782690679,0.0037153014213302,0.9288180150750058,discharge
3.543841273960435,-1.0056772217868637,8.588030917586666,0.998,3.0604,527.0,-0.0003607826906795,0.0037153014213284,0.9286783376830909,discharge
3.5434804912697553,-1.0056207193953102,8.591746219007996,0.998,3.06,528.0,-0.0003607826906795,0.0037153014213302,0.9285386681387305,discharge
3.543119708579076,-1.005564217003757,8.595461520429327,0.998,3.0596,529.0,-0.000360782690679,0.0037153014213302,0.9283990064419244,discharge
3.5427589258883967,-1.0055077146122038,8.599176821850655,0.998,3.0591999999999997,530.0,-0.0003607826906795,0.0037153014213284,0.9282593525926728,discharge
3.542398143197717,-1.0054512122206507,8.602892123271985,0.998,3.0587999999999997,531.0,-0.0003607826906795,0.0037153014213302,0.9281197065909754,discharge
3.542037360507038,-1.0053947098290974,8.606607424693314,0.998,3.0584,532.0,-0.000360782690679,0.0037153014213284,0.9279800684368325,discharge
3.5416765778163586,-1.0053382074375443,8.610322726114644,0.998,3.058,533.0,-0.0003607826906795,0.0037153014213302,0.927840438130244,discharge
3.5412953153290165,-1.005574244429945,8.61279246317747,0.998,3.0576666666666665,534.0,-0.000381262487342,0.0024697370628263,0.9277007750407398,discharge
3.540914052841675,-1.0058102814223455,8.615262200240297,0.998,3.0573333333333332,535.0,-0.0003812624873416,0.0024697370628263,0.92756107916832,discharge
3.540532790354333,-1.006046318414746,8.617731937303121,0.998,3.057,536.0,-0.000381262487342,0.0024697370628246,0.9274213505129847,discharge
3.540151527866991,-1.0062823554071467,8.620201674365948,0.998,3.056666666666666,537.0,-0.000381262487342,0.0024697370628263,0.9272815890747337,discharge
3.5397702653796492,-1.006518392399547,8.622671411428774,0.998,3.0563333333333333,538.0,-0.0003812624873416,0.0024697370628263,0.9271417948535671,discharge
3.539389002892307,-1.006754429391948,8.6251411484916,0.998,3.056,539.0,-0.000381262487342,0.0024697370628263,0.9270019678494849,discharge
3.539007740404965,-1.0069904663843483,8.627610885554427,0.998,3.0556666666666668,540.0,-0.000381262487342,0.0024697370628263,0.926862108062487,discharge
3.5386264779176235,-1.007226503376749,8.630080622617252,0.998,3.055333333333333,541.0,-0.0003812624873416,0.0024697370628246,0.9267222154925736,discharge
3.5382452154302815,-1.0074625403691495,8.632550359680078,0.998,3.0549999999999997,542.0,-0.000381262487342,0.0024697370628263,0.9265822901397445,discharge
3.537863952942939,-1.00769857736155,8.635020096742904,0.998,3.0546666666666664,543.0,-0.000381262487342,0.0024697370628263,0.9264423320039998,discharge
3.537482690455598,-1.0079346143539507,8.63748983380573,0.998,3.054333333333333,544.0,-0.0003812624873416,0.0024697370628263,0.9263023410853396,discharge
3.537101427968256,-1.0081706513463513,8.639959570868557,0.998,3.054,545.0,-0.000381262487342,0.0024697370628263,0.9261623173837636,discharge
3.5367201654809137,-1.008406688338752,8.642429307931382,0.998,3.0536666666666665,546.0,-0.000381262487342,0.0024697370628246,0.9260222608992722,discharge
3.536338902993572,-1.0086427253311523,8.644899044994208,0.998,3.0533333333333332,547.0,-0.0003812624873416,0.0024697370628263,0.925882171631865,discharge
3.53595764050623,-1.0088787623235531,8.647368782057034,0.998,3.053,548.0,-0.000381262487342,0.0024697370628263,0.9257420495815424,discharge
3.535598039121556,-1.0087173678412782,8.650421468967581,0.998,3.052666666666666,549.0,-0.000359601384674,0.0030526869105464,0.92560194994712,discharge
3.535238437736882,-1.0085559733590037,8.653474155878127,0.998,3.0523333333333333,550.0,-0.000359601384674,0.0030526869105464,0.9254618727285979,discharge
3.534878836352208,-1.0083945788767286,8.656526842788672,0.998,3.052,551.0,-0.000359601384674,0.0030526869105447,0.9253218179259761,discharge
3.534519234967534,-1.008233184394454,8.659579529699219,0.998,3.0516666666666667,552.0,-0.000359601384674,0.0030526869105464,0.9251817855392547,discharge
3.53415963358286,-1.008071789912179,8.662632216609765,0.998,3.0513333333333335,553.0,-0.000359601384674,0.0030526869105464,0.9250417755684335,discharge
3.5338000321981857,-1.007910395429904,8.665684903520312,0.998,3.051,554.0,-0.000359601384674,0.0030526869105464,0.9249017880135127,discharge
3.5334404308135117,-1.007749000947629,8.668737590430858,0.998,3.050666666666667,555.0,-0.000359601384674,0.0030526869105464,0.9247618228744922,discharge
3.533080829428837,-1.0075876064653544,8.671790277341403,0.998,3.050333333333333,556.0,-0.0003596013846745,0.0030526869105447,0.924621880151372,discharge
3.532721228044163,-1.0074262119830797,8.67484296425195,0.998,3.05,557.0,-0.000359601384674,0.0030526869105464,0.9244819598441522,discharge
3.532361626659489,-1.0072648175008048,8.677895651162496,0.998,3.0496666666666665,558.0,-0.000359601384674,0.0030526869105464,0.9243420619528326,discharge
3.532002025274815,-1.0071034230185298,8.680948338073042,0.998,3.0493333333333332,559.0,-0.000359601384674,0.0030526869105464,0.9242021864774134,discharge
3.531642423890141,-1.0069420285362551,8.684001024983589,0.998,3.049,560.0,-0.000359601384674,0.0030526869105464,0.9240623334178945,discharge
3.531282822505467,-1.0067806340539802,8.687053711894134,0.998,3.048666666666666,561.0,-0.000359601384674,0.0030526869105447,0.9239225027742758,discharge
3.530923221120793,-1.0066192395717055,8.69010639880468,0.998,3.0483333333333333,562.0,-0.000359601384674,0.0030526869105464,0.9237826945465575,discharge
3.5305636197361188,-1.0064578450894306,8.693159085715227,0.998,3.048,563.0,-0.000359601384674,0.0030526869105464,0.9236429087347395,discharge
3.5301958930520976,-1.0064104499862014,8.694757305591844,0.998,3.0476,564.0,-0.0003677266840211,0.0015982198766177,0.9235031295055748,discharge
3.529828166368077,-1.006363054882972,8.69635552546846,0.998,3.0472,565.0,-0.0003677266840207,0.001598219876616,0.9233633568590632,discharge
3.5294604396840557,-1.006315659779743,8.697953745345078,0.998,3.0468,566.0,-0.0003677266840211,0.0015982198766177,0.923223590795205,discharge
3.529092713000035,-1.0062682646765138,8.699551965221696,0.998,3.0464,567.0,-0.0003677266840207,0.0015982198766177,0.923083831314,discharge
3.5287249863160137,-1.0062208695732846,8.701150185098314,0.998,3.046,568.0,-0.0003677266840211,0.0015982198766177,0.922944078415448,discharge
3.528357259631993,-1.0061734744700552,8.70274840497493,0.998,3.0456,569.0,-0.0003677266840207,0.001598219876616,0.9228043320995494,discharge
3.527989532947972,-1.006126079366826,8.704346624851548,0.998,3.0452,570.0,-0.0003677266840211,0.0015982198766177,0.922664592366304,discharge
3.527621806263951,-1.006078684263597,8.705944844728165,0.998,3.0448,571.0,-0.0003677266840207,0.0015982198766177,0.9225248592157119,discharge
3.52725407957993,-1.0060312891603678,8.707543064604783,0.998,3.0444,572.0,-0.0003677266840211,0.0015982198766177,0.922385132647773,discharge
3.526886352895909,-1.0059838940571384,8.7091412844814,0.998,3.044,573.0,-0.0003677266840207,0.001598219876616,0.9222454126624873,discharge
3.526518626211888,-1.0059364989539092,8.710739504358017,0.998,3.0436,574.0,-0.0003677266840211,0.0015982198766177,0.9221056992598547,discharge
3.526150899527867,-1.00588910385068,8.712337724234635,0.998,3.0431999999999997,575.0,-0.0003677266840207,0.0015982198766177,0.9219659924398755,discharge
3.525783172843846,-1.005841708747451,8.713935944111252,0.998,3.0427999999999997,576.0,-0.0003677266840211,0.0015982198766177,0.9218262922025494,discharge
3.5254154461598253,-1.0057943136442216,8.715534163987869,0.998,3.0424,577.0,-0.0003677266840207,0.001598219876616,0.9216865985478766,discharge
3.525047719475804,-1.0057469185409924,8.717132383864486,0.998,3.042,578.0,-0.0003677266840211,0.0015982198766177,0.9215469114758571,discharge
3.5246856897393277,-1.0057186668806748,8.7216235482523,0.998,3.0416666666666665,579.0,-0.0003620297364763,0.0044911643878133,0.9214072283276792,discharge
3.524323660002851,-1.0056904152203572,8.726114712640111,0.998,3.041333333333333,580.0,-0.0003620297364768,0.0044911643878116,0.9212675491033431,discharge
3.5239616302663745,-1.0056621635600396,8.730605877027925,0.998,3.041,581.0,-0.0003620297364763,0.0044911643878133,0.9211278738028486,discharge
3.523599600529898,-1.0056339118997215,8.735097041415736,0.998,3.040666666666666,582.0,-0.0003620297364763,0.0044911643878116,0.9209882024261958,discharge
3.523237570793422,-1.005605660239404,8.73958820580355,0.998,3.0403333333333333,583.0,-0.0003620297364768,0.0044911643878133,0.9208485349733848,discharge
3.522875541056945,-1.0055774085790865,8.744079370191361,0.998,3.04,584.0,-0.0003620297364763,0.0044911643878116,0.9207088714444155,discharge
3.5225135113204686,-1.005549156918769,8.748570534579175,0.998,3.0396666666666667,585.0,-0.0003620297364763,0.0044911643878133,0.9205692118392879,discharge
3.522151481583992,-1.0055209052584513,8.753061698966986,0.998,3.039333333333333,586.0,-0.0003620297364768,0.0044911643878116,0.920429556158002,discharge
3.5217894518475155,-1.0054926535981337,8.7575528633548,0.998,3.0389999999999997,587.0,-0.0003620297364763,0.0044911643878133,0.9202899044005578,discharge
3.521427422111039,-1.005464401937816,8.762044027742611,0.998,3.0386666666666664,588.0,-0.0003620297364763,0.0044911643878116,0.9201502565669554,discharge
3.5210653923745623,-1.0054361502774984,8.766535192130425,0.998,3.038333333333333,589.0,-0.0003620297364768,0.0044911643878133,0.9200106126571945,discharge
3.520703362638086,-1.0054078986171806,8.771026356518236,0.998,3.038,590.0,-0.0003620297364763,0.0044911643878116,0.9198709726712755,discharge
3.5203413329016096,-1.005379646956863,8.77551752090605,0.998,3.0376666666666665,591.0,-0.0003620297364763,0.0044911643878133,0.9197313366091981,discharge
3.5199793031651327,-1.0053513952965454,8.780008685293861,0.998,3.037333333333333,592.0,-0.0003620297364768,0.0044911643878116,0.9195917044709625,discharge
3.5196172734286564,-1.0053231436362278,8.784499849681675,0.998,3.037,593.0,-0.0003620297364763,0.0044911643878133,0.9194520762565687,discharge
3.5192766300771012,-1.005267408978125,8.788690461682789,0.998,3.036666666666666,594.0,-0.0003406433515551,0.0041906120011141,0.9193124557830994,discharge
3.5189359867255456,-1.0052116743200226,8.792881073683903,0.998,3.0363333333333333,595.0,-0.0003406433515555,0.0041906120011141,0.919172843050555,discharge
3.5185953433739905,-1.00515593966192,8.797071685685017,0.998,3.036,596.0,-0.0003406433515551,0.0041906120011141,0.9190332380589352,discharge
3.5182547000224353,-1.0051002050038174,8.801262297686133,0.998,3.0356666666666667,597.0,-0.0003406433515551,0.0041906120011159,0.9188936408082403,discharge
3.51791405667088,-1.0050444703457146,8.805452909687247,0.998,3.0353333333333334,598.0,-0.0003406433515551,0.0041906120011141,0.9187540512984701,discharge
3.5175734133193246,-1.004988735687612,8.809643521688361,0.998,3.035,599.0,-0.0003406433515555,0.0041906120011141,0.9186144695296246,discharge
3.5172327699677695,-1.0049330010295094,8.813834133689475,0.998,3.034666666666667,600.0,-0.0003406433515551,0.0041906120011141,0.9184748955017038,discharge
3.5168921266162143,-1.0048772663714067,8.81802474569059,0.998,3.034333333333333,601.0,-0.0003406433515551,0.0041906120011141,0.9183353292147077,discharge
3.516551483264659,-1.0048215317133042,8.822215357691704,0.998,3.034,602.0,-0.0003406433515551,0.0041906120011141,0.9181957706686364,discharge
3.5162108399131036,-1.0047657970552015,8.826405969692818,0.998,3.0336666666666665,603.0,-0.0003406433515555,0.0041906120011141,0.91805621986349,discharge
3.5158701965615484,-1.0047100623970988,8.830596581693932,0.998,3.033333333333333,604.0,-0.0003406433515551,0.0041906120011141,0.9179166767992681,discharge
3.5155295532099933,-1.0046543277389963,8.834787193695048,0.998,3.033,605.0,-0.0003406433515551,0.0041906120011159,0.917777141475971,discharge
3.515188909858438,-1.0045985930808936,8.838977805696162,0.998,3.0326666666666666,606.0,-0.0003406433515551,0.0041906120011141,0.9176376138935987,discharge
3.5148482665068825,-1.0045428584227911,8.843168417697276,0.998,3.0323333333333333,607.0,-0.0003406433515555,0.0041906120011141,0.9174980940521511,discharge
3.5145076231553274,-1.0044871237646884,8.84735902969839,0.998,3.032,608.0,-0.0003406433515551,0.0041906120011141,0.9173585819516282,discharge
3.5141649878320047,-1.0045693096178807,8.849277113772539,0.998,3.0316666666666667,609.0,-0.0003426353233226,0.0019180840741483,0.9172190584364035,discharge
3.5138223525086816,-1.004651495471073,8.851195197846689,0.998,3.0313333333333334,610.0,-0.0003426353233231,0.0019180840741501,0.9170795235064769,discharge
3.513479717185359,-1.004733681324265,8.853113281920837,0.998,3.031,611.0,-0.0003426353233226,0.0019180840741483,0.9169399771618486,discharge
3.513137081862036,-1.0048158671774574,8.855031365994988,0.998,3.030666666666667,612.0,-0.0003426353233226,0.0019180840741501,0.9168004194025183,discharge
3.512794446538713,-1.0048980530306495,8.856949450069136,0.998,3.0303333333333335,613.0,-0.0003426353233231,0.0019180840741483,0.9166608502284863,discharge
3.5124518112153904,-1.004980238883842,8.858867534143286,0.998,3.03,614.0,-0.0003426353233226,0.0019180840741501,0.9165212696397524,discharge
3.5121091758920677,-1.0050624247370343,8.860785618217434,0.998,3.029666666666667,615.0,-0.0003426353233226,0.0019180840741483,0.9163816776363167,discharge
3.5117665405687446,-1.0051446105902264,8.862703702291585,0.998,3.029333333333333,616.0,-0.0003426353233231,0.0019180840741501,0.9162420742181792,discharge
3.511423905245422,-1.0052267964434187,8.864621786365733,0.998,3.029,617.0,-0.0003426353233226,0.0019180840741483,0.9161024593853399,discharge
3.5110812699220992,-1.005308982296611,8.866539870439883,0.998,3.0286666666666666,618.0,-0.0003426353233226,0.0019180840741501,0.9159628331377987,discharge
3.510738634598776,-1.0053911681498031,8.868457954514032,0.998,3.0283333333333333,619.0,-0.0003426353233231,0.0019180840741483,0.9158231954755557,discharge
3.5103959992754534,-1.0054733540029956,8.870376038588182,0.998,3.028,620.0,-0.0003426353233226,0.0019180840741501,0.9156835463986108,discharge
3.5100533639521307,-1.0055555398561875,8.87229412266233,0.998,3.0276666666666667,621.0,-0.0003426353233226,0.0019180840741483,0.9155438859069641,discharge
3.5097107286288076,-1.00563772570938,8.87421220673648,0.998,3.0273333333333334,622.0,-0.0003426353233231,0.0019180840741501,0.9154042140006156,discharge
3.509368093305485,-1.0057199115625723,8.876130290810629,0.998,3.027,623.0,-0.0003426353233226,0.0019180840741483,0.9152645306795653,discharge
3.5090093544839016,-1.0056647297106345,8.871528008171639,0.998,3.026666666666667,624.0,-0.0003587388215833,-0.0046022826389897,0.9151248550226609,discharge
3.5086506156623183,-1.0056095478586964,8.86692572553265,0.998,3.0263333333333335,625.0,-0.0003587388215833,-0.0046022826389897,0.9149851870299028,discharge
3.508291876840735,-1.0055543660067583,8.86232344289366,0.998,3.026,626.0,-0.0003587388215833,-0.0046022826389897,0.9148455267012907,discharge
3.5079331380191516,-1.0054991841548204,8.857721160254671,0.998,3.0256666666666665,627.0,-0.0003587388215833,-0.0046022826389879,0.9147058740368248,discharge
3.5075743991975683,-1.0054440023028826,8.853118877615682,0.998,3.025333333333333,628.0,-0.0003587388215833,-0.0046022826389897,0.914566229036505,discharge
3.507215660375985,-1.0053888204509445,8.848516594976692,0.998,3.025,629.0,-0.0003587388215833,-0.0046022826389897,0.9144265917003312,discharge
3.5068569215544017,-1.0053336385990066,8.843914312337702,0.998,3.0246666666666666,630.0,-0.0003587388215833,-0.0046022826389897,0.9142869620283036,discharge
3.5064981827328183,-1.0052784567470685,8.839312029698712,0.998,3.0243333333333333,631.0,-0.0003587388215833,-0.0046022826389897,0.9141473400204221,discharge
3.506139443911235,-1.0052232748951306,8.834709747059723,0.998,3.024,632.0,-0.0003587388215833,-0.0046022826389897,0.9140077256766866,discharge
3.5057807050896517,-1.0051680930431923,8.830107464420733,0.998,3.0236666666666667,633.0,-0.0003587388215833,-0.0046022826389897,0.9138681189970973,discharge
3.5054219662680683,-1.005112911191255,8.825505181781743,0.998,3.0233333333333334,634.0,-0.0003587388215833,-0.0046022826389897,0.913728519981654,discharge
3.505063227446485,-1.0050577293393166,8.820902899142755,0.998,3.0229999999999997,635.0,-0.0003587388215833,-0.0046022826389879,0.9135889286303569,discharge
3.5047044886249017,-1.0050025474873787,8.816300616503765,0.998,3.0226666666666664,636.0,-0.0003587388215833,-0.0046022826389897,0.913449344943206,discharge
3.5043457498033184,-1.0049473656354406,8.811698333864776,0.998,3.022333333333333,637.0,-0.0003587388215833,-0.0046022826389897,0.913309768920201,discharge
3.503987010981735,-1.0048921837835028,8.807096051225786,0.998,3.022,638.0,-0.0003587388215833,-0.0046022826389897,0.9131702005613421,discharge
3.5036114099559534,-1.0049770122167316,8.785910498472127,0.998,3.0216,639.0,-0.0003756010257816,-0.0211855527536588,0.9130306204207566,discharge
3.5032358089301723,-1.0050618406499607,8.764724945718468,0.998,3.0212,640.0,-0.0003756010257811,-0.0211855527536588,0.912891028498444,discharge
3.5028602079043907,-1.0051466690831896,8.743539392964808,0.998,3.0208,641.0,-0.0003756010257816,-0.0211855527536606,0.9127514247944046,discharge
3.502484606878609,-1.0052314975164187,8.722353840211149,0.998,3.0204,642.0,-0.0003756010257816,-0.0211855527536588,0.9126118093086385,discharge
3.502109005852828,-1.0053163259496476,8.70116828745749,0.998,3.02,643.0,-0.0003756010257811,-0.0211855527536588,0.9124721820411456,discharge
3.5017334048270463,-1.0054011543828765,8.679982734703831,0.998,3.0196,644.0,-0.0003756010257816,-0.0211855527536588,0.9123325429919257,discharge
3.5013578038012647,-1.0054859828161056,8.658797181950172,0.998,3.0192,645.0,-0.0003756010257816,-0.0211855527536588,0.912192892160979,discharge
3.5009822027754836,-1.0055708112493345,8.637611629196511,0.998,3.0187999999999997,646.0,-0.0003756010257811,-0.0211855527536606,0.9120532295483055,discharge
3.500606601749702,-1.0056556396825636,8.616426076442853,0.998,3.0183999999999997,647.0,-0.0003756010257816,-0.0211855527536588,0.9119135551539052,discharge
3.5002310007239203,-1.0057404681157924,8.595240523689194,0.998,3.018,648.0,-0.0003756010257816,-0.0211855527536588,0.9117738689777779,discharge
3.499855399698139,-1.0058252965490213,8.574054970935535,0.998,3.0176,649.0,-0.0003756010257811,-0.0211855527536588,0.9116341710199238,discharge
3.4994797986723576,-1.0059101249822504,8.552869418181876,0.998,3.0172,650.0,-0.0003756010257816,-0.0211855527536588,0.9114944612803431,discharge
3.499104197646576,-1.0059949534154793,8.531683865428215,0.998,3.0168,651.0,-0.0003756010257816,-0.0211855527536606,0.9113547397590354,discharge
3.498728596620795,-1.0060797818487084,8.510498312674557,0.998,3.0164,652.0,-0.0003756010257811,-0.0211855527536588,0.9112150064560007,discharge
3.4983529955950132,-1.0061646102819373,8.489312759920898,0.998,3.016,653.0,-0.0003756010257816,-0.0211855527536588,0.9110752613712394,discharge
3.4979421662560948,-1.0061355360172208,8.478029183904148,0.998,3.0156666666666667,654.0,-0.0004108293389184,-0.0112835760167495,0.9109355203245704,discharge
3.4975313369171768,-1.0061064617525044,8.466745607887397,0.998,3.0153333333333334,655.0,-0.000410829338918,-0.0112835760167513,0.9107957833159935,discharge
3.4971205075782583,-1.0060773874877875,8.455462031870647,0.998,3.015,656.0,-0.0004108293389184,-0.0112835760167495,0.9106560503455091,discharge
3.4967096782393403,-1.006048313223071,8.444178455853898,0.998,3.014666666666667,657.0,-0.000410829338918,-0.0112835760167495,0.910516321413117,discharge
3.496298848900422,-1.0060192389583549,8.432894879837146,0.998,3.0143333333333335,658.0,-0.0004108293389184,-0.0112835760167513,0.9103765965188173,discharge
3.495888019561504,-1.0059901646936384,8.421611303820397,0.998,3.014,659.0,-0.000410829338918,-0.0112835760167495,0.9102368756626098,discharge
3.4954771902225854,-1.005961090428922,8.410327727803647,0.998,3.013666666666667,660.0,-0.0004108293389184,-0.0112835760167495,0.9100971588444947,discharge
3.4950663608836674,-1.0059320161642054,8.399044151786896,0.998,3.013333333333333,661.0,-0.000410829338918,-0.0112835760167513,0.9099574460644718,discharge
3.494655531544749,-1.005902941899489,8.387760575770146,0.998,3.013,662.0,-0.0004108293389184,-0.0112835760167495,0.9098177373225413,discharge
3.494244702205831,-1.0058738676347725,8.376476999753397,0.998,3.0126666666666666,663.0,-0.000410829338918,-0.0112835760167495,0.9096780326187032,discharge
3.4938338728669125,-1.005844793370056,8.365193423736645,0.998,3.0123333333333333,664.0,-0.0004108293389184,-0.0112835760167513,0.9095383319529573,discharge
3.4934230435279945,-1.0058157191053396,8.353909847719896,0.998,3.012,665.0,-0.000410829338918,-0.0112835760167495,0.9093986353253039,discharge
3.493012214189076,-1.005786644840623,8.342626271703146,0.998,3.0116666666666667,666.0,-0.0004108293389184,-0.0112835760167495,0.9092589427357426,discharge
3.492601384850158,-1.0057575705759063,8.331342695686395,0.998,3.0113333333333334,667.0,-0.000410829338918,-0.0112835760167513,0.9091192541842738,discharge
3.4921905555112396,-1.00572849631119,8.320059119669645,0.998,3.011,668.0,-0.0004108293389184,-0.0112835760167495,0.9089795696708972,discharge
3.4917736108366353,-1.0056767226166634,8.311720576279999,0.998,3.0106,669.0,-0.0004169446746042,-0.0083385433896463,0.9088398923483115,discharge
3.4913566661620306,-1.0056249489221365,8.303382032890353,0.998,3.0102,670.0,-0.0004169446746047,-0.0083385433896463,0.9087002222165168,discharge
3.4909397214874263,-1.0055731752276098,8.295043489500706,0.998,3.0098000000000003,671.0,-0.0004169446746042,-0.0083385433896463,0.9085605592755129,discharge
3.490522776812822,-1.005521401533083,8.28670494611106,0.998,3.0094,672.0,-0.0004169446746042,-0.0083385433896463,0.9084209035253,discharge
3.4901058321382177,-1.0054696278385562,8.278366402721414,0.998,3.009,673.0,-0.0004169446746042,-0.0083385433896463,0.9082812549658781,discharge
3.489688887463613,-1.0054178541440295,8.270027859331767,0.998,3.0086,674.0,-0.0004169446746047,-0.0083385433896463,0.9081416135972469,discharge
3.4892719427890087,-1.0053660804495026,8.261689315942121,0.998,3.0082,675.0,-0.0004169446746042,-0.0083385433896463,0.9080019794194067,discharge
3.4888549981144044,-1.005314306754976,8.253350772552476,0.998,3.0078,676.0,-0.0004169446746042,-0.0083385433896445,0.9078623524323574,discharge
3.4884380534398,-1.005262533060449,8.24501222916283,0.998,3.0074,677.0,-0.0004169446746042,-0.0083385433896463,0.907722732636099,discharge
3.4880211087651953,-1.0052107593659223,8.236673685773184,0.998,3.007,678.0,-0.0004169446746047,-0.0083385433896463,0.9075831200306315,discharge
3.487604164090591,-1.0051589856713956,8.228335142383537,0.998,3.0066,679.0,-0.0004169446746042,-0.0083385433896463,0.907443514615955,discharge
3.4871872194159867,-1.0051072119768687,8.219996598993891,0.998,3.0062,680.0,-0.0004169446746042,-0.0083385433896463,0.9073039163920693,discharge
3.4867702747413825,-1.005055438282342,8.211658055604245,0.998,3.0058,681.0,-0.0004169446746042,-0.0083385433896463,0.9071643253589745,discharge
3.4863533300667777,-1.005003664587815,8.203319512214598,0.998,3.0054,682.0,-0.0004169446746047,-0.0083385433896463,0.9070247415166706,discharge
3.4859363853921734,-1.0049518908932884,8.194980968824952,0.998,3.005,683.0,-0.0004169446746042,-0.0083385433896463,0.9068851648651577,discharge
3.4854897694538485,-1.0050504092063892,8.185710925165166,0.998,3.0045333333333333,684.0,-0.0004466159383249,-0.0092700436597858,0.9067455745305457,discharge
3.485043153515524,-1.00514892751949,8.176440881505378,0.998,3.0040666666666667,685.0,-0.0004466159383245,-0.0092700436597876,0.9066059705128346,discharge
3.484596537577199,-1.0052474458325908,8.167170837845593,0.998,3.0036,686.0,-0.0004466159383249,-0.0092700436597858,0.9064663528120246,discharge
3.484149921638874,-1.005345964145692,8.157900794185805,0.998,3.0031333333333334,687.0,-0.0004466159383249,-0.0092700436597876,0.9063267214281154,discharge
3.4837033057005495,-1.0054444824587927,8.148630750526019,0.998,3.002666666666667,688.0,-0.0004466159383245,-0.0092700436597858,0.9061870763611073,discharge
3.4832566897622246,-1.0055430007718935,8.139360706866231,0.998,3.0022,689.0,-0.0004466159383249,-0.0092700436597876,0.906047417611,discharge
3.4828100738238996,-1.0056415190849943,8.130090663206445,0.998,3.0017333333333336,690.0,-0.0004466159383249,-0.0092700436597858,0.9059077451777938,discharge
3.482363457885575,-1.0057400373980951,8.120820619546658,0.998,3.0012666666666665,691.0,-0.0004466159383245,-0.0092700436597876,0.9057680590614885,discharge
3.48191684194725,-1.005838555711196,8.111550575886872,0.998,3.0008,692.0,-0.0004466159383249,-0.0092700436597858,0.9056283592620842,discharge
3.481470226008925,-1.0059370740242968,8.102280532227084,0.998,3.0003333333333333,693.0,-0.0004466159383249,-0.0092700436597876,0.9054886457795808,discharge
3.4810236100706007,-1.0060355923373976,8.093010488567298,0.998,2.9998666666666667,694.0,-0.0004466159383245,-0.0092700436597858,0.9053489186139784,discharge
3.4805769941322757,-1.0061341106504986,8.08374044490751,0.998,2.9994,695.0,-0.0004466159383249,-0.0092700436597876,0.9052091777652769,discharge
3.4801303781939508,-1.0062326289635994,8.074470401247725,0.998,2.9989333333333335,696.0,-0.0004466159383249,-0.0092700436597858,0.9050694232334764,discharge
3.4796837622556263,-1.0063311472767005,8.065200357587937,0.998,2.998466666666667,697.0,-0.0004466159383245,-0.0092700436597876,0.9049296550185769,discharge
3.4792371463173013,-1.006429665589801,8.055930313928151,0.998,2.998,698.0,-0.0004466159383249,-0.0092700436597858,0.9047898731205783,discharge
3.4787518499845964,-1.006367021038828,8.050149029848116,0.998,2.9975714285714288,699.0,-0.0004852963327048,-0.0057812840800348,0.9046500999232118,discharge
3.478266553651891,-1.0063043764878548,8.044367745768083,0.998,2.9971428571428573,700.0,-0.0004852963327053,-0.005781284080033,0.9045103354264774,discharge
3.477781257319186,-1.0062417319368815,8.038586461688048,0.998,2.996714285714286,701.0,-0.0004852963327048,-0.0057812840800348,0.904370579630375,discharge
3.4772959609864813,-1.0061790873859084,8.032805177608015,0.998,2.9962857142857144,702.0,-0.0004852963327048,-0.005781284080033,0.9042308325349048,discharge
3.4768106646537764,-1.0061164428349354,8.02702389352798,0.998,2.995857142857143,703.0,-0.0004852963327048,-0.0057812840800348,0.9040910941400666,discharge
3.476325368321071,-1.006053798283962,8.021242609447947,0.998,2.9954285714285716,704.0,-0.0004852963327053,-0.005781284080033,0.9039513644458604,discharge
3.475840071988366,-1.0059911537329889,8.015461325367912,0.998,2.995,705.0,-0.0004852963327048,-0.0057812840800348,0.9038116434522865,discharge
3.4753547756556613,-1.0059285091820158,8.009680041287877,0.998,2.9945714285714287,706.0,-0.0004852963327048,-0.0057812840800348,0.9036719311593445,discharge
3.474869479322956,-1.0058658646310428,8.003898757207844,0.998,2.994142857142857,707.0,-0.0004852963327053,-0.005781284080033,0.9035322275670347,discharge
3.474384182990251,-1.0058032200800695,7.99811747312781,0.998,2.9937142857142858,708.0,-0.0004852963327048,-0.0057812840800339,0.9033925326753569,discharge
3.473898886657546,-1.0057405755290962,7.992336189047776,0.998,2.9932857142857143,709.0,-0.0004852963327048,-0.0057812840800348,0.9032528464843111,discharge
3.4734135903248413,-1.0056779309781232,7.986554904967742,0.998,2.992857142857143,710.0,-0.0004852963327048,-0.0057812840800339,0.9031131689938975,discharge
3.472928293992136,-1.00561528642715,7.980773620887708,0.998,2.992428571428571,711.0,-0.0004852963327053,-0.0057812840800339,0.9029735002041159,discharge
3.472442997659431,-1.0055526418761769,7.974992336807674,0.998,2.992,712.0,-0.0004852963327048,-0.0057812840800339,0.9028338401149665,discharge
3.471986902869363,-1.005634157641325,7.968885640476144,0.998,2.991533333333334,713.0,-0.000456094790068,-0.0061066963315301,0.902694168704183,discharge
3.471530808079295,-1.005715673406473,7.962778944144613,0.998,2.9910666666666668,714.0,-0.000456094790068,-0.0061066963315301,0.9025544859717654,discharge
3.471074713289227,-1.005797189171621,7.956672247813083,0.998,2.9906,715.0,-0.000456094790068,-0.0061066963315301,0.9024147919177138,discharge
3.4706186184991585,-1.0058787049367692,7.950565551481553,0.998,2.990133333333333,716.0,-0.0004560947900684,-0.0061066963315301,0.9022750865420281,discharge
3.4701625237090905,-1.0059602207019172,7.944458855150023,0.998,2.9896666666666665,717.0,-0.000456094790068,-0.0061066963315301,0.9021353698447084,discharge
3.4697064289190225,-1.0060417364670653,7.938352158818493,0.998,2.9892,718.0,-0.000456094790068,-0.0061066963315301,0.9019956418257546,discharge
3.4692503341289544,-1.0061232522322134,7.932245462486963,0.998,2.9887333333333332,719.0,-0.000456094790068,-0.0061066963315301,0.9018559024851669,discharge
3.4687942393388864,-1.0062047679973614,7.926138766155432,0.998,2.988266666666666,720.0,-0.000456094790068,-0.006106696331531,0.901716151822945,discharge
3.4683381445488184,-1.0062862837625095,7.920032069823901,0.998,2.9878,721.0,-0.000456094790068,-0.0061066963315301,0.901576389839089,discharge
3.4678820497587504,-1.0063677995276576,7.913925373492371,0.998,2.9873333333333334,722.0,-0.000456094790068,-0.0061066963315301,0.9014366165335992,discharge
3.4674259549686823,-1.0064493152928056,7.907818677160841,0.998,2.986866666666667,723.0,-0.000456094790068,-0.0061066963315301,0.9012968319064751,discharge
3.466969860178614,-1.0065308310579535,7.901711980829311,0.998,2.9863999999999997,724.0,-0.0004560947900684,-0.0061066963315301,0.9011570359577171,discharge
3.466513765388546,-1.006612346823102,7.895605284497781,0.998,2.985933333333333,725.0,-0.000456094790068,-0.0061066963315301,0.901017228687325,discharge
3.466057670598478,-1.0066938625882498,7.889498588166251,0.998,2.9854666666666665,726.0,-0.000456094790068,-0.0061066963315301,0.9008774100952989,discharge
3.4656015758084098,-1.006775378353398,7.88339189183472,0.998,2.985,727.0,-0.000456094790068,-0.0061066963315301,0.9007375801816386,discharge
3.4651215786611815,-1.006632986080929,7.8746182125721536,0.998,2.9846,728.0,-0.0004799971472282,-0.0087736792625667,0.900597770044683,discharge
3.4646415815139533,-1.00649059380846,7.865844533309586,0.998,2.9842,729.0,-0.0004799971472282,-0.0087736792625676,0.9004579796844318,discharge
3.464161584366725,-1.0063482015359912,7.857070854047019,0.998,2.9838,730.0,-0.0004799971472282,-0.0087736792625667,0.9003182091008851,discharge
3.463681587219497,-1.0062058092635224,7.848297174784451,0.998,2.9834,731.0,-0.0004799971472282,-0.0087736792625676,0.900178458294043,discharge
3.463201590072269,-1.0060634169910536,7.839523495521885,0.998,2.983,732.0,-0.0004799971472282,-0.0087736792625667,0.9000387272639053,discharge
3.4627215929250403,-1.0059210247185846,7.830749816259317,0.998,2.9826,733.0,-0.0004799971472282,-0.0087736792625676,0.8998990160104722,discharge
3.462241595777812,-1.0057786324461158,7.82197613699675,0.998,2.9822,734.0,-0.0004799971472282,-0.0087736792625667,0.8997593245337435,discharge
3.4617615986305834,-1.005636240173647,7.8132024577341825,0.998,2.9818,735.0,-0.0004799971472286,-0.0087736792625676,0.8996196528337195,discharge
3.461281601483355,-1.005493847901178,7.804428778471616,0.998,2.9814,736.0,-0.0004799971472282,-0.0087736792625667,0.8994800009103998,discharge
3.460801604336127,-1.005351455628709,7.795655099209048,0.998,2.981,737.0,-0.0004799971472282,-0.0087736792625676,0.8993403687637848,discharge
3.4603216071888987,-1.0052090633562405,7.786881419946481,0.998,2.9806,738.0,-0.0004799971472282,-0.0087736792625667,0.8992007563938742,discharge
3.4598416100416705,-1.0050666710837717,7.778107740683914,0.998,2.9802,739.0,-0.0004799971472282,-0.0087736792625676,0.899061163800668,discharge
3.459361612894442,-1.0049242788113026,7.769334061421347,0.998,2.9798,740.0,-0.0004799971472282,-0.0087736792625667,0.8989215909841665,discharge
3.458881615747214,-1.0047818865388336,7.760560382158779,0.998,2.9794,741.0,-0.0004799971472282,-0.0087736792625676,0.8987820379443694,discharge
3.4584016185999857,-1.0046394942663648,7.751786702896212,0.998,2.979,742.0,-0.0004799971472282,-0.0087736792625667,0.8986425046812769,discharge
3.4579271049177533,-1.0046407525748622,7.747438678464198,0.998,2.978466666666667,743.0,-0.0004745136822323,-0.0043480244320139,0.8985029712434193,discharge
3.4574525912355214,-1.0046420108833596,7.743090654032185,0.998,2.9779333333333335,744.0,-0.0004745136822319,-0.004348024432013,0.8983634376307965,discharge
3.456978077553289,-1.0046432691918568,7.738742629600171,0.998,2.9774000000000003,745.0,-0.0004745136822323,-0.0043480244320139,0.8982239038434088,discharge
3.456503563871057,-1.0046445275003542,7.734394605168158,0.998,2.9768666666666665,746.0,-0.0004745136822319,-0.004348024432013,0.898084369881256,discharge
3.4560290501888247,-1.0046457858088516,7.730046580736144,0.998,2.9763333333333333,747.0,-0.0004745136822323,-0.0043480244320139,0.897944835744338,discharge
3.4555545365065927,-1.004647044117349,7.725698556304131,0.998,2.9758,748.0,-0.0004745136822319,-0.004348024432013,0.8978053014326551,discharge
3.4550800228243603,-1.0046483024258464,7.721350531872117,0.998,2.9752666666666667,749.0,-0.0004745136822323,-0.0043480244320139,0.8976657669462071,discharge
3.4546055091421284,-1.0046495607343435,7.717002507440104,0.998,2.9747333333333335,750.0,-0.0004745136822319,-0.004348024432013,0.897526232284994,discharge
3.454130995459896,-1.004650819042841,7.71265448300809,0.998,2.9742,751.0,-0.0004745136822323,-0.0043480244320139,0.8973866974490158,discharge
3.453656481777664,-1.0046520773513383,7.708306458576077,0.998,2.973666666666667,752.0,-0.0004745136822319,-0.004348024432013,0.8972471624382725,discharge
3.4531819680954317,-1.0046533356598355,7.703958434144063,0.998,2.9731333333333336,753.0,-0.0004745136822323,-0.0043480244320139,0.8971076272527643,discharge
3.4527074544131997,-1.0046545939683331,7.69961040971205,0.998,2.9726,754.0,-0.0004745136822319,-0.004348024432013,0.8969680918924909,discharge
3.4522329407309673,-1.0046558522768303,7.695262385280036,0.998,2.972066666666666,755.0,-0.0004745136822323,-0.0043480244320139,0.8968285563574524,discharge
3.4517584270487354,-1.0046571105853277,7.690914360848023,0.998,2.971533333333334,756.0,-0.0004745136822319,-0.004348024432013,0.8966890206476489,discharge
3.451283913366503,-1.004658368893825,7.686566336416009,0.998,2.971,757.0,-0.0004745136822323,-0.0043480244320139,0.8965494847630804,discharge
3.4507960126483876,-1.0047948294850413,7.685380846626253,0.998,2.9705333333333335,758.0,-0.0004879007181153,-0.0011854897897558,0.8964099299256518,discharge
3.450308111930272,-1.0049312900762577,7.684195356836497,0.998,2.970066666666667,759.0,-0.0004879007181157,-0.0011854897897558,0.8962703561353635,discharge
3.4498202112121565,-1.0050677506674737,7.683009867046741,0.998,2.9696,760.0,-0.0004879007181153,-0.0011854897897558,0.8961307633922152,discharge
3.4493323104940408,-1.00520421125869,7.681824377256985,0.998,2.969133333333333,761.0,-0.0004879007181157,-0.0011854897897558,0.8959911516962071,discharge
3.4488444097759254,-1.005340671849906,7.68063888746723,0.998,2.9686666666666666,762.0,-0.0004879007181153,-0.0011854897897558,0.895851521047339,discharge
3.44835650905781,-1.0054771324411222,7.679453397677474,0.998,2.9682,763.0,-0.0004879007181153,-0.0011854897897558,0.8957118714456112,discharge
3.4478686083396943,-1.0056135930323384,7.678267907887718,0.998,2.9677333333333333,764.0,-0.0004879007181157,-0.0011854897897558,0.8955722028910232,discharge
3.447380707621579,-1.0057500536235549,7.677082418097962,0.998,2.9672666666666667,765.0,-0.0004879007181153,-0.0011854897897558,0.8954325153835756,discharge
3.4468928069034632,-1.005886514214771,7.675896928308206,0.998,2.9668,766.0,-0.0004879007181157,-0.0011854897897558,0.8952928089232679,discharge
3.446404906185348,-1.0060229748059872,7.67471143851845,0.998,2.9663333333333335,767.0,-0.0004879007181153,-0.0011854897897558,0.8951530835101005,discharge
3.445917005467233,-1.0061594353972034,7.673525948728694,0.998,2.965866666666667,768.0,-0.0004879007181153,-0.0011854897897558,0.8950133391440731,discharge
3.445429104749117,-1.0062958959884196,7.672340458938939,0.998,2.9654,769.0,-0.0004879007181157,-0.0011854897897558,0.8948735758251858,discharge
3.4449412040310015,-1.0064323565796358,7.671154969149183,0.998,2.964933333333333,770.0,-0.0004879007181153,-0.0011854897897558,0.8947337935534386,discharge
3.4444533033128857,-1.006568817170852,7.669969479359427,0.998,2.9644666666666666,771.0,-0.0004879007181157,-0.0011854897897558,0.8945939923288315,discharge
3.4439654025947704,-1.0067052777620682,7.668783989569671,0.998,2.964,772.0,-0.0004879007181153,-0.0011854897897558,0.8944541721513646,discharge
3.4435061352738465,-1.0066634897481923,7.682535120454284,0.998,2.963533333333334,773.0,-0.0004592673209238,0.0137511308846134,0.8943143577777884,discharge
3.4430468679529227,-1.0066217017343166,7.696286251338898,0.998,2.9630666666666667,774.0,-0.0004592673209238,0.0137511308846134,0.8941745492081031,discharge
3.4425876006319993,-1.0065799137204408,7.710037382223512,0.998,2.9626,775.0,-0.0004592673209233,0.0137511308846143,0.8940347464423086,discharge
3.4421283333110755,-1.0065381257065649,7.723788513108126,0.998,2.962133333333333,776.0,-0.0004592673209238,0.0137511308846134,0.8938949494804049,discharge
3.4416690659901517,-1.006496337692689,7.737539643992739,0.998,2.9616666666666664,777.0,-0.0004592673209238,0.0137511308846134,0.893755158322392,discharge
3.441209798669228,-1.006454549678813,7.751290774877352,0.998,2.9612,778.0,-0.0004592673209238,0.0137511308846134,0.89361537296827,discharge
3.440750531348304,-1.0064127616649374,7.765041905761966,0.998,2.960733333333333,779.0,-0.0004592673209238,0.0137511308846134,0.8934755934180387,discharge
3.4402912640273806,-1.0063709736510615,7.77879303664658,0.998,2.9602666666666666,780.0,-0.0004592673209233,0.0137511308846143,0.8933358196716983,discharge
3.439831996706457,-1.0063291856371857,7.792544167531194,0.998,2.9598,781.0,-0.0004592673209238,0.0137511308846134,0.8931960517292488,discharge
3.439372729385533,-1.00628739762331,7.806295298415807,0.998,2.959333333333334,782.0,-0.0004592673209238,0.0137511308846134,0.89305628959069,discharge
3.438913462064609,-1.006245609609434,7.820046429300421,0.998,2.9588666666666668,783.0,-0.0004592673209238,0.0137511308846134,0.8929165332560219,discharge
3.4384541947436853,-1.0062038215955582,7.833797560185034,0.998,2.9583999999999997,784.0,-0.0004592673209238,0.0137511308846134,0.8927767827252449,discharge
3.437994927422762,-1.0061620335816823,7.847548691069648,0.998,2.957933333333333,785.0,-0.0004592673209233,0.0137511308846143,0.8926370379983585,discharge
3.437535660101838,-1.0061202455678069,7.861299821954262,0.998,2.9574666666666665,786.0,-0.0004592673209238,0.0137511308846134,0.8924972990753629,discharge
3.4370763927809143,-1.0060784575539308,7.875050952838875,0.998,2.957,787.0,-0.0004592673209238,0.0137511308846134,0.8923575659562583,discharge
3.436641930297424,-1.0060197400880753,7.880618030138241,0.998,2.9566,788.0,-0.0004344624834904,0.0055670772993661,0.8922178409923571,discharge
3.436207467813934,-1.0059610226222198,7.886185107437608,0.998,2.9562,789.0,-0.0004344624834899,0.005567077299367,0.8920781241836595,discharge
3.4357730053304434,-1.005902305156364,7.8917521847369745,0.998,2.9558,790.0,-0.0004344624834904,0.0055670772993661,0.8919384155301656,discharge
3.4353385428469534,-1.0058435876905083,7.897319262036341,0.998,2.9554,791.0,-0.0004344624834899,0.0055670772993661,0.8917987150318752,discharge
3.434904080363463,-1.005784870224653,7.902886339335707,0.998,2.955,792.0,-0.0004344624834904,0.0055670772993661,0.8916590226887885,discharge
3.434469617879973,-1.0057261527587975,7.908453416635074,0.998,2.9546,793.0,-0.0004344624834899,0.005567077299367,0.8915193385009054,discharge
3.4340351553964825,-1.005667435292942,7.91402049393444,0.998,2.9542,794.0,-0.0004344624834904,0.0055670772993661,0.8913796624682258,discharge
3.4336006929129925,-1.0056087178270865,7.919587571233806,0.998,2.9538,795.0,-0.0004344624834899,0.0055670772993661,0.8912399945907498,discharge
3.433166230429502,-1.0055500003612308,7.925154648533172,0.998,2.9534,796.0,-0.0004344624834904,0.0055670772993661,0.8911003348684774,discharge
3.432731767946012,-1.0054912828953753,7.930721725832539,0.998,2.953,797.0,-0.0004344624834899,0.005567077299367,0.8909606833014085,discharge
3.4322973054625217,-1.0054325654295198,7.936288803131905,0.998,2.9526,798.0,-0.0004344624834904,0.0055670772993661,0.8908210398895434,discharge
3.4318628429790317,-1.0053738479636642,7.941855880431271,0.998,2.9522,799.0,-0.0004344624834899,0.0055670772993661,0.8906814046328818,discharge
3.431428380495541,-1.0053151304978083,7.947422957730637,0.998,2.9518,800.0,-0.0004344624834904,0.0055670772993661,0.8905417775314237,discharge
3.4309939180120512,-1.005256413031953,7.9529900350300045,0.998,2.9514,801.0,-0.0004344624834899,0.005567077299367,0.8904021585851694,discharge
3.430559455528561,-1.0051976955660975,7.958557112329371,0.998,2.951,802.0,-0.0004344624834904,0.0055670772993661,0.8902625477941184,discharge
3.430131297229156,-1.0052228768905822,7.96443149660416,0.998,2.950466666666667,803.0,-0.0004281582994045,0.0058743842747892,0.8901229335056614,discharge
3.429703138929752,-1.0052480582150671,7.970305880878949,0.998,2.9499333333333335,804.0,-0.0004281582994041,0.0058743842747892,0.8899833157197983,discharge
3.4292749806303475,-1.0052732395395518,7.976180265153738,0.998,2.9494,805.0,-0.0004281582994045,0.0058743842747892,0.8898436944365289,discharge
3.4288468223309434,-1.0052984208640368,7.982054649428528,0.998,2.9488666666666665,806.0,-0.0004281582994041,0.0058743842747892,0.8897040696558532,discharge
3.428418664031539,-1.0053236021885217,7.987929033703317,0.998,2.9483333333333333,807.0,-0.0004281582994045,0.0058743842747892,0.8895644413777716,discharge
3.4279905057321347,-1.0053487835130062,7.993803417978106,0.998,2.9478,808.0,-0.0004281582994041,0.0058743842747892,0.8894248096022837,discharge
3.42756234743273,-1.005373964837491,7.999677802252895,0.998,2.9472666666666667,809.0,-0.0004281582994045,0.0058743842747892,0.8892851743293895,discharge
3.427134189133326,-1.0053991461619758,8.005552186527684,0.998,2.9467333333333334,810.0,-0.0004281582994041,0.0058743842747883,0.8891455355590893,discharge
3.4267060308339214,-1.0054243274864607,8.011426570802474,0.998,2.9462,811.0,-0.0004281582994045,0.0058743842747901,0.8890058932913828,discharge
3.4262778725345173,-1.0054495088109454,8.017300955077264,0.998,2.945666666666667,812.0,-0.0004281582994041,0.0058743842747901,0.8888662475262702,discharge
3.4258497142351128,-1.00547469013543,8.023175339352052,0.998,2.9451333333333336,813.0,-0.0004281582994045,0.0058743842747883,0.8887265982637513,discharge
3.4254215559357086,-1.005499871459915,8.02904972362684,0.998,2.9446,814.0,-0.0004281582994041,0.0058743842747883,0.8885869455038263,discharge
3.424993397636304,-1.0055250527843995,8.034924107901631,0.998,2.9440666666666666,815.0,-0.0004281582994045,0.0058743842747901,0.8884472892464952,discharge
3.4245652393369,-1.0055502341088849,8.040798492176421,0.998,2.9435333333333333,816.0,-0.0004281582994041,0.0058743842747901,0.8883076294917579,discharge
3.4241370810374954,-1.0055754154333694,8.04667287645121,0.998,2.943,817.0,-0.0004281582994045,0.0058743842747883,0.8881679662396144,discharge
3.423730138974262,-1.0056110456401022,8.05148382466246,0.998,2.9426,818.0,-0.0004069420632339,0.0048109482112508,0.888028298038831,discharge
3.423323196911028,-1.005646675846835,8.05629477287371,0.998,2.9422,819.0,-0.0004069420632335,0.004810948211249,0.8878886248894078,discharge
3.422916254847794,-1.0056823060535676,8.06110572108496,0.998,2.9418,820.0,-0.0004069420632339,0.0048109482112508,0.8877489467913449,discharge
3.42250931278456,-1.0057179362603004,8.06591666929621,0.998,2.9414,821.0,-0.0004069420632339,0.004810948211249,0.887609263744642,discharge
3.422102370721326,-1.0057535664670332,8.07072761750746,0.998,2.941,822.0,-0.0004069420632339,0.0048109482112508,0.8874695757492994,discharge
3.4216954286580923,-1.005789196673766,8.075538565718709,0.998,2.9406,823.0,-0.0004069420632335,0.004810948211249,0.8873298828053169,discharge
3.4212884865948583,-1.0058248268804988,8.08034951392996,0.998,2.9402,824.0,-0.0004069420632339,0.0048109482112508,0.8871901849126946,discharge
3.4208815445316243,-1.0058604570872314,8.085160462141209,0.998,2.9398,825.0,-0.0004069420632339,0.004810948211249,0.8870504820714324,discharge
3.4204746024683903,-1.0058960872939642,8.08997141035246,0.998,2.9394,826.0,-0.0004069420632339,0.0048109482112508,0.8869107742815305,discharge
3.4200676604051568,-1.005931717500697,8.094782358563709,0.998,2.939,827.0,-0.0004069420632335,0.004810948211249,0.8867710615429888,discharge
3.4196607183419228,-1.0059673477074298,8.09959330677496,0.998,2.9386,828.0,-0.0004069420632339,0.0048109482112508,0.8866313438558072,discharge
3.4192537762786888,-1.0060029779141626,8.104404254986209,0.998,2.9381999999999997,829.0,-0.0004069420632339,0.004810948211249,0.8864916212199858,discharge
3.4188468342154548,-1.0060386081208952,8.10921520319746,0.998,2.9377999999999997,830.0,-0.0004069420632339,0.0048109482112508,0.8863518936355246,discharge
3.418439892152221,-1.006074238327628,8.114026151408709,0.998,2.9374,831.0,-0.0004069420632335,0.004810948211249,0.8862121611024235,discharge
3.418032950088987,-1.0061098685343608,8.11883709961996,0.998,2.937,832.0,-0.0004069420632339,0.0048109482112508,0.8860724236206826,discharge
3.417639276966106,-1.0061054998340515,8.124000297890607,0.998,2.9366,833.0,-0.0003936731228812,0.0051631982706474,0.8859326867457057,discharge
3.417245603843224,-1.0061011311337422,8.129163496161253,0.998,2.9362,834.0,-0.0003936731228817,0.0051631982706457,0.8857929504774926,discharge
3.416851930720343,-1.0060967624334327,8.1343266944319,0.998,2.9358,835.0,-0.0003936731228812,0.0051631982706474,0.8856532148160435,discharge
3.4164582575974616,-1.0060923937331234,8.139489892702546,0.998,2.9354,836.0,-0.0003936731228812,0.0051631982706457,0.8855134797613584,discharge
3.41606458447458,-1.006088025032814,8.144653090973193,0.998,2.935,837.0,-0.0003936731228817,0.0051631982706474,0.8853737453134372,discharge
3.4156709113516985,-1.0060836563325048,8.14981628924384,0.998,2.9346,838.0,-0.0003936731228812,0.0051631982706474,0.8852340114722799,discharge
3.4152772382288172,-1.0060792876321956,8.154979487514487,0.998,2.9342,839.0,-0.0003936731228812,0.0051631982706457,0.8850942782378866,discharge
3.4148835651059355,-1.006074918931886,8.160142685785134,0.998,2.9337999999999997,840.0,-0.0003936731228817,0.0051631982706474,0.8849545456102571,discharge
3.414489891983054,-1.0060705502315768,8.16530588405578,0.998,2.9334,841.0,-0.0003936731228812,0.0051631982706457,0.8848148135893916,discharge
3.414096218860173,-1.0060661815312677,8.170469082326427,0.998,2.933,842.0,-0.0003936731228812,0.0051631982706474,0.88467508217529,discharge
3.413702545737291,-1.0060618128309582,8.175632280597075,0.998,2.9326,843.0,-0.0003936731228817,0.0051631982706474,0.8845353513679524,discharge
3.41330887261441,-1.006057444130649,8.18079547886772,0.998,2.9322,844.0,-0.0003936731228812,0.0051631982706457,0.8843956211673787,discharge
3.412915199491529,-1.0060530754303394,8.185958677138368,0.998,2.9318,845.0,-0.0003936731228812,0.0051631982706474,0.884255891573569,discharge
3.412521526368647,-1.00604870673003,8.191121875409014,0.998,2.9314,846.0,-0.0003936731228817,0.0051631982706457,0.884116162586523,discharge
3.4121278532457655,-1.0060443380297208,8.196285073679661,0.998,2.931,847.0,-0.0003936731228812,0.0051631982706474,0.8839764342062412,discharge
3.411736988397677,-1.005911583771167,8.199557090754277,0.998,2.9306,848.0,-0.0003908648480885,0.0032720170746163,0.8838367242640508,discharge
3.4113461235495888,-1.005778829512613,8.202829107828896,0.998,2.9302,849.0,-0.0003908648480881,0.0032720170746181,0.8836970327599518,discharge
3.4109552587015,-1.0056460752540597,8.206101124903512,0.998,2.9298,850.0,-0.0003908648480885,0.0032720170746163,0.8835573596939443,discharge
3.4105643938534116,-1.0055133209955058,8.209373141978128,0.998,2.9294,851.0,-0.0003908648480885,0.0032720170746163,0.8834177050660282,discharge
3.410173529005323,-1.005380566736952,8.212645159052746,0.998,2.929,852.0,-0.0003908648480885,0.0032720170746181,0.8832780688762036,discharge
3.409782664157235,-1.0052478124783983,8.215917176127363,0.998,2.9286,853.0,-0.0003908648480881,0.0032720170746163,0.8831384511244705,discharge
3.4093917993091463,-1.0051150582198445,8.219189193201979,0.998,2.9282,854.0,-0.0003908648480885,0.0032720170746163,0.8829988518108289,discharge
3.4090009344610577,-1.0049823039612908,8.222461210276597,0.998,2.9278,855.0,-0.0003908648480885,0.0032720170746181,0.8828592709352787,discharge
3.408610069612969,-1.004849549702737,8.225733227351213,0.998,2.9274,856.0,-0.0003908648480885,0.0032720170746163,0.88271970849782,discharge
3.408219204764881,-1.0047167954441834,8.22900524442583,0.998,2.927,857.0,-0.0003908648480881,0.0032720170746163,0.8825801644984528,discharge
3.4078283399167923,-1.0045840411856295,8.232277261500448,0.998,2.9266,858.0,-0.0003908648480885,0.0032720170746181,0.882440638937177,discharge
3.407437475068704,-1.004451286927076,8.235549278575064,0.998,2.9261999999999997,859.0,-0.0003908648480885,0.0032720170746163,0.8823011318139927,discharge
3.407046610220615,-1.004318532668522,8.23882129564968,0.998,2.9257999999999997,860.0,-0.0003908648480885,0.0032720170746163,0.8821616431288998,discharge
3.406655745372527,-1.0041857784099684,8.242093312724299,0.998,2.9254,861.0,-0.0003908648480881,0.0032720170746181,0.8820221728818984,discharge
3.4062648805244384,-1.0040530241514145,8.245365329798915,0.998,2.925,862.0,-0.0003908648480885,0.0032720170746163,0.8818827210729885,discharge
3.4058918737459867,-1.0040576065569995,8.24747920711218,0.998,2.9246,863.0,-0.0003730067784517,0.0021138773132651,0.8817432686276334,discharge
3.4055188669675354,-1.0040621889625845,8.249593084425445,0.998,2.9242,864.0,-0.0003730067784513,0.0021138773132651,0.881603815545833,discharge
3.4051458601890836,-1.0040667713681692,8.251706961738709,0.998,2.9238,865.0,-0.0003730067784517,0.0021138773132634,0.8814643618275875,discharge
3.4047728534106323,-1.0040713537737542,8.253820839051974,0.998,2.9234,866.0,-0.0003730067784513,0.0021138773132651,0.8813249074728966,discharge
3.4043998466321805,-1.004075936179339,8.255934716365239,0.998,2.923,867.0,-0.0003730067784517,0.0021138773132651,0.8811854524817606,discharge
3.4040268398537292,-1.004080518584924,8.258048593678504,0.998,2.9226,868.0,-0.0003730067784513,0.0021138773132651,0.8810459968541794,discharge
3.4036538330752775,-1.004085100990509,8.26016247099177,0.998,2.9222,869.0,-0.0003730067784517,0.0021138773132651,0.8809065405901529,discharge
3.403280826296826,-1.0040896833960935,8.262276348305033,0.998,2.9217999999999997,870.0,-0.0003730067784513,0.0021138773132634,0.8807670836896813,discharge
3.4029078195183744,-1.0040942658016787,8.264390225618298,0.998,2.9214,871.0,-0.0003730067784517,0.0021138773132651,0.8806276261527644,discharge
3.402534812739923,-1.0040988482072637,8.266504102931563,0.998,2.921,872.0,-0.0003730067784513,0.0021138773132651,0.8804881679794022,discharge
3.4021618059614713,-1.0041034306128485,8.268617980244828,0.998,2.9206,873.0,-0.0003730067784517,0.0021138773132651,0.880348709169595,discharge
3.40178879918302,-1.0041080130184334,8.270731857558093,0.998,2.9202,874.0,-0.0003730067784513,0.0021138773132651,0.8802092497233424,discharge
3.4014157924045683,-1.0041125954240184,8.272845734871357,0.998,2.9198,875.0,-0.0003730067784517,0.0021138773132634,0.8800697896406445,discharge
3.401042785626117,-1.0041171778296032,8.274959612184622,0.998,2.9194,876.0,-0.0003730067784513,0.0021138773132651,0.8799303289215016,discharge
3.400669778847665,-1.0041217602351882,8.277073489497887,0.998,2.919,877.0,-0.0003730067784517,0.0021138773132651,0.8797908675659133,discharge
3.4003037640606286,-1.0041670906117883,8.280708489308953,0.998,2.9186666666666667,878.0,-0.0003660147870365,0.0036349998110658,0.8796513999144395,discharge
3.399937749273592,-1.0042124209883891,8.284343489120017,0.998,2.9183333333333334,879.0,-0.0003660147870365,0.003634999811064,0.8795119259670799,discharge
3.3995717344865555,-1.0042577513649895,8.287978488931083,0.998,2.918,880.0,-0.0003660147870365,0.0036349998110658,0.8793724457238349,discharge
3.399205719699519,-1.00430308174159,8.291613488742149,0.998,2.917666666666667,881.0,-0.0003660147870365,0.0036349998110658,0.8792329591847041,discharge
3.3988397049124823,-1.0043484121181905,8.295248488553213,0.998,2.9173333333333336,882.0,-0.0003660147870365,0.003634999811064,0.8790934663496877,discharge
3.3984736901254458,-1.0043937424947909,8.298883488364279,0.998,2.9170000000000003,883.0,-0.0003660147870365,0.0036349998110658,0.8789539672187856,discharge
3.398107675338409,-1.0044390728713914,8.302518488175345,0.998,2.916666666666667,884.0,-0.0003660147870365,0.0036349998110658,0.878814461791998,discharge
3.397741660551372,-1.0044844032479918,8.306153487986409,0.998,2.916333333333333,885.0,-0.000366014787037,0.003634999811064,0.8786749500693246,discharge
3.3973756457643356,-1.0045297336245924,8.309788487797475,0.998,2.916,886.0,-0.0003660147870365,0.0036349998110658,0.8785354320507656,discharge
3.397009630977299,-1.0045750640011928,8.31342348760854,0.998,2.915666666666666,887.0,-0.0003660147870365,0.0036349998110658,0.878395907736321,discharge
3.3966436161902624,-1.0046203943777932,8.317058487419605,0.998,2.9153333333333333,888.0,-0.0003660147870365,0.003634999811064,0.8782563771259908,discharge
3.396277601403226,-1.0046657247543938,8.32069348723067,0.998,2.915,889.0,-0.0003660147870365,0.0036349998110658,0.8781168402197749,discharge
3.3959115866161893,-1.004711055130994,8.324328487041736,0.998,2.9146666666666667,890.0,-0.0003660147870365,0.0036349998110658,0.8779772970176734,discharge
3.3955455718291527,-1.0047563855075947,8.3279634868528,0.998,2.9143333333333334,891.0,-0.0003660147870365,0.003634999811064,0.8778377475196861,discharge
3.395179557042116,-1.004801715884195,8.331598486663866,0.998,2.914,892.0,-0.0003660147870365,0.0036349998110658,0.8776981917258133,discharge
3.3948082431256816,-1.0047905064138625,8.335323138606842,0.998,2.913666666666667,893.0,-0.0003713139164345,0.0037246519429761,0.8775586374888115,discharge
3.3944369292092467,-1.00477929694353,8.339047790549818,0.998,2.9133333333333336,894.0,-0.0003713139164349,0.0037246519429761,0.8774190848086804,discharge
3.394065615292812,-1.0047680874731977,8.342772442492796,0.998,2.9130000000000003,895.0,-0.0003713139164345,0.0037246519429778,0.8772795336854202,discharge
3.3936943013763776,-1.0047568780028648,8.346497094435772,0.998,2.9126666666666665,896.0,-0.0003713139164345,0.0037246519429761,0.8771399841190309,discharge
3.393322987459943,-1.0047456685325322,8.350221746378748,0.998,2.912333333333333,897.0,-0.0003713139164345,0.0037246519429761,0.8770004361095125,discharge
3.392951673543508,-1.0047344590621996,8.353946398321725,0.998,2.912,898.0,-0.0003713139164349,0.0037246519429761,0.876860889656865,discharge
3.3925803596270736,-1.004723249591867,8.3576710502647,0.998,2.911666666666666,899.0,-0.0003713139164345,0.0037246519429761,0.8767213447610883,discharge
3.392209045710639,-1.0047120401215346,8.361395702207679,0.998,2.9113333333333333,900.0,-0.0003713139164345,0.0037246519429778,0.8765818014221826,discharge
3.391837731794205,-1.004700830651202,8.365120354150655,0.998,2.911,901.0,-0.0003713139164345,0.0037246519429761,0.8764422596401477,discharge
3.3914664178777696,-1.0046896211808694,8.36884500609363,0.998,2.9106666666666667,902.0,-0.0003713139164349,0.0037246519429761,0.8763027194149837,discharge
3.391095103961335,-1.0046784117105367,8.372569658036607,0.998,2.9103333333333334,903.0,-0.0003713139164345,0.0037246519429761,0.8761631807466905,discharge
3.3907237900449005,-1.004667202240204,8.376294309979583,0.998,2.9099999999999997,904.0,-0.0003713139164345,0.0037246519429761,0.8760236436352683,discharge
3.390352476128466,-1.0046559927698715,8.380018961922561,0.998,2.9096666666666664,905.0,-0.0003713139164345,0.0037246519429778,0.8758841080807169,discharge
3.389981162212031,-1.004644783299539,8.383743613865537,0.998,2.909333333333333,906.0,-0.0003713139164349,0.0037246519429761,0.8757445740830364,discharge
3.3896098482955965,-1.0046335738292065,8.387468265808513,0.998,2.909,907.0,-0.0003713139164345,0.0037246519429761,0.8756050416422269,discharge
3.3892350177795176,-1.004770795702462,8.391758171553843,0.998,2.9085714285714284,908.0,-0.0003748305160788,0.0042899057453293,0.8754654901428237,discharge
3.3888601872634383,-1.004908017575718,8.396048077299172,0.998,2.908142857142857,909.0,-0.0003748305160793,0.0042899057453293,0.8753259195848271,discharge
3.3884853567473594,-1.0050452394489735,8.400337983044503,0.998,2.9077142857142855,910.0,-0.0003748305160788,0.0042899057453311,0.875186329968237,discharge
3.3881105262312805,-1.005182461322229,8.404627888789832,0.998,2.907285714285714,911.0,-0.0003748305160788,0.0042899057453293,0.8750467212930533,discharge
3.387735695715201,-1.0053196831954847,8.408917794535162,0.998,2.9068571428571426,912.0,-0.0003748305160793,0.0042899057453293,0.8749070935592762,discharge
3.3873608651991223,-1.0054569050687403,8.413207700280491,0.998,2.906428571428571,913.0,-0.0003748305160788,0.0042899057453293,0.8747674467669055,discharge
3.386986034683043,-1.005594126941996,8.417497606025822,0.998,2.9059999999999997,914.0,-0.0003748305160793,0.0042899057453311,0.8746277809159413,discharge
3.386611204166964,-1.0057313488152515,8.421787511771152,0.998,2.9055714285714287,915.0,-0.0003748305160788,0.0042899057453293,0.8744880960063837,discharge
3.386236373650885,-1.0058685706885075,8.426077417516481,0.998,2.9051428571428572,916.0,-0.0003748305160788,0.0042899057453293,0.8743483920382324,discharge
3.385861543134806,-1.0060057925617631,8.43036732326181,0.998,2.904714285714286,917.0,-0.0003748305160793,0.0042899057453293,0.8742086690114877,discharge
3.385486712618727,-1.0061430144350187,8.43465722900714,0.998,2.9042857142857144,918.0,-0.0003748305160788,0.0042899057453293,0.8740689269261496,discharge
3.385111882102648,-1.0062802363082743,8.438947134752471,0.998,2.903857142857143,919.0,-0.0003748305160788,0.0042899057453311,0.8739291657822179,discharge
3.3847370515865687,-1.0064174581815302,8.4432370404978,0.998,2.9034285714285715,920.0,-0.0003748305160793,0.0042899057453293,0.8737893855796927,discharge
3.38436222107049,-1.0065546800547858,8.44752694624313,0.998,2.903,921.0,-0.0003748305160788,0.0042899057453293,0.8736495863185739,discharge
3.384011721846966,-1.006496698092768,8.448892779691532,0.998,2.9026666666666667,922.0,-0.0003504992235239,0.0013658334484016,0.8735097951105055,discharge
3.383661222623442,-1.00643871613075,8.450258613139935,0.998,2.9023333333333334,923.0,-0.0003504992235239,0.0013658334484034,0.8733700119554874,discharge
3.383310723399918,-1.006380734168732,8.451624446588337,0.998,2.902,924.0,-0.0003504992235239,0.0013658334484016,0.8732302368535194,discharge
3.382960224176394,-1.0063227522067144,8.452990280036738,0.998,2.901666666666667,925.0,-0.0003504992235239,0.0013658334484016,0.8730904698046018,discharge
3.38260972495287,-1.0062647702446963,8.454356113485142,0.998,2.9013333333333335,926.0,-0.0003504992235239,0.0013658334484034,0.8729507108087345,discharge
3.3822592257293462,-1.0062067882826786,8.455721946933544,0.998,2.901,927.0,-0.0003504992235239,0.0013658334484016,0.8728109598659175,discharge
3.3819087265058223,-1.0061488063206607,8.457087780381945,0.998,2.900666666666667,928.0,-0.0003504992235239,0.0013658334484016,0.8726712169761508,discharge
3.381558227282299,-1.0060908243586428,8.458453613830349,0.998,2.900333333333333,929.0,-0.0003504992235234,0.0013658334484034,0.8725314821394342,discharge
3.381207728058775,-1.006032842396625,8.45981944727875,0.998,2.9,930.0,-0.0003504992235239,0.0013658334484016,0.8723917553557681,discharge
3.380857228835251,-1.005974860434607,8.461185280727152,0.998,2.8996666666666666,931.0,-0.0003504992235239,0.0013658334484016,0.8722520366251522,discharge
3.380506729611727,-1.0059168784725891,8.462551114175556,0.998,2.8993333333333333,932.0,-0.0003504992235239,0.0013658334484034,0.8721123259475865,discharge
3.380156230388203,-1.0058588965105717,8.463916947623957,0.998,2.899,933.0,-0.0003504992235239,0.0013658334484016,0.8719726233230711,discharge
3.379805731164679,-1.0058009145485536,8.465282781072359,0.998,2.8986666666666667,934.0,-0.0003504992235239,0.0013658334484016,0.871832928751606,discharge
3.3794552319411553,-1.0057429325865357,8.466648614520762,0.998,2.8983333333333334,935.0,-0.0003504992235239,0.0013658334484034,0.8716932422331913,discharge
3.3791047327176313,-1.0056849506245178,8.468014447969164,0.998,2.898,936.0,-0.0003504992235239,0.0013658334484016,0.8715535637678268,discharge
3.3787647120834596,-1.0057373859943504,8.472139639159625,0.998,2.897666666666667,937.0,-0.0003400206341717,0.0041251911904609,0.871413878019772,discharge
3.3784246914492875,-1.0057898213641827,8.476264830350084,0.998,2.8973333333333335,938.0,-0.0003400206341721,0.0041251911904591,0.871274184989027,discharge
3.378084670815116,-1.0058422567340153,8.480390021540545,0.998,2.897,939.0,-0.0003400206341717,0.0041251911904609,0.8711344846755917,discharge
3.377744650180944,-1.005894692103848,8.484515212731004,0.998,2.8966666666666665,940.0,-0.0003400206341717,0.0041251911904591,0.8709947770794662,discharge
3.3774046295467723,-1.0059471274736802,8.488640403921465,0.998,2.896333333333333,941.0,-0.0003400206341717,0.0041251911904609,0.8708550622006503,discharge
3.3770646089126,-1.0059995628435128,8.492765595111926,0.998,2.896,942.0,-0.0003400206341721,0.0041251911904609,0.8707153400391443,discharge
3.3767245882784285,-1.0060519982133451,8.496890786302385,0.998,2.8956666666666666,943.0,-0.0003400206341717,0.0041251911904591,0.870575610594948,discharge
3.3763845676442568,-1.0061044335831777,8.501015977492846,0.998,2.8953333333333333,944.0,-0.0003400206341717,0.0041251911904609,0.8704358738680614,discharge
3.376044547010085,-1.0061568689530105,8.505141168683306,0.998,2.895,945.0,-0.0003400206341717,0.0041251911904591,0.8702961298584846,discharge
3.375704526375913,-1.0062093043228428,8.509266359873767,0.998,2.8946666666666667,946.0,-0.0003400206341721,0.0041251911904609,0.8701563785662176,discharge
3.375364505741741,-1.0062617396926752,8.513391551064228,0.998,2.8943333333333334,947.0,-0.0003400206341717,0.0041251911904609,0.8700166199912602,discharge
3.3750244851075695,-1.0063141750625078,8.517516742254687,0.998,2.8939999999999997,948.0,-0.0003400206341717,0.0041251911904591,0.8698768541336127,discharge
3.3746844644733978,-1.0063666104323403,8.521641933445148,0.998,2.8936666666666664,949.0,-0.0003400206341717,0.0041251911904609,0.8697370809932748,discharge
3.3743444438392256,-1.006419045802173,8.525767124635607,0.998,2.893333333333333,950.0,-0.0003400206341721,0.0041251911904591,0.8695973005702468,discharge
3.374004423205054,-1.0064714811720052,8.529892315826068,0.998,2.893,951.0,-0.0003400206341717,0.0041251911904609,0.8694575128645284,discharge
3.3736712849508206,-1.0063533104573883,8.532290106127647,0.998,2.8926666666666665,952.0,-0.0003331382542333,0.002397790301579,0.8693177415714094,discharge
3.3733381466965873,-1.0062351397427716,8.534687896429226,0.998,2.892333333333333,953.0,-0.0003331382542333,0.002397790301579,0.8691779866908895,discharge
3.3730050084423535,-1.0061169690281546,8.537085686730805,0.998,2.892,954.0,-0.0003331382542337,0.002397790301579,0.8690382482229689,discharge
3.37267187018812,-1.0059987983135377,8.539483477032384,0.998,2.8916666666666666,955.0,-0.0003331382542333,0.002397790301579,0.8688985261676476,discharge
3.372338731933887,-1.005880627598921,8.541881267333963,0.998,2.8913333333333333,956.0,-0.0003331382542333,0.002397790301579,0.8687588205249256,discharge
3.3720055936796536,-1.005762456884304,8.544279057635542,0.998,2.891,957.0,-0.0003331382542333,0.002397790301579,0.8686191312948027,discharge
3.3716724554254203,-1.005644286169687,8.546676847937121,0.998,2.8906666666666667,958.0,-0.0003331382542333,0.002397790301579,0.8684794584772793,discharge
3.3713393171711865,-1.0055261154550703,8.549074638238698,0.998,2.890333333333333,959.0,-0.0003331382542337,0.0023977903015772,0.8683398020723548,discharge
3.371006178916953,-1.0054079447404534,8.551472428540277,0.998,2.8899999999999997,960.0,-0.0003331382542333,0.002397790301579,0.8682001620800298,discharge
3.37067304066272,-1.0052897740258364,8.553870218841856,0.998,2.8896666666666664,961.0,-0.0003331382542333,0.002397790301579,0.868060538500304,discharge
3.3703399024084866,-1.0051716033112197,8.556268009143436,0.998,2.889333333333333,962.0,-0.0003331382542333,0.002397790301579,0.8679209313331775,discharge
3.3700067641542533,-1.0050534325966027,8.558665799445015,0.998,2.889,963.0,-0.0003331382542333,0.002397790301579,0.8677813405786501,discharge
3.3696736259000195,-1.0049352618819858,8.561063589746594,0.998,2.8886666666666665,964.0,-0.0003331382542337,0.002397790301579,0.8676417662367221,discharge
3.369340487645786,-1.004817091167369,8.563461380048173,0.998,2.888333333333333,965.0,-0.0003331382542333,0.002397790301579,0.8675022083073933,discharge
3.369007349391553,-1.004698920452752,8.565859170349752,0.998,2.888,966.0,-0.0003331382542333,0.002397790301579,0.8673626667906638,discharge
3.368662118528249,-1.0047286015378156,8.568543175123999,0.998,2.8876666666666666,967.0,-0.0003452308633038,0.0026840047742471,0.8672231211515613,discharge
3.368316887664945,-1.0047582826228794,8.571227179898244,0.998,2.8873333333333333,968.0,-0.0003452308633038,0.0026840047742453,0.8670835713900858,discharge
3.367971656801642,-1.0047879637079429,8.573911184672491,0.998,2.887,969.0,-0.0003452308633034,0.0026840047742471,0.8669440175062375,discharge
3.367626425938338,-1.0048176447930066,8.576595189446738,0.998,2.8866666666666667,970.0,-0.0003452308633038,0.0026840047742471,0.8668044595000163,discharge
3.367281195075034,-1.00484732587807,8.579279194220984,0.998,2.8863333333333334,971.0,-0.0003452308633038,0.0026840047742453,0.8666648973714222,discharge
3.3669359642117302,-1.0048770069631336,8.581963198995231,0.998,2.886,972.0,-0.0003452308633038,0.0026840047742471,0.866525331120455,discharge
3.3665907333484264,-1.0049066880481974,8.584647203769478,0.998,2.885666666666667,973.0,-0.0003452308633038,0.0026840047742471,0.866385760747115,discharge
3.366245502485123,-1.004936369133261,8.587331208543723,0.998,2.885333333333333,974.0,-0.0003452308633034,0.0026840047742453,0.866246186251402,discharge
3.365900271621819,-1.0049660502183246,8.59001521331797,0.998,2.885,975.0,-0.0003452308633038,0.0026840047742471,0.8661066076333162,discharge
3.3655550407585153,-1.0049957313033882,8.592699218092218,0.998,2.8846666666666665,976.0,-0.0003452308633038,0.0026840047742471,0.8659670248928574,discharge
3.3652098098952115,-1.0050254123884517,8.595383222866463,0.998,2.884333333333333,977.0,-0.0003452308633038,0.0026840047742453,0.8658274380300256,discharge
3.3648645790319076,-1.0050550934735154,8.59806722764071,0.998,2.884,978.0,-0.0003452308633038,0.0026840047742471,0.8656878470448209,discharge
3.364519348168604,-1.005084774558579,8.600751232414957,0.998,2.8836666666666666,979.0,-0.0003452308633034,0.0026840047742471,0.8655482519372434,discharge
3.3641741173053004,-1.0051144556436429,8.603435237189203,0.998,2.8833333333333333,980.0,-0.0003452308633038,0.0026840047742453,0.8654086527072928,discharge
3.3638288864419965,-1.0051441367287062,8.60611924196345,0.998,2.883,981.0,-0.0003452308633038,0.0026840047742471,0.8652690493549694,discharge
3.363504253712036,-1.0052143324489111,8.61075620402463,0.998,2.8826666666666667,982.0,-0.0003246327299604,0.0046369620611805,0.8651294362532405,discharge
3.3631796209820757,-1.0052845281691167,8.61539316608581,0.998,2.8823333333333334,983.0,-0.0003246327299604,0.0046369620611788,0.8649898134021058,discharge
3.3628549882521157,-1.005354723889322,8.62003012814699,0.998,2.882,984.0,-0.0003246327299599,0.0046369620611805,0.8648501808015656,discharge
3.3625303555221553,-1.0054249196095273,8.62466709020817,0.998,2.881666666666667,985.0,-0.0003246327299604,0.0046369620611805,0.8647105384516198,discharge
3.362205722792195,-1.0054951153297325,8.62930405226935,0.998,2.8813333333333335,986.0,-0.0003246327299604,0.0046369620611788,0.8645708863522685,discharge
3.3618810900622345,-1.0055653110499378,8.63394101433053,0.998,2.881,987.0,-0.0003246327299604,0.0046369620611805,0.8644312245035116,discharge
3.361556457332274,-1.005635506770143,8.63857797639171,0.998,2.880666666666667,988.0,-0.0003246327299604,0.0046369620611805,0.8642915529053491,discharge
3.361231824602314,-1.0057057024903484,8.64321493845289,0.998,2.880333333333333,989.0,-0.0003246327299599,0.0046369620611788,0.864151871557781,discharge
3.3609071918723536,-1.0057758982105536,8.64785190051407,0.998,2.88,990.0,-0.0003246327299604,0.0046369620611805,0.8640121804608073,discharge
3.3605825591423932,-1.005846093930759,8.65248886257525,0.998,2.8796666666666666,991.0,-0.0003246327299604,0.0046369620611805,0.863872479614428,discharge
3.360257926412433,-1.005916289650964,8.657125824636429,0.998,2.8793333333333333,992.0,-0.0003246327299604,0.0046369620611788,0.8637327690186432,discharge
3.3599332936824724,-1.0059864853711695,8.66176278669761,0.998,2.879,993.0,-0.0003246327299604,0.0046369620611805,0.8635930486734527,discharge
3.3596086609525124,-1.0060566810913747,8.66639974875879,0.998,2.8786666666666667,994.0,-0.0003246327299599,0.0046369620611805,0.8634533185788567,discharge
3.359284028222552,-1.00612687681158,8.671036710819969,0.998,2.8783333333333334,995.0,-0.0003246327299604,0.0046369620611788,0.863313578734855,discharge
3.3589593954925916,-1.0061970725317853,8.67567367288115,0.998,2.878,996.0,-0.0003246327299604,0.0046369620611805,0.8631738291414479,discharge
3.358634105822191,-1.006131722802286,8.679580046273447,0.998,2.877666666666667,997.0,-0.0003252896704006,0.0039063733922972,0.863034088624392,discharge
3.3583088161517898,-1.0060663730727868,8.683486419665742,0.998,2.8773333333333335,998.0,-0.0003252896704011,0.0039063733922954,0.8628943571836875,discharge
3.357983526481389,-1.0060010233432874,8.68739279305804,0.998,2.877,999.0,-0.0003252896704006,0.0039063733922972,0.8627546348193342,discharge
3.3576582368109884,-1.005935673613788,8.691299166450337,0.998,2.876666666666667,1000.0,-0.0003252896704006,0.0039063733922972,0.8626149215313323,discharge
3.3573329471405877,-1.0058703238842888,8.695205539842632,0.998,2.8763333333333336,1001.0,-0.0003252896704006,0.0039063733922954,0.8624752173196817,discharge
3.3570076574701866,-1.0058049741547896,8.69911191323493,0.998,2.8760000000000003,1002.0,-0.0003252896704011,0.0039063733922972,0.8623355221843825,discharge
3.356682367799786,-1.0057396244252903,8.703018286627227,0.998,2.875666666666667,1003.0,-0.0003252896704006,0.0039063733922972,0.8621958361254345,discharge
3.356357078129385,-1.005674274695791,8.706924660019522,0.998,2.8753333333333333,1004.0,-0.0003252896704006,0.0039063733922954,0.8620561591428378,discharge
3.3560317884589845,-1.0056089249662916,8.71083103341182,0.998,2.875,1005.0,-0.0003252896704006,0.0039063733922972,0.8619164912365925,discharge
3.3557064987885834,-1.0055435752367925,8.714737406804117,0.998,2.8746666666666667,1006.0,-0.0003252896704011,0.0039063733922972,0.8617768324066986,discharge
3.3553812091181827,-1.0054782255072932,8.718643780196413,0.998,2.8743333333333334,1007.0,-0.0003252896704006,0.0039063733922954,0.8616371826531559,discharge
3.355055919447782,-1.0054128757777938,8.72255015358871,0.998,2.874,1008.0,-0.0003252896704006,0.0039063733922972,0.8614975419759645,discharge
3.3547306297773813,-1.0053475260482945,8.726456526981007,0.998,2.873666666666667,1009.0,-0.0003252896704006,0.0039063733922972,0.8613579103751244,discharge
3.35440534010698,-1.0052821763187954,8.730362900373303,0.998,2.8733333333333335,1010.0,-0.0003252896704011,0.0039063733922954,0.8612182878506357,discharge
3.3540800504365795,-1.005216826589296,8.7342692737656,0.998,2.873,1011.0,-0.0003252896704006,0.0039063733922972,0.8610786744024983,discharge
3.353768971691604,-1.005265692673989,8.736958681296906,0.998,2.872666666666667,1012.0,-0.0003110787449753,0.0026894075313066,0.8609390541674047,discharge
3.3534578929466288,-1.0053145587586814,8.739648088828211,0.998,2.8723333333333336,1013.0,-0.0003110787449753,0.0026894075313048,0.860799427145355,discharge
3.3531468142016534,-1.005363424843374,8.742337496359518,0.998,2.8720000000000003,1014.0,-0.0003110787449753,0.0026894075313066,0.8606597933363489,discharge
3.352835735456678,-1.0054122909280667,8.745026903890823,0.998,2.8716666666666666,1015.0,-0.0003110787449753,0.0026894075313048,0.8605201527403866,discharge
3.352524656711702,-1.0054611570127594,8.74771631142213,0.998,2.8713333333333333,1016.0,-0.0003110787449753,0.0026894075313066,0.8603805053574682,discharge
3.3522135779667273,-1.005510023097452,8.750405718953434,0.998,2.871,1017.0,-0.0003110787449753,0.0026894075313048,0.8602408511875935,discharge
3.351902499221752,-1.0055588891821448,8.753095126484741,0.998,2.8706666666666667,1018.0,-0.0003110787449753,0.0026894075313066,0.8601011902307627,discharge
3.351591420476777,-1.0056077552668377,8.755784534016046,0.998,2.8703333333333334,1019.0,-0.0003110787449749,0.0026894075313048,0.8599615224869757,discharge
3.3512803417318016,-1.0056566213515303,8.758473941547352,0.998,2.87,1020.0,-0.0003110787449753,0.0026894075313066,0.8598218479562324,discharge
3.350969262986826,-1.005705487436223,8.761163349078657,0.998,2.869666666666667,1021.0,-0.0003110787449753,0.0026894075313048,0.8596821666385329,discharge
3.350658184241851,-1.0057543535209157,8.763852756609964,0.998,2.8693333333333335,1022.0,-0.0003110787449753,0.0026894075313066,0.8595424785338772,discharge
3.3503471054968754,-1.0058032196056084,8.766542164141269,0.998,2.869,1023.0,-0.0003110787449753,0.0026894075313048,0.8594027836422653,discharge
3.3500360267519,-1.005852085690301,8.769231571672575,0.998,2.8686666666666665,1024.0,-0.0003110787449753,0.0026894075313066,0.8592630819636973,discharge
3.3497249480069247,-1.0059009517749935,8.77192097920388,0.998,2.868333333333333,1025.0,-0.0003110787449753,0.0026894075313048,0.8591233734981729,discharge
3.3494138692619493,-1.0059498178596864,8.774610386735187,0.998,2.868,1026.0,-0.0003110787449753,0.0026894075313066,0.8589836582456924,discharge
3.349092608789373,-1.0060588653611742,8.778699352293641,0.998,2.8676666666666666,1027.0,-0.0003212604725764,0.0040889655584539,0.8588439278477256,discharge
3.348771348316797,-1.006167912862662,8.782788317852093,0.998,2.8673333333333333,1028.0,-0.0003212604725759,0.0040889655584521,0.8587041823042725,discharge
3.3484500878442205,-1.00627696036415,8.786877283410547,0.998,2.867,1029.0,-0.0003212604725764,0.0040889655584539,0.858564421615333,discharge
3.348128827371644,-1.0063860078656377,8.790966248969,0.998,2.8666666666666667,1030.0,-0.0003212604725764,0.0040889655584521,0.8584246457809072,discharge
3.3478075668990677,-1.0064950553671257,8.795055214527453,0.998,2.8663333333333334,1031.0,-0.0003212604725764,0.0040889655584539,0.8582848548009951,discharge
3.3474863064264917,-1.0066041028686132,8.799144180085905,0.998,2.866,1032.0,-0.0003212604725759,0.0040889655584521,0.8581450486755966,discharge
3.3471650459539153,-1.006713150370101,8.80323314564436,0.998,2.865666666666667,1033.0,-0.0003212604725764,0.0040889655584539,0.858005227404712,discharge
3.346843785481339,-1.006822197871589,8.807322111202811,0.998,2.865333333333333,1034.0,-0.0003212604725764,0.0040889655584521,0.8578653909883409,discharge
3.3465225250087625,-1.0069312453730768,8.811411076761265,0.998,2.865,1035.0,-0.0003212604725764,0.0040889655584539,0.8577255394264836,discharge
3.3462012645361865,-1.0070402928745643,8.815500042319718,0.998,2.8646666666666665,1036.0,-0.0003212604725759,0.0040889655584521,0.8575856727191398,discharge
3.34588000406361,-1.0071493403760523,8.819589007878172,0.998,2.864333333333333,1037.0,-0.0003212604725764,0.0040889655584539,0.8574457908663098,discharge
3.3455587435910337,-1.00725838787754,8.823677973436624,0.998,2.864,1038.0,-0.0003212604725764,0.0040889655584521,0.8573058938679935,discharge
3.3452374831184573,-1.007367435379028,8.827766938995078,0.998,2.8636666666666666,1039.0,-0.0003212604725764,0.0040889655584539,0.8571659817241908,discharge
3.3449162226458813,-1.0074764828805158,8.83185590455353,0.998,2.8633333333333333,1040.0,-0.0003212604725759,0.0040889655584521,0.8570260544349019,discharge
3.344594962173305,-1.0075855303820036,8.835944870111984,0.998,2.863,1041.0,-0.0003212604725764,0.0040889655584539,0.8568861120001265,discharge
3.344287419948253,-1.007401733706096,8.838259633469754,0.998,2.862733333333334,1042.0,-0.0003075422250518,0.00231476335777,0.8567461950926674,discharge
3.3439798777232013,-1.0072179370301888,8.840574396827522,0.998,2.8624666666666667,1043.0,-0.0003075422250518,0.0023147633577682,0.8566063037125243,discharge
3.3436723354981495,-1.0070341403542813,8.842889160185292,0.998,2.8622,1044.0,-0.0003075422250518,0.00231476335777,0.8564664378596973,discharge
3.343364793273098,-1.006850343678374,8.84520392354306,0.998,2.8619333333333334,1045.0,-0.0003075422250513,0.0023147633577682,0.8563265975341865,discharge
3.3430572510480463,-1.0066665470024665,8.84751868690083,0.998,2.861666666666667,1046.0,-0.0003075422250518,0.00231476335777,0.8561867827359917,discharge
3.3427497088229945,-1.0064827503265592,8.849833450258599,0.998,2.8614,1047.0,-0.0003075422250518,0.0023147633577682,0.8560469934651129,discharge
3.3424421665979427,-1.0062989536506517,8.852148213616369,0.998,2.8611333333333335,1048.0,-0.0003075422250518,0.00231476335777,0.8559072297215504,discharge
3.342134624372891,-1.0061151569747444,8.854462976974137,0.998,2.8608666666666664,1049.0,-0.0003075422250518,0.0023147633577682,0.855767491505304,discharge
3.341827082147839,-1.005931360298837,8.856777740331907,0.998,2.8606,1050.0,-0.0003075422250518,0.00231476335777,0.8556277788163735,discharge
3.3415195399227873,-1.0057475636229296,8.859092503689675,0.998,2.860333333333333,1051.0,-0.0003075422250518,0.0023147633577682,0.8554880916547593,discharge
3.3412119976977355,-1.005563766947022,8.861407267047445,0.998,2.8600666666666665,1052.0,-0.0003075422250518,0.00231476335777,0.855348430020461,discharge
3.340904455472684,-1.0053799702711148,8.863722030405214,0.998,2.8598,1053.0,-0.0003075422250513,0.0023147633577682,0.8552087939134789,discharge
3.3405969132476323,-1.0051961735952073,8.866036793762984,0.998,2.8595333333333333,1054.0,-0.0003075422250518,0.00231476335777,0.8550691833338129,discharge
3.3402893710225805,-1.0050123769193,8.868351557120752,0.998,2.859266666666666,1055.0,-0.0003075422250518,0.0023147633577682,0.8549295982814631,discharge
3.3399818287975287,-1.0048285802433925,8.870666320478522,0.998,2.859,1056.0,-0.0003075422250518,0.00231476335777,0.8547900387564292,discharge
3.3396739458518505,-1.0049394070156388,8.87510401011628,0.998,2.8586666666666667,1057.0,-0.0003078829456781,0.0044376896377578,0.8546504638387882,discharge
3.3393660629061723,-1.0050502337878853,8.87954169975404,0.998,2.8583333333333334,1058.0,-0.0003078829456781,0.0044376896377595,0.8545108735285398,discharge
3.3390581799604946,-1.0051610605601315,8.883979389391797,0.998,2.858,1059.0,-0.0003078829456777,0.0044376896377578,0.8543712678256843,discharge
3.3387502970148164,-1.005271887332378,8.888417079029557,0.998,2.857666666666667,1060.0,-0.0003078829456781,0.0044376896377595,0.8542316467302214,discharge
3.338442414069138,-1.0053827141046243,8.892854768667315,0.998,2.8573333333333335,1061.0,-0.0003078829456781,0.0044376896377578,0.8540920102421514,discharge
3.33813453112346,-1.0054935408768706,8.897292458305074,0.998,2.857,1062.0,-0.0003078829456781,0.0044376896377595,0.8539523583614741,discharge
3.337826648177782,-1.005604367649117,8.901730147942832,0.998,2.856666666666667,1063.0,-0.0003078829456781,0.0044376896377578,0.8538126910881895,discharge
3.337518765232104,-1.0057151944213634,8.906167837580591,0.998,2.856333333333333,1064.0,-0.0003078829456777,0.0044376896377595,0.8536730084222977,discharge
3.337210882286426,-1.00582602119361,8.91060552721835,0.998,2.856,1065.0,-0.0003078829456781,0.0044376896377578,0.8535333103637985,discharge
3.3369029993407477,-1.005936847965856,8.915043216856109,0.998,2.8556666666666666,1066.0,-0.0003078829456781,0.0044376896377595,0.8533935969126921,discharge
3.3365951163950696,-1.0060476747381024,8.919480906493867,0.998,2.8553333333333333,1067.0,-0.0003078829456781,0.0044376896377578,0.8532538680689785,discharge
3.3362872334493914,-1.006158501510349,8.923918596131626,0.998,2.855,1068.0,-0.0003078829456781,0.0044376896377595,0.8531141238326576,discharge
3.3359793505037136,-1.0062693282825952,8.928356285769384,0.998,2.8546666666666667,1069.0,-0.0003078829456777,0.0044376896377578,0.8529743642037295,discharge
3.3356714675580355,-1.0063801550548417,8.932793975407144,0.998,2.8543333333333334,1070.0,-0.0003078829456781,0.0044376896377595,0.8528345891821941,discharge
3.3353635846123573,-1.006490981827088,8.937231665044902,0.998,2.854,1071.0,-0.0003078829456781,0.0044376896377578,0.8526947987680514,discharge
3.3350602475407913,-1.006395476441727,8.941910137782523,0.998,2.853666666666667,1072.0,-0.0003033370715659,0.0046784727376216,0.8525550216185457,discharge
3.334756910469225,-1.0062999710563665,8.946588610520145,0.998,2.8533333333333335,1073.0,-0.0003033370715663,0.0046784727376216,0.8524152577336768,discharge
3.334453573397659,-1.006204465671006,8.951267083257767,0.998,2.853,1074.0,-0.0003033370715659,0.0046784727376216,0.8522755071134447,discharge
3.3341502363260926,-1.006108960285645,8.955945555995388,0.998,2.852666666666667,1075.0,-0.0003033370715663,0.0046784727376216,0.8521357697578494,discharge
3.3338468992545267,-1.0060134549002844,8.96062402873301,0.998,2.8523333333333336,1076.0,-0.0003033370715659,0.0046784727376216,0.851996045666891,discharge
3.3335435621829608,-1.0059179495149235,8.965302501470632,0.998,2.8520000000000003,1077.0,-0.0003033370715659,0.0046784727376216,0.8518563348405694,discharge
3.3332402251113944,-1.005822444129563,8.969980974208253,0.998,2.851666666666667,1078.0,-0.0003033370715663,0.0046784727376216,0.8517166372788849,discharge
3.3329368880398285,-1.005726938744202,8.974659446945873,0.998,2.8513333333333333,1079.0,-0.0003033370715659,0.0046784727376198,0.8515769529818371,discharge
3.332633550968262,-1.0056314333588414,8.979337919683495,0.998,2.851,1080.0,-0.0003033370715663,0.0046784727376216,0.8514372819494261,discharge
3.332330213896696,-1.0055359279734806,8.984016392421116,0.998,2.8506666666666667,1081.0,-0.0003033370715659,0.0046784727376216,0.851297624181652,discharge
3.33202687682513,-1.00544042258812,8.988694865158738,0.998,2.8503333333333334,1082.0,-0.0003033370715659,0.0046784727376216,0.8511579796785148,discharge
3.331723539753564,-1.005344917202759,8.99337333789636,0.998,2.85,1083.0,-0.0003033370715663,0.0046784727376216,0.8510183484400144,discharge
3.331420202681998,-1.0052494118173985,8.998051810633982,0.998,2.849666666666667,1084.0,-0.0003033370715659,0.0046784727376216,0.8508787304661509,discharge
3.3311168656104315,-1.0051539064320376,9.002730283371603,0.998,2.8493333333333335,1085.0,-0.0003033370715663,0.0046784727376216,0.8507391257569241,discharge
3.3308135285388656,-1.005058401046677,9.007408756109225,0.998,2.849,1086.0,-0.0003033370715659,0.0046784727376216,0.8505995343123344,discharge
3.3305180483124026,-1.0050823880035158,9.007985810682246,0.998,2.8487333333333336,1087.0,-0.0002954802264629,0.0005770545730214,0.8504599395362228,discharge
3.3302225680859396,-1.0051063749603546,9.008562865255268,0.998,2.848466666666667,1088.0,-0.0002954802264629,0.0005770545730214,0.8503203414285894,discharge
3.3299270878594767,-1.0051303619171934,9.009139919828288,0.998,2.8482000000000003,1089.0,-0.0002954802264629,0.0005770545730197,0.8501807399894342,discharge
3.3296316076330137,-1.0051543488740324,9.009716974401307,0.998,2.8479333333333336,1090.0,-0.0002954802264629,0.0005770545730214,0.8500411352187572,discharge
3.3293361274065507,-1.0051783358308712,9.01029402897433,0.998,2.847666666666667,1091.0,-0.0002954802264629,0.0005770545730214,0.8499015271165585,discharge
3.3290406471800877,-1.00520232278771,9.010871083547352,0.998,2.8474000000000004,1092.0,-0.0002954802264629,0.0005770545730214,0.849761915682838,discharge
3.3287451669536248,-1.0052263097445489,9.011448138120372,0.998,2.8471333333333337,1093.0,-0.0002954802264629,0.0005770545730214,0.8496223009175957,discharge
3.3284496867271622,-1.0052502967013877,9.012025192693391,0.998,2.8468666666666667,1094.0,-0.0002954802264625,0.0005770545730197,0.8494826828208316,discharge
3.3281542065006993,-1.0052742836582265,9.012602247266416,0.998,2.8466,1095.0,-0.0002954802264629,0.0005770545730214,0.8493430613925458,discharge
3.3278587262742363,-1.0052982706150653,9.013179301839436,0.998,2.8463333333333334,1096.0,-0.0002954802264629,0.0005770545730214,0.8492034366327381,discharge
3.3275632460477733,-1.005322257571904,9.013756356412458,0.998,2.8460666666666667,1097.0,-0.0002954802264629,0.0005770545730214,0.8490638085414087,discharge
3.3272677658213103,-1.005346244528743,9.01433341098548,0.998,2.8458,1098.0,-0.0002954802264629,0.0005770545730214,0.8489241771185575,discharge
3.3269722855948474,-1.005370231485582,9.0149104655585,0.998,2.8455333333333335,1099.0,-0.0002954802264629,0.0005770545730197,0.8487845423641844,discharge
3.3266768053683844,-1.0053942184424207,9.01548752013152,0.998,2.845266666666667,1100.0,-0.0002954802264629,0.0005770545730214,0.8486449042782898,discharge
3.3263813251419214,-1.0054182053992595,9.016064574704542,0.998,2.845,1101.0,-0.0002954802264629,0.0005770545730214,0.8485052628608731,discharge
3.3260554086476044,-1.0054273174640591,9.020108297353865,0.998,2.8447142857142858,1102.0,-0.000325916494317,0.0040437226493228,0.8483656201778921,discharge
3.325729492153288,-1.0054364295288591,9.024152020003188,0.998,2.844428571428572,1103.0,-0.0003259164943165,0.0040437226493228,0.8482259762293464,discharge
3.325403575658971,-1.005445541593659,9.028195742652509,0.998,2.8441428571428573,1104.0,-0.000325916494317,0.004043722649321,0.8480863310152361,discharge
3.325077659164654,-1.0054546536584583,9.032239465301831,0.998,2.843857142857143,1105.0,-0.000325916494317,0.0040437226493228,0.8479466845355613,discharge
3.324751742670337,-1.0054637657232584,9.036283187951154,0.998,2.843571428571429,1106.0,-0.000325916494317,0.0040437226493228,0.847807036790322,discharge
3.32442582617602,-1.0054728777880582,9.040326910600475,0.998,2.8432857142857144,1107.0,-0.0003259164943165,0.0040437226493228,0.8476673877795181,discharge
3.324099909681703,-1.005481989852858,9.044370633249798,0.998,2.8430000000000004,1108.0,-0.000325916494317,0.004043722649321,0.8475277375031497,discharge
3.323773993187386,-1.0054911019176578,9.04841435589912,0.998,2.842714285714286,1109.0,-0.000325916494317,0.0040437226493228,0.8473880859612166,discharge
3.3234480766930696,-1.0055002139824576,9.052458078548444,0.998,2.8424285714285715,1110.0,-0.0003259164943165,0.0040437226493228,0.8472484331537191,discharge
3.3231221601987526,-1.0055093260472574,9.056501801197768,0.998,2.8421428571428575,1111.0,-0.000325916494317,0.0040437226493228,0.847108779080657,discharge
3.3227962437044356,-1.005518438112057,9.06054552384709,0.998,2.841857142857143,1112.0,-0.000325916494317,0.0040437226493228,0.8469691237420303,discharge
3.3224703272101186,-1.0055275501768568,9.06458924649641,0.998,2.8415714285714286,1113.0,-0.000325916494317,0.004043722649321,0.8468294671378391,discharge
3.322144410715802,-1.0055366622416566,9.068632969145732,0.998,2.841285714285714,1114.0,-0.0003259164943165,0.0040437226493228,0.8466898092680833,discharge
3.321818494221485,-1.0055457743064564,9.072676691795056,0.998,2.841,1115.0,-0.000325916494317,0.0040437226493228,0.846550150132763,discharge
3.321519893209866,-1.0055033201945485,9.077967610551292,0.998,2.840666666666667,1116.0,-0.000298601011619,0.0052909187562359,0.8464104968938471,discharge
3.321221292198247,-1.0054608660826403,9.083258529307528,0.998,2.8403333333333336,1117.0,-0.000298601011619,0.0052909187562359,0.8462708495513356,discharge
3.320922691186628,-1.0054184119707326,9.088549448063764,0.998,2.8400000000000003,1118.0,-0.000298601011619,0.0052909187562359,0.8461312081052286,discharge
3.320624090175009,-1.0053759578588246,9.09384036682,0.998,2.8396666666666666,1119.0,-0.000298601011619,0.0052909187562359,0.8459915725555259,discharge
3.3203254891633898,-1.0053335037469169,9.099131285576236,0.998,2.8393333333333333,1120.0,-0.000298601011619,0.0052909187562359,0.8458519429022278,discharge
3.3200268881517707,-1.0052910496350087,9.104422204332472,0.998,2.839,1121.0,-0.000298601011619,0.0052909187562359,0.845712319145334,discharge
3.3197282871401517,-1.0052485955231008,9.109713123088708,0.998,2.8386666666666667,1122.0,-0.000298601011619,0.0052909187562359,0.8455727012848446,discharge
3.319429686128533,-1.0052061414111928,9.115004041844944,0.998,2.838333333333334,1123.0,-0.0002986010116186,0.0052909187562342,0.8454330893207598,discharge
3.319131085116914,-1.0051636872992848,9.12029496060118,0.998,2.838,1124.0,-0.000298601011619,0.0052909187562359,0.8452934832530793,discharge
3.318832484105295,-1.005121233187377,9.125585879357414,0.998,2.837666666666667,1125.0,-0.000298601011619,0.0052909187562359,0.8451538830818033,discharge
3.318533883093676,-1.005078779075469,9.13087679811365,0.998,2.8373333333333335,1126.0,-0.000298601011619,0.0052909187562359,0.8450142888069316,discharge
3.318235282082057,-1.005036324963561,9.136167716869886,0.998,2.8369999999999997,1127.0,-0.000298601011619,0.0052909187562359,0.8448747004284645,discharge
3.317936681070438,-1.004993870851653,9.141458635626122,0.998,2.8366666666666664,1128.0,-0.000298601011619,0.0052909187562359,0.8447351179464018,discharge
3.3176380800588188,-1.004951416739745,9.146749554382358,0.998,2.836333333333333,1129.0,-0.000298601011619,0.0052909187562359,0.8445955413607436,discharge
3.3173394790471997,-1.0049089626278371,9.152040473138594,0.998,2.836,1130.0,-0.000298601011619,0.0052909187562359,0.8444559706714896,discharge
3.3170606365758353,-1.0050213984311762,9.1545594101765,0.998,2.835733333333333,1131.0,-0.0002788424713644,0.0025189370379052,0.844316384366152,discharge
3.3167817941044704,-1.005133834234515,9.157078347214403,0.998,2.8354666666666666,1132.0,-0.0002788424713648,0.0025189370379052,0.8441767824447305,discharge
3.316502951633106,-1.0052462700378542,9.15959728425231,0.998,2.8352,1133.0,-0.0002788424713644,0.0025189370379052,0.8440371649072252,discharge
3.3162241091617415,-1.005358705841193,9.162116221290216,0.998,2.8349333333333333,1134.0,-0.0002788424713644,0.0025189370379052,0.8438975317536362,discharge
3.315945266690377,-1.005471141644532,9.16463515832812,0.998,2.8346666666666667,1135.0,-0.0002788424713644,0.0025189370379052,0.8437578829839634,discharge
3.315666424219012,-1.005583577447871,9.167154095366026,0.998,2.8344,1136.0,-0.0002788424713648,0.0025189370379052,0.8436182185982067,discharge
3.3153875817476477,-1.00569601325121,9.169673032403932,0.998,2.8341333333333334,1137.0,-0.0002788424713644,0.0025189370379052,0.8434785385963663,discharge
3.3151087392762832,-1.005808449054549,9.17219196944184,0.998,2.8338666666666663,1138.0,-0.0002788424713644,0.002518937037907,0.8433388429784421,discharge
3.314829896804919,-1.005920884857888,9.174710906479744,0.998,2.8335999999999997,1139.0,-0.0002788424713644,0.0025189370379052,0.8431991317444341,discharge
3.314551054333554,-1.0060333206612269,9.17722984351765,0.998,2.833333333333333,1140.0,-0.0002788424713648,0.0025189370379052,0.8430594048943422,discharge
3.3142722118621895,-1.006145756464566,9.179748780555554,0.998,2.8330666666666664,1141.0,-0.0002788424713644,0.0025189370379052,0.8429196624281665,discharge
3.313993369390825,-1.0062581922679048,9.18226771759346,0.998,2.8328,1142.0,-0.0002788424713644,0.0025189370379052,0.8427799043459071,discharge
3.313714526919461,-1.006370628071244,9.184786654631363,0.998,2.832533333333333,1143.0,-0.0002788424713644,0.0025189370379052,0.8426401306475639,discharge
3.3134356844480957,-1.0064830638745828,9.18730559166927,0.998,2.8322666666666665,1144.0,-0.0002788424713648,0.0025189370379052,0.8425003413331369,discharge
3.313156841976731,-1.0065954996779218,9.189824528707176,0.998,2.832,1145.0,-0.0002788424713644,0.0025189370379052,0.8423605364026261,discharge
3.312864863978034,-1.0065600407596098,9.19323233080674,0.998,2.8316666666666666,1146.0,-0.0002919779986974,0.0034078020995647,0.8422207363969649,discharge
3.3125728859793364,-1.0065245818412978,9.196640132906303,0.998,2.8313333333333333,1147.0,-0.0002919779986974,0.0034078020995647,0.8420809413161536,discharge
3.3122809079806395,-1.0064891229229858,9.20004793500587,0.998,2.831,1148.0,-0.0002919779986969,0.0034078020995647,0.8419411511601922,discharge
3.311988929981942,-1.0064536640046735,9.203455737105434,0.998,2.8306666666666667,1149.0,-0.0002919779986974,0.0034078020995647,0.8418013659290804,discharge
3.3116969519832447,-1.0064182050863617,9.206863539205,0.998,2.830333333333334,1150.0,-0.0002919779986974,0.0034078020995647,0.8416615856228183,discharge
3.3114049739845473,-1.0063827461680497,9.210271341304564,0.998,2.83,1151.0,-0.0002919779986974,0.0034078020995647,0.8415218102414062,discharge
3.31111299598585,-1.0063472872497374,9.213679143404129,0.998,2.8296666666666668,1152.0,-0.0002919779986974,0.0034078020995647,0.8413820397848436,discharge
3.310821017987153,-1.0063118283314254,9.217086945503691,0.998,2.829333333333333,1153.0,-0.0002919779986969,0.0034078020995647,0.8412422742531309,discharge
3.3105290399884555,-1.0062763694131134,9.220494747603258,0.998,2.8289999999999997,1154.0,-0.0002919779986974,0.0034078020995647,0.841102513646268,discharge
3.310237061989758,-1.0062409104948014,9.223902549702824,0.998,2.8286666666666664,1155.0,-0.0002919779986974,0.0034078020995647,0.8409627579642548,discharge
3.3099450839910607,-1.006205451576489,9.227310351802387,0.998,2.828333333333333,1156.0,-0.0002919779986974,0.0034078020995647,0.8408230072070915,discharge
3.3096531059923633,-1.006169992658177,9.230718153901952,0.998,2.828,1157.0,-0.0002919779986974,0.0034078020995647,0.8406832613747778,discharge
3.3093611279936663,-1.006134533739865,9.234125956001517,0.998,2.8276666666666666,1158.0,-0.0002919779986969,0.0034078020995647,0.840543520467314,discharge
3.309069149994969,-1.006099074821553,9.23753375810108,0.998,2.8273333333333333,1159.0,-0.0002919779986974,0.0034078020995647,0.8404037844846998,discharge
3.3087771719962715,-1.006063615903241,9.240941560200646,0.998,2.827,1160.0,-0.0002919779986974,0.0034078020995647,0.8402640534269354,discharge
3.3084796948806328,-1.0059757979685746,9.243026878017432,0.998,2.8267333333333333,1161.0,-0.0002974771156387,0.0020853178167872,0.8401243345661065,discharge
3.308182217764994,-1.0058879800339082,9.24511219583422,0.998,2.8264666666666667,1162.0,-0.0002974771156387,0.0020853178167854,0.8399846279022128,discharge
3.307884740649355,-1.0058001620992418,9.247197513651006,0.998,2.8262,1163.0,-0.0002974771156392,0.0020853178167872,0.8398449334352547,discharge
3.307587263533716,-1.0057123441645754,9.249282831467792,0.998,2.8259333333333334,1164.0,-0.0002974771156387,0.0020853178167872,0.8397052511652318,discharge
3.3072897864180772,-1.005624526229909,9.25136814928458,0.998,2.8256666666666668,1165.0,-0.0002974771156387,0.0020853178167854,0.8395655810921443,discharge
3.3069923093024385,-1.0055367082952429,9.253453467101366,0.998,2.8254,1166.0,-0.0002974771156387,0.0020853178167872,0.8394259232159922,discharge
3.3066948321867997,-1.0054488903605765,9.255538784918151,0.998,2.8251333333333335,1167.0,-0.0002974771156387,0.0020853178167872,0.8392862775367754,discharge
3.3063973550711605,-1.00536107242591,9.25762410273494,0.998,2.8248666666666664,1168.0,-0.0002974771156392,0.0020853178167854,0.839146644054494,discharge
3.3060998779555217,-1.0052732544912435,9.259709420551726,0.998,2.8246,1169.0,-0.0002974771156387,0.0020853178167872,0.8390070227691481,discharge
3.305802400839883,-1.005185436556577,9.261794738368511,0.998,2.824333333333333,1170.0,-0.0002974771156387,0.0020853178167872,0.8388674136807375,discharge
3.305504923724244,-1.0050976186219107,9.2638800561853,0.998,2.8240666666666665,1171.0,-0.0002974771156387,0.0020853178167854,0.8387278167892621,discharge
3.3052074466086054,-1.0050098006872443,9.265965374002086,0.998,2.8238,1172.0,-0.0002974771156387,0.0020853178167872,0.8385882320947222,discharge
3.3049099694929662,-1.004921982752578,9.268050691818871,0.998,2.8235333333333332,1173.0,-0.0002974771156392,0.0020853178167872,0.8384486595971177,discharge
3.3046124923773275,-1.0048341648179115,9.270136009635658,0.998,2.8232666666666666,1174.0,-0.0002974771156387,0.0020853178167854,0.8383090992964486,discharge
3.3043150152616887,-1.0047463468832452,9.272221327452446,0.998,2.823,1175.0,-0.0002974771156387,0.0020853178167872,0.8381695511927147,discharge
3.304016902582287,-1.004825459695017,9.276431937538684,0.998,2.8227333333333333,1176.0,-0.0002981126794017,0.0042106100862397,0.8380299921010905,discharge
3.3037187899028857,-1.004904572506789,9.280642547624923,0.998,2.8224666666666667,1177.0,-0.0002981126794012,0.0042106100862397,0.8378904220215756,discharge
3.303420677223484,-1.004983685318561,9.284853157711163,0.998,2.8222,1178.0,-0.0002981126794017,0.0042106100862397,0.8377508409541703,discharge
3.3031225645440823,-1.005062798130333,9.289063767797405,0.998,2.8219333333333334,1179.0,-0.0002981126794017,0.0042106100862397,0.8376112488988744,discharge
3.302824451864681,-1.005141910942105,9.293274377883645,0.998,2.8216666666666668,1180.0,-0.0002981126794012,0.0042106100862397,0.837471645855688,discharge
3.3025263391852793,-1.0052210237538768,9.297484987969884,0.998,2.8214,1181.0,-0.0002981126794017,0.0042106100862397,0.837332031824611,discharge
3.3022282265058776,-1.0053001365656489,9.301695598056124,0.998,2.8211333333333335,1182.0,-0.0002981126794017,0.0042106100862397,0.8371924068056436,discharge
3.3019301138264763,-1.0053792493774207,9.305906208142362,0.998,2.8208666666666664,1183.0,-0.0002981126794012,0.004210610086238,0.8370527707987856,discharge
3.3016320011470746,-1.0054583621891928,9.310116818228602,0.998,2.8206,1184.0,-0.0002981126794017,0.0042106100862397,0.836913123804037,discharge
3.301333888467673,-1.005537475000965,9.314327428314842,0.998,2.820333333333333,1185.0,-0.0002981126794017,0.0042106100862397,0.8367734658213981,discharge
3.3010357757882716,-1.0056165878127366,9.318538038401082,0.998,2.8200666666666665,1186.0,-0.0002981126794012,0.0042106100862397,0.8366337968508686,discharge
3.30073766310887,-1.0056957006245086,9.32274864848732,0.998,2.8198,1187.0,-0.0002981126794017,0.0042106100862397,0.8364941168924485,discharge
3.300439550429468,-1.0057748134362805,9.32695925857356,0.998,2.8195333333333332,1188.0,-0.0002981126794017,0.0042106100862397,0.8363544259461378,discharge
3.300141437750067,-1.0058539262480526,9.3311698686598,0.998,2.8192666666666666,1189.0,-0.0002981126794012,0.0042106100862397,0.8362147240119367,discharge
3.299843325070665,-1.0059330390598245,9.33538047874604,0.998,2.819,1190.0,-0.0002981126794017,0.0042106100862397,0.8360750110898452,discharge
3.299567868944107,-1.0057853591678254,9.33878321592969,0.998,2.8187333333333333,1191.0,-0.0002754561265581,0.0034027371836486,0.8359353186788496,discharge
3.29929241281755,-1.0056376792758264,9.342185953113336,0.998,2.8184666666666667,1192.0,-0.0002754561265576,0.0034027371836469,0.8357956467789501,discharge
3.2990169566909913,-1.005489999383827,9.345588690296983,0.998,2.8182,1193.0,-0.0002754561265581,0.0034027371836486,0.8356559953901468,discharge
3.298741500564433,-1.005342319491828,9.348991427480632,0.998,2.8179333333333334,1194.0,-0.0002754561265581,0.0034027371836469,0.8355163645124396,discharge
3.298466044437875,-1.005194639599829,9.35239416466428,0.998,2.8176666666666668,1195.0,-0.0002754561265581,0.0034027371836486,0.8353767541458286,discharge
3.2981905883113174,-1.00504695970783,9.35579690184793,0.998,2.8174,1196.0,-0.0002754561265576,0.0034027371836486,0.8352371642903136,discharge
3.2979151321847593,-1.004899279815831,9.359199639031576,0.998,2.8171333333333335,1197.0,-0.0002754561265581,0.0034027371836469,0.8350975949458948,discharge
3.297639676058201,-1.004751599923832,9.362602376215223,0.998,2.8168666666666664,1198.0,-0.0002754561265581,0.0034027371836486,0.834958046112572,discharge
3.297364219931643,-1.0046039200318329,9.366005113398872,0.998,2.8166,1199.0,-0.0002754561265581,0.0034027371836469,0.8348185177903453,discharge
3.2970887638050854,-1.0044562401398338,9.36940785058252,0.998,2.816333333333333,1200.0,-0.0002754561265576,0.0034027371836486,0.8346790099792147,discharge
3.2968133076785273,-1.0043085602478348,9.37281058776617,0.998,2.8160666666666665,1201.0,-0.0002754561265581,0.0034027371836486,0.8345395226791803,discharge
3.296537851551969,-1.0041608803558355,9.376213324949816,0.998,2.8158,1202.0,-0.0002754561265581,0.0034027371836469,0.834400055890242,discharge
3.296262395425411,-1.0040132004638365,9.379616062133463,0.998,2.815533333333333,1203.0,-0.0002754561265581,0.0034027371836486,0.8342606096123999,discharge
3.2959869392988534,-1.0038655205718374,9.383018799317112,0.998,2.8152666666666666,1204.0,-0.0002754561265576,0.0034027371836469,0.8341211838456537,discharge
3.2957114831722953,-1.0037178406798384,9.38642153650076,0.998,2.815,1205.0,-0.0002754561265581,0.0034027371836486,0.8339817785900038,discharge
3.2954182743654052,-1.003906328805244,9.390246274969348,0.998,2.8146666666666667,1206.0,-0.00029320880689,0.0038247384685874,0.8338423471554475,discharge
3.2951250655585147,-1.0040948169306494,9.394071013437934,0.998,2.814333333333334,1207.0,-0.0002932088068905,0.0038247384685856,0.8337028895419849,discharge
3.2948318567516246,-1.004283305056055,9.39789575190652,0.998,2.814,1208.0,-0.00029320880689,0.0038247384685874,0.833563405749616,discharge
3.2945386479447345,-1.0044717931814606,9.401720490375109,0.998,2.8136666666666668,1209.0,-0.00029320880689,0.0038247384685856,0.8334238957783409,discharge
3.2942454391378444,-1.004660281306866,9.405545228843694,0.998,2.8133333333333335,1210.0,-0.00029320880689,0.0038247384685874,0.8332843596281594,discharge
3.293952230330954,-1.0048487694322716,9.409369967312282,0.998,2.813,1211.0,-0.0002932088068905,0.0038247384685874,0.8331447972990715,discharge
3.293659021524064,-1.0050372575576771,9.413194705780867,0.998,2.812666666666667,1212.0,-0.00029320880689,0.0038247384685856,0.8330052087910773,discharge
3.2933658127171737,-1.0052257456830826,9.417019444249457,0.998,2.812333333333333,1213.0,-0.00029320880689,0.0038247384685874,0.8328655941041769,discharge
3.2930726039102836,-1.0054142338084882,9.42084418271804,0.998,2.812,1214.0,-0.00029320880689,0.0038247384685856,0.8327259532383702,discharge
3.292779395103393,-1.0056027219338937,9.424668921186628,0.998,2.8116666666666665,1215.0,-0.0002932088068905,0.0038247384685874,0.8325862861936572,discharge
3.292486186296503,-1.0057912100592992,9.428493659655215,0.998,2.8113333333333332,1216.0,-0.00029320880689,0.0038247384685874,0.8324465929700379,discharge
3.292192977489613,-1.005979698184705,9.4323183981238,0.998,2.811,1217.0,-0.00029320880689,0.0038247384685856,0.8323068735675122,discharge
3.2918997686827227,-1.0061681863101104,9.436143136592388,0.998,2.810666666666666,1218.0,-0.00029320880689,0.0038247384685874,0.8321671279860803,discharge
3.291606559875832,-1.006356674435516,9.439967875060974,0.998,2.8103333333333333,1219.0,-0.0002932088068905,0.0038247384685856,0.832027356225742,discharge
3.291313351068942,-1.0065451625609214,9.443792613529562,0.998,2.81,1220.0,-0.00029320880689,0.0038247384685874,0.8318875582864974,discharge
3.2910348102018343,-1.006567473533705,9.447016217226706,0.998,2.8097333333333334,1221.0,-0.0002785408671077,0.003223603697144,0.8317477572485066,discharge
3.290756269334726,-1.0065897845064884,9.45023982092385,0.998,2.809466666666667,1222.0,-0.0002785408671082,0.003223603697144,0.8316079531117695,discharge
3.2904777284676183,-1.006612095479272,9.453463424620992,0.998,2.8092,1223.0,-0.0002785408671077,0.0032236036971422,0.8314681458762863,discharge
3.29019918760051,-1.0066344064520554,9.456687028318136,0.998,2.8089333333333335,1224.0,-0.0002785408671082,0.003223603697144,0.8313283355420569,discharge
3.2899206467334023,-1.0066567174248389,9.45991063201528,0.998,2.808666666666667,1225.0,-0.0002785408671077,0.003223603697144,0.8311885221090811,discharge
3.2896421058662946,-1.0066790283976224,9.463134235712424,0.998,2.8084,1226.0,-0.0002785408671077,0.003223603697144,0.8310487055773592,discharge
3.2893635649991864,-1.0067013393704058,9.466357839409568,0.998,2.8081333333333336,1227.0,-0.0002785408671082,0.003223603697144,0.8309088859468912,discharge
3.2890850241320786,-1.0067236503431891,9.46958144310671,0.998,2.8078666666666665,1228.0,-0.0002785408671077,0.0032236036971422,0.8307690632176769,discharge
3.2888064832649704,-1.0067459613159726,9.472805046803854,0.998,2.8076,1229.0,-0.0002785408671082,0.003223603697144,0.8306292373897163,discharge
3.2885279423978626,-1.006768272288756,9.476028650500998,0.998,2.8073333333333332,1230.0,-0.0002785408671077,0.003223603697144,0.8304894084630094,discharge
3.288249401530755,-1.0067905832615396,9.479252254198142,0.998,2.8070666666666666,1231.0,-0.0002785408671077,0.003223603697144,0.8303495764375565,discharge
3.287970860663646,-1.006812894234323,9.482475857895286,0.998,2.8068,1232.0,-0.0002785408671082,0.003223603697144,0.8302097413133572,discharge
3.287692319796539,-1.0068352052071066,9.485699461592429,0.998,2.8065333333333333,1233.0,-0.0002785408671077,0.0032236036971422,0.8300699030904118,discharge
3.2874137789294307,-1.00685751617989,9.488923065289573,0.998,2.8062666666666667,1234.0,-0.0002785408671082,0.003223603697144,0.8299300617687202,discharge
3.287135238062323,-1.0068798271526735,9.492146668986717,0.998,2.806,1235.0,-0.0002785408671077,0.003223603697144,0.8297902173482823,discharge
3.2868576766039084,-1.0068602857629525,9.493865741931948,0.998,2.8057333333333334,1236.0,-0.0002775614584145,0.0017190729452316,0.8296503756419263,discharge
3.286580115145494,-1.0068407443732308,9.49558481487718,0.998,2.8054666666666668,1237.0,-0.0002775614584145,0.0017190729452316,0.8295105366496522,discharge
3.286302553687079,-1.0068212029835095,9.497303887822412,0.998,2.8052,1238.0,-0.0002775614584149,0.0017190729452334,0.8293707003714601,discharge
3.2860249922286644,-1.006801661593788,9.499022960767643,0.998,2.8049333333333335,1239.0,-0.0002775614584145,0.0017190729452316,0.8292308668073498,discharge
3.28574743077025,-1.0067821202040668,9.500742033712877,0.998,2.804666666666667,1240.0,-0.0002775614584145,0.0017190729452316,0.8290910359573216,discharge
3.2854698693118354,-1.0067625788143453,9.502461106658108,0.998,2.8044,1241.0,-0.0002775614584145,0.0017190729452316,0.8289512078213751,discharge
3.285192307853421,-1.006743037424624,9.50418017960334,0.998,2.8041333333333336,1242.0,-0.0002775614584145,0.0017190729452316,0.8288113823995106,discharge
3.284914746395006,-1.0067234960349023,9.505899252548572,0.998,2.8038666666666665,1243.0,-0.0002775614584149,0.0017190729452334,0.828671559691728,discharge
3.2846371849365914,-1.0067039546451813,9.507618325493803,0.998,2.8036,1244.0,-0.0002775614584145,0.0017190729452316,0.8285317396980272,discharge
3.284359623478177,-1.0066844132554598,9.509337398439037,0.998,2.8033333333333332,1245.0,-0.0002775614584145,0.0017190729452316,0.8283919224184084,discharge
3.2840820620197624,-1.0066648718657385,9.511056471384268,0.998,2.8030666666666666,1246.0,-0.0002775614584145,0.0017190729452316,0.8282521078528715,discharge
3.283804500561348,-1.006645330476017,9.5127755443295,0.998,2.8028,1247.0,-0.0002775614584145,0.0017190729452316,0.8281122960014164,discharge
3.283526939102933,-1.0066257890862955,9.514494617274734,0.998,2.8025333333333333,1248.0,-0.0002775614584149,0.0017190729452334,0.8279724868640435,discharge
3.2832493776445184,-1.0066062476965745,9.516213690219963,0.998,2.8022666666666667,1249.0,-0.0002775614584145,0.0017190729452316,0.8278326804407522,discharge
3.282971816186104,-1.006586706306853,9.517932763165197,0.998,2.802,1250.0,-0.0002775614584145,0.0017190729452316,0.8276928767315429,discharge
3.2826810169446263,-1.0064822657484451,9.522120838714873,0.998,2.8016666666666667,1251.0,-0.0002907992414775,0.0041880755496741,0.8275530875279667,discharge
3.2823902177031483,-1.006377825190038,9.526308914264543,0.998,2.8013333333333335,1252.0,-0.000290799241478,0.0041880755496723,0.8274133128300237,discharge
3.2820994184616707,-1.0062733846316303,9.530496989814218,0.998,2.801,1253.0,-0.0002907992414775,0.0041880755496741,0.8272735526377137,discharge
3.281808619220193,-1.0061689440732229,9.534685065363892,0.998,2.800666666666667,1254.0,-0.0002907992414775,0.0041880755496741,0.827133806951037,discharge
3.2815178199787156,-1.0060645035148152,9.538873140913566,0.998,2.8003333333333336,1255.0,-0.0002907992414775,0.0041880755496741,0.8269940757699932,discharge
3.2812270207372376,-1.0059600629564078,9.543061216463238,0.998,2.8000000000000003,1256.0,-0.000290799241478,0.0041880755496723,0.8268543590945826,discharge
3.28093622149576,-1.0058556223980002,9.547249292012912,0.998,2.799666666666667,1257.0,-0.0002907992414775,0.0041880755496741,0.8267146569248052,discharge
3.2806454222542825,-1.0057511818395928,9.551437367562588,0.998,2.7993333333333332,1258.0,-0.0002907992414775,0.0041880755496741,0.8265749692606608,discharge
3.280354623012805,-1.0056467412811851,9.55562544311226,0.998,2.799,1259.0,-0.0002907992414775,0.0041880755496741,0.8264352961021495,discharge
3.280063823771327,-1.0055423007227775,9.559813518661931,0.998,2.798666666666666,1260.0,-0.000290799241478,0.0041880755496723,0.8262956374492714,discharge
3.2797730245298493,-1.00543786016437,9.564001594211607,0.998,2.7983333333333333,1261.0,-0.0002907992414775,0.0041880755496741,0.8261559933020263,discharge
3.2794822252883717,-1.005333419605963,9.56818966976128,0.998,2.798,1262.0,-0.0002907992414775,0.0041880755496741,0.8260163636604143,discharge
3.279191426046894,-1.005228979047555,9.572377745310956,0.998,2.7976666666666667,1263.0,-0.0002907992414775,0.0041880755496741,0.8258767485244355,discharge
3.278900626805416,-1.0051245384891476,9.576565820860628,0.998,2.7973333333333334,1264.0,-0.000290799241478,0.0041880755496723,0.8257371478940898,discharge
3.2786098275639386,-1.00502009793074,9.580753896410302,0.998,2.797,1265.0,-0.0002907992414775,0.0041880755496741,0.8255975617693772,discharge
3.278317220887628,-1.0049883451242303,9.58521280393935,0.998,2.7967333333333335,1266.0,-0.0002926066763104,0.004458907529047,0.8254579800547766,discharge
3.2780246142113176,-1.004956592317721,9.589671711468396,0.998,2.796466666666667,1267.0,-0.0002926066763104,0.004458907529047,0.825318402750288,discharge
3.277732007535007,-1.0049248395112116,9.594130618997443,0.998,2.7962,1268.0,-0.0002926066763104,0.004458907529047,0.8251788298559114,discharge
3.277439400858697,-1.004893086704702,9.59858952652649,0.998,2.7959333333333336,1269.0,-0.00029260667631,0.004458907529047,0.8250392613716468,discharge
3.277146794182386,-1.0048613338981929,9.603048434055538,0.998,2.795666666666667,1270.0,-0.0002926066763104,0.004458907529047,0.8248996972974943,discharge
3.276854187506076,-1.0048295810916832,9.607507341584585,0.998,2.7954000000000003,1271.0,-0.0002926066763104,0.004458907529047,0.8247601376334539,discharge
3.2765615808297657,-1.0047978282851735,9.611966249113632,0.998,2.7951333333333337,1272.0,-0.0002926066763104,0.004458907529047,0.8246205823795254,discharge
3.276268974153455,-1.004766075478664,9.61642515664268,0.998,2.7948666666666666,1273.0,-0.0002926066763104,0.0044589075290488,0.824481031535709,discharge
3.2759763674771447,-1.0047343226721546,9.620884064171728,0.998,2.7946,1274.0,-0.0002926066763104,0.004458907529047,0.8243414851020044,discharge
3.2756837608008342,-1.004702569865645,9.625342971700777,0.998,2.7943333333333333,1275.0,-0.0002926066763104,0.004458907529047,0.824201943078412,discharge
3.275391154124524,-1.0046708170591356,9.629801879229822,0.998,2.7940666666666667,1276.0,-0.0002926066763104,0.004458907529047,0.8240624054649315,discharge
3.2750985474482137,-1.0046390642526262,9.634260786758867,0.998,2.7938,1277.0,-0.00029260667631,0.004458907529047,0.8239228722615631,discharge
3.2748059407719032,-1.0046073114461167,9.638719694287916,0.998,2.7935333333333334,1278.0,-0.0002926066763104,0.004458907529047,0.8237833434683067,discharge
3.2745133340955928,-1.0045755586396072,9.643178601816963,0.998,2.793266666666667,1279.0,-0.0002926066763104,0.004458907529047,0.8236438190851623,discharge
3.2742207274192823,-1.0045438058330978,9.64763750934601,0.998,2.793,1280.0,-0.0002926066763104,0.004458907529047,0.82350429911213,discharge
3.273938841885155,-1.0046322731919397,9.65126875634391,0.998,2.7927333333333335,1281.0,-0.0002818855341271,0.0036312469978998,0.8233647668519645,discharge
3.2736569563510285,-1.004720740550782,9.654900003341808,0.998,2.792466666666667,1282.0,-0.0002818855341266,0.003631246997898,0.8232252223046657,discharge
3.273375070816902,-1.0048092079096238,9.658531250339708,0.998,2.7922,1283.0,-0.0002818855341271,0.0036312469978998,0.8230856654702339,discharge
3.2730931852827747,-1.0048976752684655,9.662162497337606,0.998,2.7919333333333336,1284.0,-0.0002818855341266,0.003631246997898,0.8229460963486688,discharge
3.2728112997486476,-1.004986142627308,9.665793744335506,0.998,2.791666666666667,1285.0,-0.0002818855341271,0.0036312469978998,0.8228065149399706,discharge
3.2725294142145205,-1.0050746099861498,9.669424991333404,0.998,2.7914000000000003,1286.0,-0.0002818855341271,0.003631246997898,0.8226669212441391,discharge
3.272247528680394,-1.0051630773449918,9.673056238331304,0.998,2.7911333333333337,1287.0,-0.0002818855341266,0.0036312469978998,0.8225273152611745,discharge
3.2719656431462667,-1.005251544703834,9.676687485329202,0.998,2.7908666666666666,1288.0,-0.0002818855341271,0.003631246997898,0.8223876969910767,discharge
3.27168375761214,-1.005340012062676,9.680318732327102,0.998,2.7906,1289.0,-0.0002818855341266,0.0036312469978998,0.8222480664338458,discharge
3.271401872078013,-1.0054284794215178,9.683949979325,0.998,2.7903333333333333,1290.0,-0.0002818855341271,0.003631246997898,0.8221084235894818,discharge
3.271119986543886,-1.00551694678036,9.6875812263229,0.998,2.7900666666666667,1291.0,-0.0002818855341271,0.0036312469978998,0.8219687684579844,discharge
3.270838101009759,-1.005605414139202,9.691212473320798,0.998,2.7898,1292.0,-0.0002818855341266,0.003631246997898,0.821829101039354,discharge
3.270556215475632,-1.0056938814980438,9.694843720318698,0.998,2.7895333333333334,1293.0,-0.0002818855341271,0.0036312469978998,0.8216894213335904,discharge
3.270274329941506,-1.005782348856886,9.698474967316596,0.998,2.789266666666667,1294.0,-0.0002818855341266,0.003631246997898,0.8215497293406936,discharge
3.2699924444073782,-1.005870816215728,9.702106214314496,0.998,2.789,1295.0,-0.0002818855341271,0.0036312469978998,0.8214100250606636,discharge
3.2697006896623195,-1.0059144065597507,9.705158104253464,0.998,2.7887333333333335,1296.0,-0.0002917547450587,0.0030518899389697,0.8212703147264193,discharge
3.2694089349172604,-1.0059579969037735,9.708209994192435,0.998,2.788466666666667,1297.0,-0.0002917547450591,0.0030518899389697,0.8211305983379604,discharge
3.2691171801722017,-1.0060015872477963,9.711261884131403,0.998,2.7882,1298.0,-0.0002917547450587,0.0030518899389697,0.8209908758952871,discharge
3.2688254254271425,-1.006045177591819,9.714313774070376,0.998,2.7879333333333336,1299.0,-0.0002917547450591,0.0030518899389697,0.8208511473983993,discharge
3.268533670682084,-1.006088767935842,9.717365664009344,0.998,2.787666666666667,1300.0,-0.0002917547450587,0.0030518899389697,0.8207114128472971,discharge
3.268241915937025,-1.0061323582798647,9.720417553948314,0.998,2.7874000000000003,1301.0,-0.0002917547450587,0.0030518899389697,0.8205716722419805,discharge
3.267950161191966,-1.0061759486238877,9.723469443887284,0.998,2.7871333333333337,1302.0,-0.0002917547450591,0.0030518899389697,0.8204319255824494,discharge
3.267658406446907,-1.00621953896791,9.726521333826255,0.998,2.7868666666666666,1303.0,-0.0002917547450587,0.0030518899389715,0.8202921728687038,discharge
3.267366651701848,-1.0062631293119328,9.729573223765223,0.998,2.7866,1304.0,-0.0002917547450591,0.0030518899389697,0.8201524141007439,discharge
3.2670748969567893,-1.0063067196559556,9.732625113704197,0.998,2.7863333333333333,1305.0,-0.0002917547450587,0.0030518899389697,0.8200126492785694,discharge
3.2667831422117306,-1.0063503099999784,9.735677003643165,0.998,2.7860666666666667,1306.0,-0.0002917547450587,0.0030518899389697,0.8198728784021805,discharge
3.266491387466671,-1.0063939003440012,9.738728893582136,0.998,2.7858,1307.0,-0.0002917547450591,0.0030518899389697,0.8197331014715772,discharge
3.2661996327216127,-1.006437490688024,9.741780783521104,0.998,2.7855333333333334,1308.0,-0.0002917547450587,0.0030518899389697,0.8195933184867594,discharge
3.2659078779765536,-1.0064810810320468,9.744832673460074,0.998,2.785266666666667,1309.0,-0.0002917547450591,0.0030518899389697,0.8194535294477272,discharge
3.265616123231495,-1.0065246713760696,9.747884563399044,0.998,2.785,1310.0,-0.0002917547450587,0.0030518899389697,0.8193137343544805,discharge
3.26531602415935,-1.0065010891476245,9.750904817641032,0.998,2.7846428571428574,1311.0,-0.0003000990721448,0.0030202542419885,0.8191739425365434,discharge
3.265015925087205,-1.0064775069191791,9.753925071883025,0.998,2.7842857142857143,1312.0,-0.0003000990721448,0.0030202542419903,0.8190341539939157,discharge
3.26471582601506,-1.0064539246907338,9.756945326125011,0.998,2.7839285714285715,1313.0,-0.0003000990721448,0.0030202542419885,0.8188943687265975,discharge
3.2644157269429153,-1.006430342462289,9.759965580367,0.998,2.783571428571429,1314.0,-0.0003000990721448,0.0030202542419885,0.8187545867345889,discharge
3.2641156278707704,-1.0064067602338436,9.762985834608989,0.998,2.7832142857142856,1315.0,-0.0003000990721448,0.0030202542419885,0.8186148080178897,discharge
3.2638155287986255,-1.0063831780053982,9.76600608885098,0.998,2.782857142857143,1316.0,-0.0003000990721448,0.0030202542419903,0.8184750325765001,discharge
3.263515429726481,-1.0063595957769529,9.769026343092968,0.998,2.7825,1317.0,-0.0003000990721448,0.0030202542419885,0.8183352604104199,discharge
3.2632153306543357,-1.0063360135485078,9.772046597334956,0.998,2.782142857142857,1318.0,-0.0003000990721448,0.0030202542419885,0.8181954915196493,discharge
3.2629152315821908,-1.0063124313200629,9.775066851576948,0.998,2.7817857142857143,1319.0,-0.0003000990721448,0.0030202542419903,0.8180557259041883,discharge
3.262615132510046,-1.0062888490916173,9.778087105818935,0.998,2.781428571428571,1320.0,-0.0003000990721448,0.0030202542419885,0.8179159635640366,discharge
3.262315033437901,-1.006265266863172,9.781107360060924,0.998,2.7810714285714284,1321.0,-0.0003000990721448,0.0030202542419885,0.8177762044991945,discharge
3.262014934365756,-1.0062416846347269,9.784127614302912,0.998,2.7807142857142857,1322.0,-0.0003000990721448,0.0030202542419885,0.8176364487096619,discharge
3.261714835293611,-1.0062181024062815,9.787147868544904,0.998,2.7803571428571425,1323.0,-0.0003000990721448,0.0030202542419903,0.8174966961954389,discharge
3.2614147362214663,-1.0061945201778364,9.790168122786891,0.998,2.78,1324.0,-0.0003000990721448,0.0030202542419885,0.8173569469565252,discharge
3.2611204882971063,-1.0061786795970802,9.7931499210975,0.998,2.779733333333333,1325.0,-0.0002942479243599,0.0029817983106088,0.8172171999176923,discharge
3.2608262403727464,-1.0061628390163238,9.796131719408107,0.998,2.7794666666666665,1326.0,-0.0002942479243599,0.0029817983106088,0.81707745507894,discharge
3.2605319924483864,-1.0061469984355675,9.799113517718718,0.998,2.7792,1327.0,-0.0002942479243599,0.0029817983106088,0.8169377124402685,discharge
3.260237744524027,-1.006131157854811,9.802095316029323,0.998,2.7789333333333333,1328.0,-0.0002942479243595,0.002981798310607,0.8167979720016775,discharge
3.259943496599667,-1.006115317274055,9.805077114339934,0.998,2.7786666666666666,1329.0,-0.0002942479243599,0.0029817983106088,0.8166582337631673,discharge
3.259649248675307,-1.0060994766932985,9.808058912650544,0.998,2.7784,1330.0,-0.0002942479243599,0.0029817983106088,0.8165184977247376,discharge
3.259355000750947,-1.0060836361125425,9.811040710961151,0.998,2.7781333333333333,1331.0,-0.0002942479243599,0.0029817983106088,0.8163787638863886,discharge
3.259060752826587,-1.0060677955317858,9.81402250927176,0.998,2.7778666666666663,1332.0,-0.0002942479243599,0.0029817983106088,0.8162390322481203,discharge
3.258766504902227,-1.0060519549510296,9.81700430758237,0.998,2.7775999999999996,1333.0,-0.0002942479243599,0.0029817983106088,0.8160993028099326,discharge
3.2584722569778672,-1.0060361143702732,9.819986105892978,0.998,2.777333333333333,1334.0,-0.0002942479243599,0.0029817983106088,0.8159595755718256,discharge
3.2581780090535073,-1.006020273789517,9.822967904203589,0.998,2.7770666666666664,1335.0,-0.0002942479243599,0.0029817983106088,0.8158198505337994,discharge
3.257883761129148,-1.0060044332087603,9.825949702514194,0.998,2.7767999999999997,1336.0,-0.0002942479243595,0.002981798310607,0.8156801276958536,discharge
3.257589513204788,-1.0059885926280043,9.828931500824805,0.998,2.776533333333333,1337.0,-0.0002942479243599,0.0029817983106088,0.8155404070579887,discharge
3.257295265280428,-1.005972752047248,9.831913299135412,0.998,2.7762666666666664,1338.0,-0.0002942479243599,0.0029817983106088,0.8154006886202043,discharge
3.257001017356068,-1.0059569114664917,9.83489509744602,0.998,2.776,1339.0,-0.0002942479243599,0.0029817983106088,0.8152609723825006,discharge
3.2567062679384233,-1.0060467531771462,9.838880559979511,0.998,2.775733333333333,1340.0,-0.0002947494176446,0.0039854625334925,0.8151212436667816,discharge
3.2564115185207787,-1.006136594887801,9.842866022513006,0.998,2.7754666666666665,1341.0,-0.0002947494176446,0.0039854625334925,0.8149815024730472,discharge
3.256116769103134,-1.0062264365984557,9.846851485046498,0.998,2.7752,1342.0,-0.0002947494176446,0.0039854625334925,0.8148417488012974,discharge
3.2558220196854895,-1.0063162783091102,9.85083694757999,0.998,2.7749333333333333,1343.0,-0.0002947494176446,0.0039854625334925,0.8147019826515323,discharge
3.255527270267845,-1.0064061200197647,9.854822410113483,0.998,2.7746666666666666,1344.0,-0.0002947494176446,0.0039854625334925,0.8145622040237517,discharge
3.2552325208502,-1.0064959617304192,9.858807872646976,0.998,2.7744,1345.0,-0.0002947494176446,0.0039854625334925,0.8144224129179558,discharge
3.2549377714325556,-1.006585803441074,9.862793335180468,0.998,2.7741333333333333,1346.0,-0.0002947494176446,0.0039854625334925,0.8142826093341445,discharge
3.2546430220149105,-1.0066756451517285,9.866778797713962,0.998,2.7738666666666663,1347.0,-0.000294749417645,0.0039854625334942,0.814142793272318,discharge
3.254348272597266,-1.0067654868623832,9.870764260247457,0.998,2.7735999999999996,1348.0,-0.0002947494176446,0.0039854625334925,0.8140029647324759,discharge
3.2540535231796213,-1.0068553285730375,9.874749722780948,0.998,2.773333333333333,1349.0,-0.0002947494176446,0.0039854625334925,0.8138631237146186,discharge
3.2537587737619766,-1.0069451702836922,9.87873518531444,0.998,2.7730666666666663,1350.0,-0.0002947494176446,0.0039854625334925,0.8137232702187458,discharge
3.253464024344332,-1.007035011994347,9.882720647847933,0.998,2.7727999999999997,1351.0,-0.0002947494176446,0.0039854625334925,0.8135834042448578,discharge
3.2531692749266874,-1.0071248537050017,9.886706110381423,0.998,2.772533333333333,1352.0,-0.0002947494176446,0.0039854625334925,0.8134435257929543,discharge
3.2528745255090428,-1.0072146954156562,9.890691572914918,0.998,2.7722666666666664,1353.0,-0.0002947494176446,0.0039854625334925,0.8133036348630355,discharge
3.252579776091398,-1.0073045371263107,9.89467703544841,0.998,2.772,1354.0,-0.0002947494176446,0.0039854625334925,0.8131637314551012,discharge
3.2522866669488595,-1.007221081087874,9.896386573415077,0.998,2.7716666666666665,1355.0,-0.0002931091425386,0.0017095379666649,0.8130238396382834,discharge
3.2519935578063213,-1.0071376250494375,9.89809611138174,0.998,2.771333333333333,1356.0,-0.0002931091425382,0.0017095379666649,0.8128839594125822,discharge
3.2517004486637826,-1.0070541690110006,9.899805649348403,0.998,2.771,1357.0,-0.0002931091425386,0.0017095379666631,0.8127440907779973,discharge
3.2514073395212444,-1.006970712972564,9.901515187315068,0.998,2.7706666666666666,1358.0,-0.0002931091425382,0.0017095379666649,0.8126042337345288,discharge
3.2511142303787057,-1.0068872569341274,9.903224725281731,0.998,2.7703333333333333,1359.0,-0.0002931091425386,0.0017095379666649,0.8124643882821769,discharge
3.250821121236167,-1.0068038008956908,9.904934263248398,0.998,2.77,1360.0,-0.0002931091425386,0.0017095379666649,0.8123245544209414,discharge
3.250528012093629,-1.006720344857254,9.906643801215065,0.998,2.7696666666666667,1361.0,-0.0002931091425382,0.0017095379666649,0.8121847321508223,discharge
3.25023490295109,-1.0066368888188173,9.908353339181726,0.998,2.769333333333333,1362.0,-0.0002931091425386,0.0017095379666631,0.8120449214718197,discharge
3.249941793808552,-1.006553432780381,9.910062877148391,0.998,2.7689999999999997,1363.0,-0.0002931091425382,0.0017095379666649,0.8119051223839335,discharge
3.2496486846660133,-1.006469976741944,9.911772415115056,0.998,2.7686666666666664,1364.0,-0.0002931091425386,0.0017095379666649,0.8117653348871638,discharge
3.249355575523474,-1.0063865207035074,9.91348195308172,0.998,2.768333333333333,1365.0,-0.0002931091425386,0.0017095379666649,0.8116255589815106,discharge
3.2490624663809364,-1.0063030646650708,9.915191491048386,0.998,2.768,1366.0,-0.0002931091425382,0.0017095379666649,0.8114857946669738,discharge
3.2487693572383978,-1.006219608626634,9.91690102901505,0.998,2.7676666666666665,1367.0,-0.0002931091425386,0.0017095379666631,0.8113460419435534,discharge
3.2484762480958596,-1.006136152588197,9.918610566981714,0.998,2.767333333333333,1368.0,-0.0002931091425382,0.0017095379666649,0.8112063008112494,discharge
3.248183138953321,-1.0060526965497607,9.92032010494838,0.998,2.767,1369.0,-0.0002931091425386,0.0017095379666649,0.811066571270062,discharge
3.2478827305748768,-1.006014885476587,9.923373446109332,0.998,2.7667333333333333,1370.0,-0.0003004083784441,0.0030533411609532,0.8109268469804125,discharge
3.247582322196433,-1.0059770744034129,9.926426787270286,0.998,2.766466666666666,1371.0,-0.0003004083784436,0.0030533411609532,0.8107871279423009,discharge
3.247281913817989,-1.0059392633302386,9.92948012843124,0.998,2.7662,1372.0,-0.0003004083784441,0.0030533411609532,0.8106474141557273,discharge
3.246981505439545,-1.0059014522570646,9.932533469592192,0.998,2.765933333333334,1373.0,-0.0003004083784441,0.0030533411609532,0.8105077056206915,discharge
3.246681097061101,-1.0058636411838906,9.935586810753144,0.998,2.7656666666666667,1374.0,-0.0003004083784436,0.0030533411609532,0.8103680023371937,discharge
3.246380688682657,-1.0058258301107166,9.9386401519141,0.998,2.7654,1375.0,-0.0003004083784441,0.0030533411609532,0.810228304305234,discharge
3.246080280304213,-1.0057880190375426,9.941693493075052,0.998,2.7651333333333334,1376.0,-0.0003004083784441,0.0030533411609532,0.810088611524812,discharge
3.245779871925769,-1.0057502079643688,9.944746834236009,0.998,2.7648666666666664,1377.0,-0.0003004083784436,0.003053341160955,0.8099489239959281,discharge
3.245479463547325,-1.0057123968911947,9.94780017539696,0.998,2.7645999999999997,1378.0,-0.0003004083784441,0.0030533411609532,0.8098092417185822,discharge
3.245179055168881,-1.0056745858180207,9.950853516557912,0.998,2.764333333333333,1379.0,-0.0003004083784441,0.0030533411609532,0.8096695646927741,discharge
3.244878646790437,-1.0056367747448467,9.953906857718868,0.998,2.7640666666666664,1380.0,-0.0003004083784436,0.0030533411609532,0.809529892918504,discharge
3.244578238411993,-1.005598963671673,9.95696019887982,0.998,2.7638,1381.0,-0.0003004083784441,0.0030533411609532,0.8093902263957717,discharge
3.244277830033549,-1.0055611525984989,9.960013540040771,0.998,2.763533333333333,1382.0,-0.0003004083784441,0.0030533411609532,0.8092505651245776,discharge
3.243977421655105,-1.0055233415253246,9.963066881201726,0.998,2.7632666666666665,1383.0,-0.0003004083784436,0.0030533411609532,0.8091109091049212,discharge
3.243677013276661,-1.0054855304521506,9.96612022236268,0.998,2.763,1384.0,-0.0003004083784441,0.0030533411609532,0.808971258336803,discharge
3.243382226196906,-1.005424376495913,9.970738151203792,0.998,2.7627333333333333,1385.0,-0.0002947870797549,0.0046179288411138,0.8088316160622896,discharge
3.2430874391171507,-1.0053632225396754,9.975356080044907,0.998,2.762466666666666,1386.0,-0.0002947870797553,0.0046179288411138,0.8086919822813813,discharge
3.242792652037396,-1.0053020685834375,9.97997400888602,0.998,2.7622,1387.0,-0.0002947870797549,0.0046179288411138,0.808552356994078,discharge
3.2424978649576404,-1.0052409146272,9.984591937727137,0.998,2.761933333333334,1388.0,-0.0002947870797553,0.0046179288411138,0.8084127402003798,discharge
3.2422030778778854,-1.0051797606709625,9.989209866568247,0.998,2.7616666666666667,1389.0,-0.0002947870797549,0.0046179288411138,0.8082731319002866,discharge
3.2419082907981305,-1.0051186067147246,9.993827795409365,0.998,2.7614,1390.0,-0.0002947870797549,0.0046179288411138,0.8081335320937985,discharge
3.241613503718375,-1.005057452758487,9.998445724250477,0.998,2.7611333333333334,1391.0,-0.0002947870797553,0.0046179288411138,0.8079939407809154,discharge
3.24131871663862,-1.0049962988022492,10.003063653091589,0.998,2.7608666666666664,1392.0,-0.0002947870797549,0.0046179288411121,0.8078543579616373,discharge
3.2410239295588648,-1.0049351448460115,10.007681581932705,0.998,2.7605999999999997,1393.0,-0.0002947870797553,0.0046179288411138,0.8077147836359642,discharge
3.24072914247911,-1.004873990889774,10.012299510773817,0.998,2.760333333333333,1394.0,-0.0002947870797549,0.0046179288411138,0.8075752178038962,discharge
3.240434355399355,-1.0048128369335363,10.01691743961493,0.998,2.7600666666666664,1395.0,-0.0002947870797549,0.0046179288411138,0.8074356604654331,discharge
3.2401395683195995,-1.0047516829772989,10.021535368456044,0.998,2.7598,1396.0,-0.0002947870797553,0.0046179288411138,0.8072961116205752,discharge
3.2398447812398445,-1.0046905290210608,10.026153297297158,0.998,2.759533333333333,1397.0,-0.0002947870797549,0.0046179288411138,0.8071565712693223,discharge
3.239549994160089,-1.0046293750648232,10.030771226138272,0.998,2.7592666666666665,1398.0,-0.0002947870797553,0.0046179288411138,0.8070170394116745,discharge
3.239255207080334,-1.0045682211085856,10.035389154979386,0.998,2.759,1399.0,-0.0002947870797549,0.0046179288411138,0.8068775160476316,discharge
3.238951897435249,-1.0046446881483784,10.03900695555769,0.998,2.7586666666666666,1400.0,-0.0003033096450852,0.0036178005783042,0.8067379820631665,discharge
3.238648587790164,-1.004721155188171,10.042624756135991,0.998,2.7583333333333333,1401.0,-0.0003033096450848,0.0036178005783025,0.8065984374582792,discharge
3.2383452781450788,-1.0047976222279638,10.046242556714295,0.998,2.758,1402.0,-0.0003033096450852,0.0036178005783042,0.8064588822329698,discharge
3.2380419684999935,-1.0048740892677563,10.049860357292602,0.998,2.7576666666666667,1403.0,-0.0003033096450852,0.0036178005783042,0.8063193163872382,discharge
3.2377386588549086,-1.0049505563075491,10.053478157870906,0.998,2.7573333333333334,1404.0,-0.0003033096450848,0.0036178005783042,0.8061797399210844,discharge
3.2374353492098233,-1.0050270233473415,10.057095958449208,0.998,2.757,1405.0,-0.0003033096450852,0.0036178005783025,0.8060401528345084,discharge
3.237132039564738,-1.0051034903871343,10.060713759027513,0.998,2.756666666666667,1406.0,-0.0003033096450852,0.0036178005783042,0.8059005551275101,discharge
3.236828729919653,-1.0051799574269271,10.064331559605815,0.998,2.756333333333333,1407.0,-0.0003033096450848,0.0036178005783042,0.8057609468000897,discharge
3.236525420274568,-1.00525642446672,10.06794936018412,0.998,2.756,1408.0,-0.0003033096450852,0.0036178005783042,0.805621327852247,discharge
3.2362221106294826,-1.0053328915065125,10.071567160762424,0.998,2.7556666666666665,1409.0,-0.0003033096450852,0.0036178005783025,0.8054816982839823,discharge
3.2359188009843978,-1.0054093585463053,10.075184961340728,0.998,2.755333333333333,1410.0,-0.0003033096450848,0.0036178005783042,0.8053420580952954,discharge
3.2356154913393125,-1.005485825586098,10.078802761919032,0.998,2.755,1411.0,-0.0003033096450852,0.0036178005783042,0.8052024072861862,discharge
3.235312181694227,-1.0055622926258907,10.082420562497337,0.998,2.7546666666666666,1412.0,-0.0003033096450852,0.0036178005783042,0.8050627458566548,discharge
3.2350088720491423,-1.0056387596656833,10.08603836307564,0.998,2.7543333333333333,1413.0,-0.0003033096450848,0.0036178005783025,0.8049230738067013,discharge
3.234705562404057,-1.005715226705476,10.089656163653943,0.998,2.754,1414.0,-0.0003033096450852,0.0036178005783042,0.8047833911363255,discharge
3.234407720712401,-1.0056317204147278,10.09284167587482,0.998,2.7536666666666667,1415.0,-0.0002978416916561,0.0031855122208757,0.8046437200640456,discharge
3.2341098790207443,-1.0055482141239795,10.096027188095697,0.998,2.7533333333333334,1416.0,-0.0002978416916565,0.0031855122208757,0.8045040605898617,discharge
3.233812037329088,-1.0054647078332313,10.09921270031657,0.998,2.753,1417.0,-0.0002978416916561,0.0031855122208757,0.8043644127137738,discharge
3.233514195637432,-1.0053812015424832,10.102398212537445,0.998,2.752666666666667,1418.0,-0.0002978416916561,0.0031855122208739,0.8042247764357817,discharge
3.233216353945775,-1.005297695251735,10.10558372475832,0.998,2.7523333333333335,1419.0,-0.0002978416916565,0.0031855122208757,0.8040851517558857,discharge
3.2329185122541193,-1.005214188960987,10.108769236979196,0.998,2.752,1420.0,-0.0002978416916561,0.0031855122208757,0.8039455386740856,discharge
3.232620670562463,-1.0051306826702384,10.111954749200072,0.998,2.751666666666667,1421.0,-0.0002978416916561,0.0031855122208757,0.8038059371903814,discharge
3.2323228288708066,-1.00504717637949,10.115140261420947,0.998,2.751333333333333,1422.0,-0.0002978416916565,0.0031855122208757,0.8036663473047732,discharge
3.2320249871791504,-1.004963670088742,10.118325773641825,0.998,2.751,1423.0,-0.0002978416916561,0.0031855122208757,0.8035267690172607,discharge
3.2317271454874943,-1.0048801637979936,10.1215112858627,0.998,2.7506666666666666,1424.0,-0.0002978416916561,0.0031855122208757,0.8033872023278444,discharge
3.2314293037958377,-1.0047966575072451,10.124696798083574,0.998,2.7503333333333333,1425.0,-0.0002978416916565,0.0031855122208757,0.803247647236524,discharge
3.2311314621041816,-1.0047131512164973,10.127882310304448,0.998,2.75,1426.0,-0.0002978416916561,0.0031855122208739,0.8031081037432994,discharge
3.2308336204125254,-1.004629644925749,10.131067822525324,0.998,2.7496666666666667,1427.0,-0.0002978416916561,0.0031855122208757,0.8029685718481708,discharge
3.230535778720869,-1.0045461386350008,10.1342533347462,0.998,2.7493333333333334,1428.0,-0.0002978416916565,0.0031855122208757,0.8028290515511383,discharge
3.2302379370292127,-1.0044626323442525,10.137438846967076,0.998,2.749,1429.0,-0.0002978416916561,0.0031855122208757,0.8026895428522015,discharge
3.229926897044143,-1.0045778593726191,10.13978728058582,0.998,2.7487333333333335,1430.0,-0.0003110399850698,0.0023484336187458,0.8025500181495109,discharge
3.2296158570590734,-1.004693086400986,10.142135714204564,0.998,2.748466666666667,1431.0,-0.0003110399850694,0.002348433618744,0.8024104774430663,discharge
3.2293048170740035,-1.0048083134293528,10.144484147823311,0.998,2.7482,1432.0,-0.0003110399850698,0.0023484336187458,0.8022709207328678,discharge
3.228993777088934,-1.0049235404577197,10.146832581442055,0.998,2.7479333333333336,1433.0,-0.0003110399850694,0.0023484336187458,0.8021313480189154,discharge
3.228682737103864,-1.0050387674860866,10.1491810150608,0.998,2.747666666666667,1434.0,-0.0003110399850698,0.002348433618744,0.8019917593012089,discharge
3.2283716971187943,-1.0051539945144532,10.151529448679549,0.998,2.7474000000000003,1435.0,-0.0003110399850698,0.0023484336187458,0.8018521545797486,discharge
3.228060657133725,-1.00526922154282,10.153877882298293,0.998,2.7471333333333336,1436.0,-0.0003110399850694,0.0023484336187458,0.8017125338545343,discharge
3.227749617148655,-1.005384448571187,10.156226315917037,0.998,2.7468666666666666,1437.0,-0.0003110399850698,0.002348433618744,0.801572897125566,discharge
3.2274385771635856,-1.0054996755995538,10.158574749535784,0.998,2.7466,1438.0,-0.0003110399850694,0.0023484336187458,0.8014332443928439,discharge
3.2271275371785157,-1.0056149026279204,10.160923183154528,0.998,2.7463333333333333,1439.0,-0.0003110399850698,0.0023484336187458,0.8012935756563678,discharge
3.226816497193446,-1.0057301296562873,10.163271616773272,0.998,2.7460666666666667,1440.0,-0.0003110399850698,0.002348433618744,0.8011538909161378,discharge
3.2265054572083764,-1.005845356684654,10.165620050392018,0.998,2.7458,1441.0,-0.0003110399850694,0.0023484336187458,0.8010141901721538,discharge
3.2261944172233066,-1.005960583713021,10.167968484010764,0.998,2.7455333333333334,1442.0,-0.0003110399850698,0.0023484336187458,0.8008744734244159,discharge
3.225883377238237,-1.0060758107413876,10.170316917629508,0.998,2.7452666666666667,1443.0,-0.0003110399850694,0.002348433618744,0.800734740672924,discharge
3.2255723372531673,-1.0061910377697545,10.172665351248254,0.998,2.745,1444.0,-0.0003110399850698,0.0023484336187458,0.8005949919176782,discharge
3.2252611330776277,-1.006128452289649,10.175759691082714,0.998,2.744666666666667,1445.0,-0.0003112041755395,0.00309433983446,0.8004552518548602,discharge
3.224949928902088,-1.0060658668095437,10.178854030917172,0.998,2.7443333333333335,1446.0,-0.0003112041755395,0.0030943398344582,0.80031552048447,discharge
3.2246387247265487,-1.0060032813294375,10.181948370751632,0.998,2.744,1447.0,-0.0003112041755395,0.00309433983446,0.8001757978065076,discharge
3.2243275205510087,-1.0059406958493322,10.185042710586092,0.998,2.743666666666667,1448.0,-0.0003112041755399,0.00309433983446,0.8000360838209729,discharge
3.224016316375469,-1.0058781103692267,10.188137050420552,0.998,2.7433333333333336,1449.0,-0.0003112041755395,0.00309433983446,0.7998963785278661,discharge
3.2237051121999296,-1.0058155248891212,10.19123139025501,0.998,2.7430000000000003,1450.0,-0.0003112041755395,0.0030943398344582,0.7997566819271871,discharge
3.22339390802439,-1.0057529394090157,10.19432573008947,0.998,2.742666666666667,1451.0,-0.0003112041755395,0.00309433983446,0.7996169940189358,discharge
3.2230827038488505,-1.00569035392891,10.19742006992393,0.998,2.7423333333333333,1452.0,-0.0003112041755395,0.00309433983446,0.7994773148031123,discharge
3.222771499673311,-1.0056277684488044,10.20051440975839,0.998,2.742,1453.0,-0.0003112041755395,0.00309433983446,0.7993376442797167,discharge
3.2224602954977715,-1.005565182968699,10.20360874959285,0.998,2.7416666666666667,1454.0,-0.0003112041755395,0.0030943398344582,0.7991979824487488,discharge
3.222149091322232,-1.0055025974885934,10.20670308942731,0.998,2.7413333333333334,1455.0,-0.0003112041755395,0.00309433983446,0.7990583293102087,discharge
3.221837887146692,-1.005440012008488,10.20979742926177,0.998,2.741,1456.0,-0.0003112041755399,0.00309433983446,0.7989186848640965,discharge
3.2215266829711524,-1.005377426528382,10.21289176909623,0.998,2.740666666666667,1457.0,-0.0003112041755395,0.00309433983446,0.798779049110412,discharge
3.221215478795613,-1.0053148410482766,10.215986108930688,0.998,2.7403333333333335,1458.0,-0.0003112041755395,0.0030943398344582,0.7986394220491553,discharge
3.2209042746200733,-1.005252255568171,10.219080448765148,0.998,2.74,1459.0,-0.0003112041755395,0.00309433983446,0.7984998036803264,discharge
3.2205923478750136,-1.0053555804261995,10.222049494011788,0.998,2.739666666666667,1460.0,-0.0003119267450597,0.0029690452466404,0.7983601709608227,discharge
3.2202804211299534,-1.0054589052842278,10.225018539258429,0.998,2.7393333333333336,1461.0,-0.0003119267450601,0.0029690452466404,0.7982205238906444,discharge
3.2199684943848936,-1.0055622301422562,10.227987584505067,0.998,2.7390000000000003,1462.0,-0.0003119267450597,0.0029690452466404,0.7980808624697913,discharge
3.2196565676398334,-1.0056655550002844,10.230956629751708,0.998,2.7386666666666666,1463.0,-0.0003119267450601,0.0029690452466386,0.7979411866982634,discharge
3.2193446408947737,-1.0057688798583129,10.233925674998348,0.998,2.7383333333333333,1464.0,-0.0003119267450597,0.0029690452466404,0.7978014965760609,discharge
3.219032714149714,-1.005872204716341,10.236894720244988,0.998,2.738,1465.0,-0.0003119267450597,0.0029690452466404,0.7976617921031837,discharge
3.2187207874046537,-1.0059755295743695,10.239863765491627,0.998,2.7376666666666667,1466.0,-0.0003119267450601,0.0029690452466404,0.7975220732796316,discharge
3.218408860659594,-1.006078854432398,10.24283281073827,0.998,2.7373333333333334,1467.0,-0.0003119267450597,0.0029690452466404,0.7973823401054049,discharge
3.2180969339145338,-1.0061821792904262,10.24580185598491,0.998,2.737,1468.0,-0.0003119267450601,0.0029690452466404,0.7972425925805035,discharge
3.217785007169474,-1.0062855041484546,10.24877090123155,0.998,2.736666666666667,1469.0,-0.0003119267450597,0.0029690452466404,0.7971028307049273,discharge
3.2174730804244143,-1.006388829006483,10.25173994647819,0.998,2.7363333333333335,1470.0,-0.0003119267450597,0.0029690452466404,0.7969630544786763,discharge
3.217161153679354,-1.0064921538645113,10.25470899172483,0.998,2.736,1471.0,-0.0003119267450601,0.0029690452466386,0.7968232639017507,discharge
3.2168492269342943,-1.0065954787225395,10.25767803697147,0.998,2.7356666666666665,1472.0,-0.0003119267450597,0.0029690452466404,0.7966834589741504,discharge
3.216537300189234,-1.006698803580568,10.26064708221811,0.998,2.735333333333333,1473.0,-0.0003119267450601,0.0029690452466404,0.7965436396958754,discharge
3.2162253734441744,-1.0068021284385964,10.26361612746475,0.998,2.735,1474.0,-0.0003119267450597,0.0029690452466404,0.7964038060669255,discharge
3.2159106811396896,-1.0067712001398577,10.26707511042276,0.998,2.7347333333333332,1475.0,-0.0003146923044847,0.0034589829580085,0.7962639767335727,discharge
3.2155959888352044,-1.006740271841119,10.270534093380766,0.998,2.7344666666666666,1476.0,-0.0003146923044852,0.0034589829580067,0.7961241516958171,discharge
3.2152812965307196,-1.0067093435423804,10.273993076338774,0.998,2.7342,1477.0,-0.0003146923044847,0.0034589829580085,0.7959843309536584,discharge
3.214966604226235,-1.0066784152436417,10.277452059296785,0.998,2.7339333333333333,1478.0,-0.0003146923044847,0.0034589829580085,0.7958445145070968,discharge
3.21465191192175,-1.006647486944903,10.28091104225479,0.998,2.7336666666666667,1479.0,-0.0003146923044847,0.0034589829580067,0.7957047023561322,discharge
3.214337219617265,-1.0066165586461642,10.284370025212798,0.998,2.7334,1480.0,-0.0003146923044852,0.0034589829580085,0.7955648945007647,discharge
3.21402252731278,-1.0065856303474254,10.287829008170808,0.998,2.7331333333333334,1481.0,-0.0003146923044847,0.0034589829580085,0.7954250909409942,discharge
3.2137078350082953,-1.006554702048687,10.291287991128812,0.998,2.7328666666666663,1482.0,-0.0003146923044847,0.0034589829580067,0.7952852916768207,discharge
3.2133931427038105,-1.0065237737499482,10.294746974086822,0.998,2.7325999999999997,1483.0,-0.0003146923044847,0.0034589829580085,0.7951454967082444,discharge
3.2130784503993253,-1.0064928454512094,10.29820595704483,0.998,2.732333333333333,1484.0,-0.0003146923044852,0.0034589829580085,0.7950057060352651,discharge
3.2127637580948405,-1.006461917152471,10.301664940002835,0.998,2.7320666666666664,1485.0,-0.0003146923044847,0.0034589829580067,0.7948659196578828,discharge
3.2124490657903557,-1.006430988853732,10.305123922960846,0.998,2.7318,1486.0,-0.0003146923044847,0.0034589829580085,0.7947261375760976,discharge
3.212134373485871,-1.0064000605549934,10.308582905918854,0.998,2.731533333333333,1487.0,-0.0003146923044847,0.0034589829580085,0.7945863597899093,discharge
3.2118196811813857,-1.006369132256255,10.31204188887686,0.998,2.7312666666666665,1488.0,-0.0003146923044852,0.0034589829580067,0.7944465862993182,discharge
3.211504988876901,-1.006338203957516,10.31550087183487,0.998,2.731,1489.0,-0.0003146923044847,0.0034589829580085,0.7943068171043242,discharge
3.211188022050847,-1.0063481618097487,10.320346959163896,0.998,2.7306666666666666,1490.0,-0.000316966826054,0.0048460873290263,0.794167046526295,discharge
3.2108710552247928,-1.0063581196619815,10.32519304649292,0.998,2.7303333333333333,1491.0,-0.000316966826054,0.0048460873290245,0.7940272745652308,discharge
3.210554088398739,-1.0063680775142143,10.330039133821948,0.998,2.73,1492.0,-0.0003169668260536,0.0048460873290263,0.7938875012211316,discharge
3.210237121572685,-1.006378035366447,10.334885221150971,0.998,2.7296666666666667,1493.0,-0.000316966826054,0.0048460873290263,0.7937477264939974,discharge
3.209920154746631,-1.00638799321868,10.339731308479998,0.998,2.7293333333333334,1494.0,-0.000316966826054,0.0048460873290245,0.7936079503838281,discharge
3.209603187920577,-1.006397951070913,10.344577395809024,0.998,2.729,1495.0,-0.000316966826054,0.0048460873290263,0.7934681728906239,discharge
3.2092862210945228,-1.0064079089231457,10.34942348313805,0.998,2.728666666666667,1496.0,-0.000316966826054,0.0048460873290263,0.7933283940143845,discharge
3.208969254268469,-1.0064178667753785,10.354269570467077,0.998,2.728333333333333,1497.0,-0.0003169668260536,0.0048460873290245,0.7931886137551102,discharge
3.208652287442415,-1.0064278246276113,10.3591156577961,0.998,2.728,1498.0,-0.000316966826054,0.0048460873290263,0.7930488321128008,discharge
3.208335320616361,-1.006437782479844,10.363961745125128,0.998,2.7276666666666665,1499.0,-0.000316966826054,0.0048460873290263,0.7929090490874564,discharge
3.208018353790307,-1.0064477403320768,10.368807832454152,0.998,2.727333333333333,1500.0,-0.000316966826054,0.0048460873290245,0.7927692646790769,discharge
3.2077013869642528,-1.00645769818431,10.37365391978318,0.998,2.727,1501.0,-0.000316966826054,0.0048460873290263,0.7926294788876624,discharge
3.207384420138199,-1.0064676560365426,10.378500007112205,0.998,2.7266666666666666,1502.0,-0.0003169668260536,0.0048460873290263,0.7924896917132129,discharge
3.207067453312145,-1.0064776138887754,10.38334609444123,0.998,2.7263333333333333,1503.0,-0.000316966826054,0.0048460873290245,0.7923499031557283,discharge
3.206750486486091,-1.0064875717410082,10.388192181770256,0.998,2.726,1504.0,-0.000316966826054,0.0048460873290263,0.7922101132152087,discharge
3.2064232225110136,-1.006415413558034,10.389613004196516,0.998,2.7256666666666667,1505.0,-0.0003272639750773,0.0014208224262599,0.792070333296659,discharge
3.2060959585359363,-1.00634325537506,10.391033826622776,0.998,2.7253333333333334,1506.0,-0.0003272639750773,0.0014208224262599,0.7919305634000792,discharge
3.205768694560859,-1.006271097192086,10.392454649049036,0.998,2.725,1507.0,-0.0003272639750773,0.0014208224262599,0.7917908035254692,discharge
3.2054414305857812,-1.0061989390091115,10.393875471475294,0.998,2.724666666666667,1508.0,-0.0003272639750777,0.0014208224262581,0.791651053672829,discharge
3.205114166610704,-1.0061267808261376,10.395296293901554,0.998,2.7243333333333335,1509.0,-0.0003272639750773,0.0014208224262599,0.7915113138421587,discharge
3.2047869026356266,-1.0060546226431637,10.396717116327814,0.998,2.724,1510.0,-0.0003272639750773,0.0014208224262599,0.7913715840334582,discharge
3.2044596386605493,-1.0059824644601894,10.398137938754074,0.998,2.723666666666667,1511.0,-0.0003272639750773,0.0014208224262599,0.7912318642467276,discharge
3.204132374685472,-1.0059103062772152,10.399558761180334,0.998,2.723333333333333,1512.0,-0.0003272639750773,0.0014208224262599,0.7910921544819669,discharge
3.203805110710394,-1.005838148094241,10.400979583606594,0.998,2.723,1513.0,-0.0003272639750773,0.0014208224262599,0.7909524547391761,discharge
3.2034778467353173,-1.005765989911267,10.402400406032854,0.998,2.7226666666666666,1514.0,-0.0003272639750773,0.0014208224262599,0.7908127650183551,discharge
3.20315058276024,-1.0056938317282929,10.403821228459114,0.998,2.7223333333333333,1515.0,-0.0003272639750773,0.0014208224262599,0.7906730853195039,discharge
3.2028233187851622,-1.0056216735453187,10.405242050885372,0.998,2.722,1516.0,-0.0003272639750777,0.0014208224262581,0.7905334156426226,discharge
3.202496054810085,-1.0055495153623446,10.406662873311632,0.998,2.7216666666666667,1517.0,-0.0003272639750773,0.0014208224262599,0.7903937559877112,discharge
3.2021687908350076,-1.0054773571793705,10.408083695737892,0.998,2.7213333333333334,1518.0,-0.0003272639750773,0.0014208224262599,0.7902541063547696,discharge
3.2018415268599303,-1.0054051989963964,10.409504518164152,0.998,2.721,1519.0,-0.0003272639750773,0.0014208224262599,0.7901144667437978,discharge
3.201510548150163,-1.0053211952964571,10.414054459885438,0.998,2.7207333333333334,1520.0,-0.0003309787097673,0.0045499417212866,0.7899748388000067,discharge
3.2011795694403955,-1.005237191596518,10.418604401606723,0.998,2.720466666666667,1521.0,-0.0003309787097673,0.0045499417212866,0.7898352225233961,discharge
3.200848590730628,-1.0051531878965787,10.423154343328012,0.998,2.7202,1522.0,-0.0003309787097673,0.0045499417212884,0.789695617913966,discharge
3.2005176120208603,-1.0050691841966397,10.4277042850493,0.998,2.7199333333333335,1523.0,-0.0003309787097678,0.0045499417212866,0.7895560249717164,discharge
3.200186633311093,-1.0049851804967005,10.432254226770588,0.998,2.719666666666667,1524.0,-0.0003309787097673,0.0045499417212866,0.7894164436966474,discharge
3.1998556546013255,-1.004901176796761,10.436804168491872,0.998,2.7194000000000003,1525.0,-0.0003309787097673,0.0045499417212866,0.789276874088759,discharge
3.199524675891558,-1.0048171730968218,10.44135411021316,0.998,2.7191333333333336,1526.0,-0.0003309787097673,0.0045499417212866,0.7891373161480512,discharge
3.1991936971817907,-1.0047331693968828,10.445904051934448,0.998,2.7188666666666665,1527.0,-0.0003309787097673,0.0045499417212884,0.7889977698745239,discharge
3.1988627184720233,-1.0046491656969436,10.450453993655737,0.998,2.7186,1528.0,-0.0003309787097673,0.0045499417212866,0.788858235268177,discharge
3.198531739762256,-1.0045651619970044,10.455003935377022,0.998,2.7183333333333333,1529.0,-0.0003309787097673,0.0045499417212866,0.7887187123290107,discharge
3.1982007610524885,-1.0044811582970652,10.459553877098308,0.998,2.718066666666666,1530.0,-0.0003309787097673,0.0045499417212866,0.7885792010570251,discharge
3.1978697823427207,-1.004397154597126,10.464103818819597,0.998,2.7178,1531.0,-0.0003309787097678,0.0045499417212866,0.7884397014522199,discharge
3.1975388036329533,-1.0043131508971868,10.468653760540883,0.998,2.717533333333334,1532.0,-0.0003309787097673,0.0045499417212884,0.7883002135145953,discharge
3.197207824923186,-1.0042291471972475,10.47320370226217,0.998,2.7172666666666667,1533.0,-0.0003309787097673,0.0045499417212866,0.7881607372441513,discharge
3.1968768462134185,-1.0041451434973083,10.477753643983457,0.998,2.717,1534.0,-0.0003309787097673,0.0045499417212866,0.7880212726408877,discharge
3.196513406762724,-1.0042227195117162,10.481742222154535,0.998,2.7165714285714286,1535.0,-0.0003634394506946,0.0039885781710786,0.7878817972631778,discharge
3.1961499673120293,-1.0043002955261242,10.485730800325614,0.998,2.716142857142857,1536.0,-0.0003634394506946,0.0039885781710786,0.7877423111110213,discharge
3.1957865278613347,-1.004377871540532,10.489719378496693,0.998,2.7157142857142857,1537.0,-0.0003634394506946,0.0039885781710786,0.7876028141844185,discharge
3.19542308841064,-1.00445544755494,10.493707956667771,0.998,2.7152857142857143,1538.0,-0.0003634394506946,0.0039885781710786,0.7874633064833692,discharge
3.1950596489599454,-1.004533023569348,10.49769653483885,0.998,2.714857142857143,1539.0,-0.0003634394506946,0.0039885781710786,0.7873237880078734,discharge
3.194696209509251,-1.0046105995837558,10.501685113009929,0.998,2.7144285714285714,1540.0,-0.0003634394506946,0.0039885781710786,0.7871842587579313,discharge
3.194332770058556,-1.0046881755981636,10.505673691181007,0.998,2.714,1541.0,-0.0003634394506946,0.0039885781710786,0.7870447187335426,discharge
3.1939693306078616,-1.0047657516125716,10.509662269352088,0.998,2.7135714285714285,1542.0,-0.0003634394506946,0.0039885781710804,0.7869051679347076,discharge
3.193605891157167,-1.0048433276269797,10.513650847523166,0.998,2.713142857142857,1543.0,-0.0003634394506946,0.0039885781710786,0.7867656063614261,discharge
3.1932424517064724,-1.0049209036413875,10.517639425694243,0.998,2.7127142857142856,1544.0,-0.0003634394506946,0.0039885781710786,0.7866260340136981,discharge
3.1928790122557777,-1.0049984796557954,10.521628003865324,0.998,2.712285714285714,1545.0,-0.0003634394506946,0.0039885781710786,0.7864864508915237,discharge
3.192515572805083,-1.0050760556702032,10.525616582036402,0.998,2.7118571428571427,1546.0,-0.0003634394506946,0.0039885781710786,0.7863468569949028,discharge
3.1921521333543885,-1.0051536316846112,10.52960516020748,0.998,2.7114285714285713,1547.0,-0.0003634394506946,0.0039885781710786,0.7862072523238355,discharge
3.191788693903694,-1.005231207699019,10.53359373837856,0.998,2.711,1548.0,-0.0003634394506946,0.0039885781710786,0.7860676368783217,discharge
3.191454999070748,-1.0053031534662291,10.538325549635298,0.998,2.710733333333333,1549.0,-0.0003336948329457,0.0047318112567378,0.7859280114403403,discharge
3.191121304237802,-1.0053750992334392,10.543057360892034,0.998,2.7104666666666666,1550.0,-0.0003336948329462,0.004731811256736,0.7857883760098913,discharge
3.190787609404856,-1.005447045000649,10.547789172148772,0.998,2.7102,1551.0,-0.0003336948329457,0.0047318112567378,0.7856487305869745,discharge
3.19045391457191,-1.005518990767859,10.552520983405508,0.998,2.7099333333333333,1552.0,-0.0003336948329462,0.004731811256736,0.7855090751715901,discharge
3.190120219738964,-1.005590936535069,10.557252794662244,0.998,2.7096666666666667,1553.0,-0.0003336948329457,0.0047318112567378,0.785369409763738,discharge
3.1897865249060184,-1.005662882302279,10.561984605918983,0.998,2.7094,1554.0,-0.0003336948329457,0.0047318112567378,0.7852297343634183,discharge
3.189452830073072,-1.005734828069489,10.56671641717572,0.998,2.7091333333333334,1555.0,-0.0003336948329462,0.004731811256736,0.7850900489706307,discharge
3.1891191352401265,-1.005806773836699,10.571448228432455,0.998,2.7088666666666663,1556.0,-0.0003336948329457,0.0047318112567378,0.7849503535853757,discharge
3.1887854404071803,-1.005878719603909,10.576180039689191,0.998,2.7085999999999997,1557.0,-0.0003336948329462,0.004731811256736,0.7848106482076529,discharge
3.1884517455742345,-1.005950665371119,10.580911850945933,0.998,2.708333333333333,1558.0,-0.0003336948329457,0.0047318112567378,0.7846709328374625,discharge
3.1881180507412887,-1.006022611138329,10.585643662202669,0.998,2.7080666666666664,1559.0,-0.0003336948329457,0.0047318112567378,0.7845312074748044,discharge
3.1877843559083425,-1.006094556905539,10.590375473459405,0.998,2.7078,1560.0,-0.0003336948329462,0.004731811256736,0.7843914721196786,discharge
3.1874506610753968,-1.0061665026727489,10.595107284716144,0.998,2.707533333333333,1561.0,-0.0003336948329457,0.0047318112567378,0.7842517267720852,discharge
3.1871169662424506,-1.006238448439959,10.59983909597288,0.998,2.7072666666666665,1562.0,-0.0003336948329462,0.004731811256736,0.784111971432024,discharge
3.186783271409505,-1.006310394207169,10.604570907229617,0.998,2.707,1563.0,-0.0003336948329457,0.0047318112567378,0.7839722060994953,discharge
3.186435144448327,-1.006095245021688,10.605668187833556,0.998,2.7066,1564.0,-0.0003481269611778,0.0010972806039397,0.7838324706487978,discharge
3.1860870174871487,-1.005880095836207,10.606765468437494,0.998,2.7062,1565.0,-0.0003481269611782,0.0010972806039379,0.7836927650799317,discharge
3.185738890525971,-1.005664946650726,10.607862749041434,0.998,2.7058,1566.0,-0.0003481269611778,0.0010972806039397,0.7835530893928968,discharge
3.185390763564793,-1.005449797465245,10.608960029645372,0.998,2.7054,1567.0,-0.0003481269611778,0.0010972806039379,0.7834134435876934,discharge
3.1850426366036153,-1.005234648279764,10.610057310249312,0.998,2.705,1568.0,-0.0003481269611778,0.0010972806039397,0.7832738276643212,discharge
3.184694509642437,-1.0050194990942831,10.61115459085325,0.998,2.7046,1569.0,-0.0003481269611782,0.0010972806039379,0.7831342416227803,discharge
3.1843463826812592,-1.0048043499088022,10.61225187145719,0.998,2.7042,1570.0,-0.0003481269611778,0.0010972806039397,0.7829946854630707,discharge
3.1839982557200814,-1.0045892007233213,10.613349152061128,0.998,2.7038,1571.0,-0.0003481269611778,0.0010972806039379,0.7828551591851924,discharge
3.1836501287589036,-1.0043740515378403,10.614446432665067,0.998,2.7034,1572.0,-0.0003481269611778,0.0010972806039397,0.7827156627891456,discharge
3.183302001797726,-1.0041589023523594,10.615543713269004,0.998,2.703,1573.0,-0.0003481269611782,0.0010972806039379,0.78257619627493,discharge
3.1829538748365476,-1.0039437531668784,10.616640993872943,0.998,2.7026,1574.0,-0.0003481269611778,0.0010972806039397,0.7824367596425457,discharge
3.1826057478753698,-1.0037286039813973,10.617738274476883,0.998,2.7022,1575.0,-0.0003481269611778,0.0010972806039379,0.7822973528919928,discharge
3.182257620914192,-1.0035134547959164,10.618835555080825,0.998,2.7018,1576.0,-0.0003481269611778,0.0010972806039397,0.7821579760232711,discharge
3.1819094939530137,-1.0032983056104354,10.61993283568476,0.998,2.7014,1577.0,-0.0003481269611782,0.0010972806039379,0.7820186290363806,discharge
3.181561366991836,-1.0030831564249545,10.6210301162887,0.998,2.701,1578.0,-0.0003481269611778,0.0010972806039397,0.7818793119313217,discharge
3.1812146393498923,-1.00317865331692,10.624773848375591,0.998,2.7007333333333334,1579.0,-0.0003467276419435,0.0037437320868907,0.7817399815628054,discharge
3.180867911707949,-1.003274150208885,10.628517580462482,0.998,2.700466666666667,1580.0,-0.0003467276419435,0.0037437320868907,0.781600637930832,discharge
3.1805211840660053,-1.0033696471008509,10.632261312549373,0.998,2.7002,1581.0,-0.0003467276419435,0.0037437320868889,0.7814612810354014,discharge
3.180174456424062,-1.0034651439928164,10.636005044636262,0.998,2.6999333333333335,1582.0,-0.0003467276419431,0.0037437320868907,0.7813219108765135,discharge
3.1798277287821186,-1.0035606408847817,10.639748776723152,0.998,2.699666666666667,1583.0,-0.0003467276419435,0.0037437320868907,0.7811825274541683,discharge
3.179481001140175,-1.0036561377767472,10.643492508810043,0.998,2.6994,1584.0,-0.0003467276419435,0.0037437320868907,0.781043130768366,discharge
3.1791342734982315,-1.0037516346687128,10.647236240896934,0.998,2.6991333333333336,1585.0,-0.0003467276419435,0.0037437320868907,0.7809037208191064,discharge
3.178787545856288,-1.003847131560678,10.650979972983825,0.998,2.6988666666666665,1586.0,-0.0003467276419435,0.0037437320868889,0.7807642976063897,discharge
3.1784408182143444,-1.0039426284526436,10.654723705070714,0.998,2.6986,1587.0,-0.0003467276419435,0.0037437320868907,0.7806248611302157,discharge
3.178094090572401,-1.0040381253446091,10.658467437157604,0.998,2.6983333333333333,1588.0,-0.0003467276419435,0.0037437320868907,0.7804854113905845,discharge
3.1777473629304573,-1.0041336222365744,10.662211169244497,0.998,2.6980666666666666,1589.0,-0.0003467276419435,0.0037437320868907,0.780345948387496,discharge
3.1774006352885142,-1.00422911912854,10.665954901331386,0.998,2.6978,1590.0,-0.0003467276419431,0.0037437320868907,0.7802064721209505,discharge
3.1770539076465707,-1.0043246160205055,10.669698633418276,0.998,2.6975333333333333,1591.0,-0.0003467276419435,0.0037437320868889,0.7800669825909476,discharge
3.176707180004627,-1.0044201129124708,10.673442365505164,0.998,2.6972666666666667,1592.0,-0.0003467276419435,0.0037437320868907,0.7799274797974876,discharge
3.1763604523626836,-1.0045156098044363,10.677186097592056,0.998,2.697,1593.0,-0.0003467276419435,0.0037437320868907,0.7797879637405702,discharge
3.1760097933585114,-1.004595615096622,10.67995976702036,0.998,2.6966,1594.0,-0.0003506590041721,0.0027736694283024,0.7796484365718068,discharge
3.175659134354339,-1.004675620388808,10.68273343644866,0.998,2.6962,1595.0,-0.0003506590041721,0.0027736694283024,0.7795088982911973,discharge
3.175308475350167,-1.0047556256809935,10.685507105876964,0.998,2.6958,1596.0,-0.0003506590041721,0.0027736694283024,0.7793693488987417,discharge
3.1749578163459953,-1.0048356309731792,10.688280775305266,0.998,2.6954,1597.0,-0.0003506590041717,0.0027736694283024,0.7792297883944398,discharge
3.174607157341823,-1.004915636265365,10.691054444733568,0.998,2.695,1598.0,-0.0003506590041721,0.0027736694283024,0.7790902167782918,discharge
3.174256498337651,-1.0049956415575507,10.693828114161873,0.998,2.6946,1599.0,-0.0003506590041721,0.0027736694283024,0.7789506340502976,discharge
3.1739058393334787,-1.0050756468497364,10.696601783590172,0.998,2.6942,1600.0,-0.0003506590041721,0.0027736694283024,0.7788110402104574,discharge
3.1735551803293065,-1.0051556521419225,10.699375453018474,0.998,2.6938,1601.0,-0.0003506590041721,0.0027736694283007,0.7786714352587711,discharge
3.1732045213251343,-1.005235657434108,10.702149122446777,0.998,2.6934,1602.0,-0.0003506590041721,0.0027736694283024,0.7785318191952386,discharge
3.172853862320962,-1.0053156627262936,10.70492279187508,0.998,2.693,1603.0,-0.0003506590041721,0.0027736694283024,0.7783921920198599,discharge
3.17250320331679,-1.0053956680184797,10.707696461303382,0.998,2.6926,1604.0,-0.0003506590041721,0.0027736694283024,0.7782525537326351,discharge
3.172152544312618,-1.0054756733106651,10.710470130731684,0.998,2.6921999999999997,1605.0,-0.0003506590041717,0.0027736694283024,0.7781129043335642,discharge
3.171801885308446,-1.0055556786028508,10.713243800159988,0.998,2.6917999999999997,1606.0,-0.0003506590041721,0.0027736694283024,0.7779732438226471,discharge
3.171451226304274,-1.0056356838950369,10.716017469588287,0.998,2.6914,1607.0,-0.0003506590041721,0.0027736694283024,0.7778335721998839,discharge
3.1711005673001016,-1.0057156891872223,10.718791139016592,0.998,2.691,1608.0,-0.0003506590041721,0.0027736694283024,0.7776938894652746,discharge
3.170739308040241,-1.005622571080352,10.723879533786292,0.998,2.6906,1609.0,-0.0003612592598605,0.0050883947697002,0.7775542196637357,discharge
3.1703780487803805,-1.005529452973482,10.728967928555994,0.998,2.6902,1610.0,-0.0003612592598605,0.005088394769702,0.7774145627952671,discharge
3.17001678952052,-1.0054363348666118,10.734056323325694,0.998,2.6898,1611.0,-0.0003612592598605,0.0050883947697002,0.777274918859869,discharge
3.16965553026066,-1.0053432167597416,10.739144718095394,0.998,2.6894,1612.0,-0.00036125925986,0.0050883947697002,0.7771352878575413,discharge
3.1692942710007994,-1.0052500986528714,10.744233112865096,0.998,2.689,1613.0,-0.0003612592598605,0.0050883947697002,0.7769956697882839,discharge
3.168933011740939,-1.0051569805460012,10.749321507634797,0.998,2.6886,1614.0,-0.0003612592598605,0.005088394769702,0.776856064652097,discharge
3.1685717524810784,-1.005063862439131,10.754409902404497,0.998,2.6882,1615.0,-0.0003612592598605,0.0050883947697002,0.7767164724489805,discharge
3.168210493221218,-1.0049707443322609,10.759498297174195,0.998,2.6877999999999997,1616.0,-0.0003612592598605,0.0050883947697002,0.7765768931789343,discharge
3.1678492339613573,-1.004877626225391,10.764586691943896,0.998,2.6874,1617.0,-0.0003612592598605,0.0050883947697002,0.7764373268419587,discharge
3.167487974701497,-1.0047845081185205,10.7696750867136,0.998,2.687,1618.0,-0.0003612592598605,0.005088394769702,0.7762977734380532,discharge
3.1671267154416363,-1.0046913900116503,10.7747634814833,0.998,2.6866,1619.0,-0.0003612592598605,0.0050883947697002,0.7761582329672183,discharge
3.166765456181776,-1.00459827190478,10.779851876253,0.998,2.6862,1620.0,-0.00036125925986,0.0050883947697002,0.7760187054294537,discharge
3.1664041969219157,-1.00450515379791,10.7849402710227,0.998,2.6858,1621.0,-0.0003612592598605,0.0050883947697002,0.7758791908247595,discharge
3.166042937662055,-1.0044120356910398,10.790028665792402,0.998,2.6854,1622.0,-0.0003612592598605,0.005088394769702,0.7757396891531358,discharge
3.1656816784021946,-1.0043189175841696,10.795117060562102,0.998,2.685,1623.0,-0.0003612592598605,0.0050883947697002,0.7756002004145824,discharge
3.165309944152886,-1.004362310923003,10.798137755836668,0.998,2.6846666666666668,1624.0,-0.0003717342493092,0.0030206952745661,0.7754607056491765,discharge
3.1649382099035765,-1.0044057042618366,10.801158451111236,0.998,2.6843333333333335,1625.0,-0.0003717342493088,0.0030206952745661,0.7753212048569179,discharge
3.1645664756542673,-1.00444909760067,10.8041791463858,0.998,2.684,1626.0,-0.0003717342493092,0.0030206952745643,0.7751816980378067,discharge
3.1641947414049585,-1.0044924909395034,10.807199841660363,0.998,2.683666666666667,1627.0,-0.0003717342493088,0.0030206952745661,0.7750421851918429,discharge
3.1638230071556492,-1.004535884278337,10.810220536934931,0.998,2.6833333333333336,1628.0,-0.0003717342493092,0.0030206952745661,0.7749026663190264,discharge
3.1634512729063404,-1.0045792776171705,10.813241232209498,0.998,2.6830000000000003,1629.0,-0.0003717342493088,0.0030206952745661,0.7747631414193574,discharge
3.163079538657031,-1.004622670956004,10.816261927484064,0.998,2.682666666666667,1630.0,-0.0003717342493092,0.0030206952745661,0.7746236104928357,discharge
3.1627078044077224,-1.0046660642948373,10.819282622758628,0.998,2.6823333333333332,1631.0,-0.0003717342493088,0.0030206952745643,0.7744840735394614,discharge
3.162336070158413,-1.0047094576336708,10.822303318033194,0.998,2.682,1632.0,-0.0003717342493092,0.0030206952745661,0.7743445305592345,discharge
3.1619643359091043,-1.0047528509725043,10.82532401330776,0.998,2.681666666666666,1633.0,-0.0003717342493088,0.0030206952745661,0.774204981552155,discharge
3.161592601659795,-1.0047962443113378,10.828344708582328,0.998,2.6813333333333333,1634.0,-0.0003717342493092,0.0030206952745661,0.7740654265182229,discharge
3.1612208674104862,-1.0048396376501714,10.831365403856893,0.998,2.681,1635.0,-0.0003717342493088,0.0030206952745661,0.7739258654574381,discharge
3.160849133161177,-1.0048830309890049,10.834386099131455,0.998,2.6806666666666668,1636.0,-0.0003717342493092,0.0030206952745643,0.7737862983698007,discharge
3.160477398911868,-1.0049264243278382,10.837406794406023,0.998,2.6803333333333335,1637.0,-0.0003717342493088,0.0030206952745661,0.7736467252553108,discharge
3.160105664662559,-1.0049698176666717,10.84042748968059,0.998,2.68,1638.0,-0.0003717342493092,0.0030206952745661,0.7735071461139682,discharge
3.1597290068385484,-1.004923927807881,10.842714855621104,0.998,2.679666666666667,1639.0,-0.0003766578240105,0.002287365940516,0.7733675733462171,discharge
3.1593523490145383,-1.0048780379490905,10.845002221561622,0.998,2.6793333333333336,1640.0,-0.00037665782401,0.002287365940516,0.7732280069520575,discharge
3.158975691190528,-1.0048321480902995,10.847289587502136,0.998,2.6790000000000003,1641.0,-0.0003766578240105,0.0022873659405142,0.7730884469314894,discharge
3.1585990333665173,-1.0047862582315086,10.849576953442652,0.998,2.6786666666666665,1642.0,-0.0003766578240105,0.002287365940516,0.7729488932845129,discharge
3.1582223755425067,-1.004740368372718,10.851864319383168,0.998,2.6783333333333332,1643.0,-0.0003766578240105,0.002287365940516,0.7728093460111277,discharge
3.1578457177184966,-1.0046944785139271,10.854151685323684,0.998,2.678,1644.0,-0.00037665782401,0.002287365940516,0.7726698051113341,discharge
3.157469059894486,-1.0046485886551364,10.8564390512642,0.998,2.677666666666666,1645.0,-0.0003766578240105,0.002287365940516,0.772530270585132,discharge
3.1570924020704756,-1.0046026987963457,10.858726417204714,0.998,2.6773333333333333,1646.0,-0.0003766578240105,0.0022873659405142,0.7723907424325214,discharge
3.156715744246465,-1.004556808937555,10.86101378314523,0.998,2.677,1647.0,-0.0003766578240105,0.002287365940516,0.7722512206535024,discharge
3.156339086422455,-1.0045109190787642,10.863301149085746,0.998,2.6766666666666667,1648.0,-0.00037665782401,0.002287365940516,0.7721117052480747,discharge
3.1559624285984444,-1.0044650292199735,10.865588515026262,0.998,2.6763333333333335,1649.0,-0.0003766578240105,0.002287365940516,0.7719721962162386,discharge
3.155585770774434,-1.0044191393611823,10.867875880966778,0.998,2.6759999999999997,1650.0,-0.0003766578240105,0.002287365940516,0.771832693557994,discharge
3.1552091129504234,-1.0043732495023918,10.870163246907293,0.998,2.6756666666666664,1651.0,-0.0003766578240105,0.0022873659405142,0.7716931972733408,discharge
3.1548324551264133,-1.004327359643601,10.872450612847809,0.998,2.675333333333333,1652.0,-0.00037665782401,0.002287365940516,0.7715537073622792,discharge
3.1544557973024028,-1.0042814697848104,10.874737978788325,0.998,2.675,1653.0,-0.0003766578240105,0.002287365940516,0.7714142238248092,discharge
3.154066780142372,-1.0043402928694718,10.881103950389166,0.998,2.6746,1654.0,-0.0003890171600309,0.0063659716008412,0.7712747321174662,discharge
3.153677762982341,-1.0043991159541334,10.887469921990007,0.998,2.6742,1655.0,-0.0003890171600309,0.0063659716008412,0.7711352322402503,discharge
3.15328874582231,-1.0044579390387949,10.89383589359085,0.998,2.6738,1656.0,-0.0003890171600309,0.006365971600843,0.7709957241931616,discharge
3.1528997286622795,-1.0045167621234563,10.900201865191692,0.998,2.6734,1657.0,-0.0003890171600304,0.0063659716008412,0.7708562079762,discharge
3.1525107115022486,-1.004575585208118,10.906567836792531,0.998,2.673,1658.0,-0.0003890171600309,0.0063659716008412,0.7707166835893655,discharge
3.1521216943422177,-1.0046344082927794,10.912933808393374,0.998,2.6726,1659.0,-0.0003890171600309,0.0063659716008412,0.7705771510326582,discharge
3.1517326771821867,-1.004693231377441,10.919299779994216,0.998,2.6722,1660.0,-0.0003890171600309,0.0063659716008412,0.770437610306078,discharge
3.151343660022156,-1.0047520544621025,10.92566575159506,0.998,2.6717999999999997,1661.0,-0.0003890171600309,0.006365971600843,0.7702980614096249,discharge
3.150954642862125,-1.004810877546764,10.9320317231959,0.998,2.6714,1662.0,-0.0003890171600309,0.0063659716008412,0.770158504343299,discharge
3.150565625702094,-1.0048697006314256,10.93839769479674,0.998,2.671,1663.0,-0.0003890171600309,0.0063659716008412,0.7700189391071002,discharge
3.150176608542063,-1.004928523716087,10.944763666397582,0.998,2.6706,1664.0,-0.0003890171600309,0.0063659716008412,0.7698793657010286,discharge
3.149787591382033,-1.0049873468007486,10.951129637998424,0.998,2.6702,1665.0,-0.0003890171600304,0.0063659716008412,0.7697397841250839,discharge
3.1493985742220016,-1.00504616988541,10.957495609599269,0.998,2.6698,1666.0,-0.0003890171600309,0.006365971600843,0.7696001943792665,discharge
3.1490095570619707,-1.0051049929700715,10.963861581200108,0.998,2.6694,1667.0,-0.0003890171600309,0.0063659716008412,0.7694605964635762,discharge
3.14862053990194,-1.0051638160547332,10.97022755280095,0.998,2.669,1668.0,-0.0003890171600309,0.0063659716008412,0.7693209903780132,discharge
3.148232371571515,-1.0051123993292463,10.970940098258682,0.998,2.6686,1669.0,-0.0003881683304247,0.0007125454577323,0.7691813914336618,discharge
3.1478442032410907,-1.0050609826037595,10.971652643716416,0.998,2.6682,1670.0,-0.0003881683304243,0.0007125454577341,0.7690417996305224,discharge
3.147456034910666,-1.0050095658782727,10.972365189174148,0.998,2.6678,1671.0,-0.0003881683304247,0.0007125454577323,0.7689022149685949,discharge
3.147067866580241,-1.0049581491527857,10.97307773463188,0.998,2.6674,1672.0,-0.0003881683304247,0.0007125454577323,0.7687626374478792,discharge
3.146679698249817,-1.0049067324272989,10.973790280089617,0.998,2.667,1673.0,-0.0003881683304243,0.0007125454577341,0.7686230670683754,discharge
3.146291529919392,-1.004855315701812,10.974502825547347,0.998,2.6666,1674.0,-0.0003881683304247,0.0007125454577323,0.7684835038300835,discharge
3.1459033615889673,-1.0048038989763253,10.97521537100508,0.998,2.6662,1675.0,-0.0003881683304247,0.0007125454577323,0.7683439477330034,discharge
3.145515193258543,-1.0047524822508385,10.975927916462814,0.998,2.6658,1676.0,-0.0003881683304243,0.0007125454577341,0.7682043987771352,discharge
3.1451270249281182,-1.0047010655253517,10.976640461920546,0.998,2.6654,1677.0,-0.0003881683304247,0.0007125454577323,0.768064856962479,discharge
3.1447388565976935,-1.0046496487998648,10.977353007378278,0.998,2.665,1678.0,-0.0003881683304247,0.0007125454577323,0.7679253222890345,discharge
3.144350688267269,-1.004598232074378,10.978065552836012,0.998,2.6646,1679.0,-0.0003881683304243,0.0007125454577341,0.767785794756802,discharge
3.1439625199368444,-1.004546815348891,10.978778098293745,0.998,2.6641999999999997,1680.0,-0.0003881683304247,0.0007125454577323,0.7676462743657813,discharge
3.1435743516064196,-1.0044953986234042,10.979490643751475,0.998,2.6637999999999997,1681.0,-0.0003881683304247,0.0007125454577323,0.7675067611159725,discharge
3.1431861832759953,-1.0044439818979174,10.980203189209211,0.998,2.6634,1682.0,-0.0003881683304243,0.0007125454577341,0.7673672550073756,discharge
3.1427980149455705,-1.0043925651724306,10.980915734666944,0.998,2.663,1683.0,-0.0003881683304247,0.0007125454577323,0.7672277560399905,discharge
3.142400806483468,-1.0043892026057215,10.975076517883297,0.998,2.6626,1684.0,-0.0003972084621026,-0.0058392167836469,0.7670882575396286,discharge
3.142003598021365,-1.0043858400390122,10.969237301099648,0.998,2.6622,1685.0,-0.0003972084621026,-0.0058392167836487,0.7669487595062898,discharge
3.141606389559263,-1.0043824774723031,10.963398084316,0.998,2.6618,1686.0,-0.0003972084621022,-0.0058392167836469,0.7668092619399742,discharge
3.1412091810971603,-1.0043791149055938,10.957558867532354,0.998,2.6614,1687.0,-0.0003972084621026,-0.0058392167836469,0.7666697648406818,discharge
3.1408119726350576,-1.0043757523388848,10.951719650748707,0.998,2.661,1688.0,-0.0003972084621026,-0.0058392167836469,0.7665302682084125,discharge
3.140414764172955,-1.0043723897721757,10.945880433965058,0.998,2.6606,1689.0,-0.0003972084621026,-0.0058392167836487,0.7663907720431664,discharge
3.1400175557108523,-1.0043690272054664,10.940041217181411,0.998,2.6602,1690.0,-0.0003972084621026,-0.0058392167836469,0.7662512763449434,discharge
3.13962034724875,-1.004365664638757,10.934202000397764,0.998,2.6597999999999997,1691.0,-0.0003972084621022,-0.0058392167836469,0.7661117811137436,discharge
3.1392231387866474,-1.004362302072048,10.928362783614118,0.998,2.6594,1692.0,-0.0003972084621026,-0.0058392167836469,0.7659722863495669,discharge
3.1388259303245447,-1.0043589395053387,10.922523566830469,0.998,2.659,1693.0,-0.0003972084621026,-0.0058392167836487,0.7658327920524134,discharge
3.138428721862442,-1.0043555769386296,10.916684350046822,0.998,2.6586,1694.0,-0.0003972084621026,-0.0058392167836469,0.765693298222283,discharge
3.1380315134003394,-1.0043522143719203,10.910845133263177,0.998,2.6582,1695.0,-0.0003972084621026,-0.0058392167836469,0.7655538048591758,discharge
3.137634304938237,-1.0043488518052113,10.905005916479528,0.998,2.6578,1696.0,-0.0003972084621022,-0.0058392167836469,0.7654143119630917,discharge
3.1372370964761345,-1.004345489238502,10.89916669969588,0.998,2.6574,1697.0,-0.0003972084621026,-0.0058392167836487,0.7652748195340309,discharge
3.136839888014032,-1.004342126671793,10.893327482912232,0.998,2.657,1698.0,-0.0003972084621026,-0.0058392167836469,0.7651353275719931,discharge
3.136356255122001,-1.004470879065794,10.87314680885505,0.998,2.6565333333333334,1699.0,-0.0004836328920312,-0.0201806740571814,0.7649958177276784,discharge
3.1358726222299698,-1.0045996314597954,10.85296613479787,0.998,2.656066666666667,1700.0,-0.0004836328920307,-0.0201806740571814,0.7648562900010868,discharge
3.1353889893379385,-1.0047283838537966,10.83278546074069,0.998,2.6556,1701.0,-0.0004836328920312,-0.0201806740571797,0.7647167443922183,discharge
3.1349053564459073,-1.004857136247798,10.812604786683508,0.998,2.655133333333333,1702.0,-0.0004836328920312,-0.0201806740571814,0.7645771809010726,discharge
3.1344217235538765,-1.0049858886417993,10.792424112626328,0.998,2.6546666666666665,1703.0,-0.0004836328920307,-0.0201806740571814,0.7644375995276502,discharge
3.1339380906618453,-1.0051146410358005,10.772243438569143,0.998,2.6542,1704.0,-0.0004836328920312,-0.0201806740571814,0.7642980002719508,discharge
3.133454457769814,-1.0052433934298015,10.752062764511964,0.998,2.6537333333333333,1705.0,-0.0004836328920312,-0.0201806740571814,0.7641583831339744,discharge
3.1329708248777832,-1.005372145823803,10.731882090454784,0.998,2.6532666666666667,1706.0,-0.0004836328920307,-0.0201806740571797,0.7640187481137211,discharge
3.132487191985752,-1.0055008982178042,10.711701416397602,0.998,2.6528,1707.0,-0.0004836328920312,-0.0201806740571814,0.7638790952111908,discharge
3.1320035590937207,-1.0056296506118054,10.69152074234042,0.998,2.6523333333333334,1708.0,-0.0004836328920312,-0.0201806740571814,0.7637394244263837,discharge
3.13151992620169,-1.0057584030058069,10.67134006828324,0.998,2.651866666666667,1709.0,-0.0004836328920307,-0.0201806740571814,0.7635997357592995,discharge
3.1310362933096587,-1.005887155399808,10.651159394226058,0.998,2.6514,1710.0,-0.0004836328920312,-0.0201806740571814,0.7634600292099385,discharge
3.1305526604176275,-1.0060159077938091,10.630978720168878,0.998,2.650933333333333,1711.0,-0.0004836328920312,-0.0201806740571797,0.7633203047783004,discharge
3.1300690275255967,-1.0061446601878106,10.610798046111697,0.998,2.6504666666666665,1712.0,-0.0004836328920307,-0.0201806740571814,0.7631805624643855,discharge
3.1295853946335654,-1.0062734125818118,10.590617372054515,0.998,2.65,1713.0,-0.0004836328920312,-0.0201806740571814,0.7630408022681935,discharge
3.129005121553364,-1.006204266018305,10.57578245828354,0.998,2.6494999999999997,1714.0,-0.0005802730802013,-0.0148349137709757,0.7629010516756909,discharge
3.1284248484731623,-1.0061351194547985,10.560947544512564,0.998,2.649,1715.0,-0.0005802730802018,-0.0148349137709757,0.7627613106868778,discharge
3.127844575392961,-1.006065972891292,10.546112630741586,0.998,2.6485,1716.0,-0.0005802730802013,-0.0148349137709775,0.762621579301754,discharge
3.1272643023127595,-1.0059968263277852,10.53127771697061,0.998,2.6479999999999997,1717.0,-0.0005802730802013,-0.0148349137709757,0.7624818575203196,discharge
3.126684029232558,-1.0059276797642784,10.516442803199634,0.998,2.6475,1718.0,-0.0005802730802013,-0.0148349137709757,0.7623421453425745,discharge
3.1261037561523564,-1.005858533200772,10.50160788942866,0.998,2.647,1719.0,-0.0005802730802018,-0.0148349137709757,0.7622024427685189,discharge
3.125523483072155,-1.0057893866372654,10.486772975657685,0.998,2.6465,1720.0,-0.0005802730802013,-0.0148349137709757,0.7620627497981526,discharge
3.1249432099919536,-1.0057202400737586,10.471938061886704,0.998,2.646,1721.0,-0.0005802730802013,-0.0148349137709775,0.7619230664314757,discharge
3.124362936911752,-1.0056510935102518,10.45710314811573,0.998,2.6454999999999997,1722.0,-0.0005802730802018,-0.0148349137709757,0.7617833926684882,discharge
3.1237826638315505,-1.0055819469467453,10.442268234344754,0.998,2.645,1723.0,-0.0005802730802013,-0.0148349137709757,0.76164372850919,discharge
3.123202390751349,-1.0055128003832388,10.427433320573778,0.998,2.6445,1724.0,-0.0005802730802013,-0.0148349137709757,0.7615040739535812,discharge
3.1226221176711477,-1.005443653819732,10.4125984068028,0.998,2.6439999999999997,1725.0,-0.0005802730802013,-0.0148349137709775,0.7613644290016618,discharge
3.122041844590946,-1.0053745072562252,10.397763493031825,0.998,2.6435,1726.0,-0.0005802730802018,-0.0148349137709757,0.7612247936534318,discharge
3.1214615715107445,-1.0053053606927187,10.382928579260849,0.998,2.643,1727.0,-0.0005802730802013,-0.0148349137709757,0.7610851679088911,discharge
3.1208742361440933,-1.0053193864478458,10.376150196472476,0.998,2.6424,1728.0,-0.0005873353666512,-0.006778382788374,0.7609455402163289,discharge
3.1202869007774425,-1.005333412202973,10.3693718136841,0.998,2.6418,1729.0,-0.0005873353666507,-0.0067783827883758,0.7608059105757452,discharge
3.1196995654107913,-1.0053474379580998,10.362593430895725,0.998,2.6412,1730.0,-0.0005873353666512,-0.006778382788374,0.7606662789871399,discharge
3.11911223004414,-1.0053614637132269,10.355815048107347,0.998,2.6405999999999996,1731.0,-0.0005873353666512,-0.0067783827883758,0.7605266454505131,discharge
3.118524894677489,-1.0053754894683538,10.349036665318977,0.998,2.6399999999999997,1732.0,-0.0005873353666512,-0.006778382788374,0.7603870099658646,discharge
3.117937559310838,-1.0053895152234806,10.3422582825306,0.998,2.6393999999999997,1733.0,-0.0005873353666507,-0.006778382788374,0.7602473725331947,discharge
3.117350223944187,-1.0054035409786075,10.335479899742223,0.998,2.6388,1734.0,-0.0005873353666512,-0.0067783827883758,0.7601077331525032,discharge
3.1167628885775356,-1.0054175667337346,10.328701516953853,0.998,2.6382,1735.0,-0.0005873353666512,-0.006778382788374,0.7599680918237902,discharge
3.1161755532108844,-1.0054315924888615,10.321923134165475,0.998,2.6376,1736.0,-0.0005873353666512,-0.0067783827883758,0.7598284485470557,discharge
3.1155882178442336,-1.0054456182439886,10.3151447513771,0.998,2.637,1737.0,-0.0005873353666507,-0.006778382788374,0.7596888033222995,discharge
3.1150008824775823,-1.0054596439991157,10.308366368588729,0.998,2.6364,1738.0,-0.0005873353666512,-0.006778382788374,0.7595491561495219,discharge
3.114413547110931,-1.0054736697542426,10.301587985800351,0.998,2.6357999999999997,1739.0,-0.0005873353666512,-0.0067783827883758,0.7594095070287227,discharge
3.11382621174428,-1.0054876955093697,10.294809603011975,0.998,2.6352,1740.0,-0.0005873353666512,-0.006778382788374,0.7592698559599019,discharge
3.113238876377629,-1.0055017212644966,10.2880312202236,0.998,2.6346,1741.0,-0.0005873353666507,-0.0067783827883758,0.7591302029430597,discharge
3.112651541010978,-1.0055157470196237,10.281252837435227,0.998,2.634,1742.0,-0.0005873353666512,-0.006778382788374,0.7589905479781958,discharge
3.1120190576660187,-1.005581571257217,10.27757095120943,0.998,2.6334,1743.0,-0.0006324833449591,-0.003681886225797,0.7588508838710768,discharge
3.1113865743210596,-1.0056473954948102,10.273889064983631,0.998,2.6328,1744.0,-0.0006324833449591,-0.0036818862257987,0.7587112106217024,discharge
3.1107540909761004,-1.0057132197324037,10.270207178757834,0.998,2.6322,1745.0,-0.0006324833449591,-0.003681886225797,0.758571528230073,discharge
3.1101216076311418,-1.0057790439699967,10.266525292532036,0.998,2.6315999999999997,1746.0,-0.0006324833449586,-0.003681886225797,0.7584318366961882,discharge
3.109489124286182,-1.00584486820759,10.26284340630624,0.998,2.631,1747.0,-0.0006324833449591,-0.003681886225797,0.7582921360200483,discharge
3.1088566409412235,-1.0059106924451833,10.259161520080442,0.998,2.6304,1748.0,-0.0006324833449591,-0.0036818862257987,0.7581524262016531,discharge
3.1082241575962644,-1.0059765166827763,10.255479633854645,0.998,2.6298,1749.0,-0.0006324833449591,-0.003681886225797,0.7580127072410028,discharge
3.1075916742513052,-1.0060423409203696,10.251797747628848,0.998,2.6292,1750.0,-0.0006324833449591,-0.003681886225797,0.7578729791380971,discharge
3.106959190906346,-1.0061081651579629,10.24811586140305,0.998,2.6286,1751.0,-0.0006324833449591,-0.003681886225797,0.7577332418929363,discharge
3.106326707561387,-1.006173989395556,10.244433975177252,0.998,2.628,1752.0,-0.0006324833449591,-0.0036818862257987,0.7575934955055202,discharge
3.105694224216428,-1.0062398136331494,10.240752088951456,0.998,2.6274,1753.0,-0.0006324833449591,-0.003681886225797,0.757453739975849,discharge
3.105061740871469,-1.006305637870743,10.237070202725658,0.998,2.6268,1754.0,-0.0006324833449586,-0.003681886225797,0.7573139753039225,discharge
3.10442925752651,-1.006371462108336,10.23338831649986,0.998,2.6262,1755.0,-0.0006324833449591,-0.003681886225797,0.7571742014897408,discharge
3.103796774181551,-1.0064372863459292,10.229706430274062,0.998,2.6256,1756.0,-0.0006324833449591,-0.0036818862257987,0.7570344185333039,discharge
3.1031642908365917,-1.0065031105835225,10.226024544048265,0.998,2.625,1757.0,-0.0006324833449591,-0.003681886225797,0.7568946264346117,discharge
3.102497980001789,-1.006397503639888,10.218263240277745,0.998,2.6244,1758.0,-0.0006663108348026,-0.0077613037705202,0.7567548490035506,discharge
3.1018316691669865,-1.0062918966962535,10.210501936507224,0.998,2.6238,1759.0,-0.0006663108348026,-0.0077613037705202,0.7566150862401206,discharge
3.101165358332184,-1.006186289752619,10.202740632736706,0.998,2.6232,1760.0,-0.0006663108348026,-0.0077613037705184,0.7564753381443217,discharge
3.100499047497381,-1.0060806828089843,10.194979328966186,0.998,2.6226,1761.0,-0.000666310834803,-0.0077613037705202,0.7563356047161537,discharge
3.099832736662578,-1.00597507586535,10.187218025195666,0.998,2.622,1762.0,-0.0006663108348026,-0.0077613037705202,0.7561958859556168,discharge
3.0991664258277756,-1.0058694689217156,10.179456721425144,0.998,2.6214,1763.0,-0.0006663108348026,-0.0077613037705202,0.7560561818627111,discharge
3.098500114992973,-1.005763861978081,10.171695417654623,0.998,2.6208,1764.0,-0.0006663108348026,-0.0077613037705202,0.7559164924374364,discharge
3.0978338041581703,-1.0056582550344464,10.163934113884109,0.998,2.6202,1765.0,-0.0006663108348026,-0.0077613037705184,0.7557768176797927,discharge
3.0971674933233677,-1.005552648090812,10.156172810113588,0.998,2.6196,1766.0,-0.0006663108348026,-0.0077613037705202,0.75563715758978,discharge
3.096501182488565,-1.0054470411471774,10.148411506343066,0.998,2.619,1767.0,-0.0006663108348026,-0.0077613037705202,0.7554975121673986,discharge
3.0958348716537625,-1.005341434203543,10.140650202572546,0.998,2.6184000000000003,1768.0,-0.0006663108348026,-0.0077613037705202,0.755357881412648,discharge
3.0951685608189594,-1.0052358272599085,10.132888898802026,0.998,2.6178,1769.0,-0.000666310834803,-0.0077613037705202,0.7552182653255286,discharge
3.094502249984157,-1.005130220316274,10.125127595031508,0.998,2.6172,1770.0,-0.0006663108348026,-0.0077613037705184,0.7550786639060403,discharge
3.093835939149354,-1.0050246133726397,10.117366291260987,0.998,2.6166,1771.0,-0.0006663108348026,-0.0077613037705202,0.754939077154183,discharge
3.0931696283145516,-1.004919006429005,10.109604987490467,0.998,2.616,1772.0,-0.0006663108348026,-0.0077613037705202,0.7547995050699567,discharge
3.0924711459511975,-1.0049870850792768,10.10574471782397,0.998,2.615266666666667,1773.0,-0.000698482363354,-0.0038602696664966,0.7546599235303624,discharge
3.091772663587844,-1.0050551637295486,10.101884448157476,0.998,2.6145333333333336,1774.0,-0.0006984823633535,-0.0038602696664948,0.7545203325354,discharge
3.09107418122449,-1.0051232423798204,10.09802417849098,0.998,2.6138,1775.0,-0.000698482363354,-0.0038602696664966,0.7543807320850694,discharge
3.0903756988611364,-1.0051913210300922,10.094163908824482,0.998,2.613066666666666,1776.0,-0.0006984823633535,-0.0038602696664966,0.7542411221793708,discharge
3.0896772164977824,-1.005259399680364,10.090303639157986,0.998,2.6123333333333334,1777.0,-0.000698482363354,-0.0038602696664966,0.754101502818304,discharge
3.0889787341344284,-1.0053274783306358,10.08644336949149,0.998,2.6116,1778.0,-0.000698482363354,-0.0038602696664948,0.7539618740018692,discharge
3.088280251771075,-1.0053955569809077,10.082583099824994,0.998,2.610866666666667,1779.0,-0.0006984823633535,-0.0038602696664966,0.7538222357300663,discharge
3.0875817694077208,-1.0054636356311797,10.078722830158496,0.998,2.610133333333333,1780.0,-0.000698482363354,-0.0038602696664966,0.7536825880028953,discharge
3.086883287044367,-1.0055317142814515,10.074862560492,0.998,2.6094,1781.0,-0.0006984823633535,-0.0038602696664966,0.7535429308203563,discharge
3.086184804681013,-1.0055997929317233,10.071002290825506,0.998,2.6086666666666667,1782.0,-0.000698482363354,-0.0038602696664948,0.7534032641824491,discharge
3.085486322317659,-1.005667871581995,10.06714202115901,0.998,2.6079333333333334,1783.0,-0.000698482363354,-0.0038602696664966,0.7532635880891738,discharge
3.0847878399543056,-1.005735950232267,10.063281751492513,0.998,2.6072,1784.0,-0.0006984823633535,-0.0038602696664966,0.7531239025405304,discharge
3.0840893575909516,-1.0058040288825387,10.059421481826016,0.998,2.6064666666666665,1785.0,-0.000698482363354,-0.0038602696664966,0.752984207536519,discharge
3.083390875227598,-1.0058721075328103,10.05556121215952,0.998,2.6057333333333332,1786.0,-0.0006984823633535,-0.0038602696664948,0.7528445030771393,discharge
3.082692392864244,-1.0059401861830823,10.051700942493024,0.998,2.605,1787.0,-0.000698482363354,-0.0038602696664966,0.7527047891623917,discharge
3.081953944094353,-1.0059614060240785,10.046776553831286,0.998,2.6042666666666667,1788.0,-0.0007384487698911,-0.0049243886617382,0.752565072300444,discharge
3.081215495324462,-1.0059826258650746,10.041852165169548,0.998,2.6035333333333335,1789.0,-0.0007384487698907,-0.0049243886617382,0.752425352491296,discharge
3.080477046554571,-1.0060038457060707,10.03692777650781,0.998,2.6028,1790.0,-0.0007384487698911,-0.0049243886617382,0.752285629734948,discharge
3.0797385977846803,-1.0060250655470668,10.032003387846071,0.998,2.6020666666666665,1791.0,-0.0007384487698907,-0.0049243886617382,0.7521459040313998,discharge
3.079000149014789,-1.006046285388063,10.027078999184331,0.998,2.6013333333333333,1792.0,-0.0007384487698911,-0.0049243886617382,0.7520061753806515,discharge
3.0782617002448984,-1.006067505229059,10.022154610522596,0.998,2.6006,1793.0,-0.0007384487698907,-0.0049243886617382,0.751866443782703,discharge
3.0775232514750073,-1.0060887250700552,10.017230221860856,0.998,2.5998666666666668,1794.0,-0.0007384487698911,-0.0049243886617382,0.7517267092375544,discharge
3.076784802705117,-1.0061099449110515,10.01230583319912,0.998,2.599133333333333,1795.0,-0.0007384487698907,-0.0049243886617365,0.7515869717452056,discharge
3.0760463539352254,-1.0061311647520477,10.007381444537382,0.998,2.5984,1796.0,-0.0007384487698911,-0.0049243886617382,0.7514472313056567,discharge
3.0753079051653347,-1.0061523845930438,10.002457055875643,0.998,2.5976666666666666,1797.0,-0.0007384487698907,-0.0049243886617382,0.7513074879189077,discharge
3.0745694563954435,-1.00617360443404,9.997532667213903,0.998,2.5969333333333333,1798.0,-0.0007384487698911,-0.0049243886617382,0.7511677415849585,discharge
3.073831007625553,-1.006194824275036,9.992608278552169,0.998,2.5962,1799.0,-0.0007384487698907,-0.0049243886617382,0.7510279923038092,discharge
3.0730925588556617,-1.0062160441160322,9.987683889890429,0.998,2.5954666666666664,1800.0,-0.0007384487698911,-0.0049243886617382,0.7508882400754597,discharge
3.072354110085771,-1.0062372639570285,9.98275950122869,0.998,2.594733333333333,1801.0,-0.0007384487698907,-0.0049243886617382,0.7507484848999102,discharge
3.07161566131588,-1.0062584837980244,9.977835112566952,0.998,2.594,1802.0,-0.0007384487698911,-0.0049243886617382,0.7506087267771604,discharge
3.070855214063672,-1.0062083591881656,9.97262812183836,0.998,2.5932666666666666,1803.0,-0.0007604472522078,-0.0052069907285918,0.7504689756161621,discharge
3.070094766811464,-1.006158234578307,9.967421131109768,0.998,2.592533333333334,1804.0,-0.0007604472522082,-0.0052069907285918,0.7503292314169151,discharge
3.069334319559256,-1.0061081099684483,9.962214140381176,0.998,2.5918,1805.0,-0.0007604472522078,-0.0052069907285936,0.7501894941794195,discharge
3.0685738723070477,-1.0060579853585896,9.957007149652584,0.998,2.5910666666666664,1806.0,-0.0007604472522082,-0.0052069907285918,0.7500497639036752,discharge
3.06781342505484,-1.0060078607487308,9.95180015892399,0.998,2.590333333333333,1807.0,-0.0007604472522078,-0.0052069907285918,0.7499100405896824,discharge
3.0670529778026316,-1.0059577361388723,9.9465931681954,0.998,2.5896,1808.0,-0.0007604472522082,-0.0052069907285918,0.7497703242374408,discharge
3.066292530550424,-1.0059076115290135,9.941386177466809,0.998,2.588866666666666,1809.0,-0.0007604472522078,-0.0052069907285918,0.7496306148469507,discharge
3.0655320832982156,-1.0058574869191548,9.936179186738212,0.998,2.5881333333333334,1810.0,-0.0007604472522082,-0.0052069907285936,0.7494909124182119,discharge
3.064771636046008,-1.005807362309296,9.930972196009622,0.998,2.5874,1811.0,-0.0007604472522078,-0.0052069907285918,0.7493512169512244,discharge
3.0640111887937995,-1.0057572376994377,9.92576520528103,0.998,2.586666666666667,1812.0,-0.0007604472522082,-0.0052069907285918,0.7492115284459884,discharge
3.0632507415415917,-1.0057071130895787,9.920558214552438,0.998,2.5859333333333336,1813.0,-0.0007604472522078,-0.0052069907285918,0.7490718469025037,discharge
3.0624902942893835,-1.00565698847972,9.915351223823846,0.998,2.5852,1814.0,-0.0007604472522082,-0.0052069907285918,0.7489321723207705,discharge
3.0617298470371757,-1.0056068638698612,9.910144233095252,0.998,2.5844666666666667,1815.0,-0.0007604472522078,-0.0052069907285936,0.7487925047007886,discharge
3.0609693997849674,-1.0055567392600029,9.90493724236666,0.998,2.5837333333333334,1816.0,-0.0007604472522082,-0.0052069907285918,0.7486528440425579,discharge
3.0602089525327596,-1.005506614650144,9.899730251638069,0.998,2.583,1817.0,-0.0007604472522078,-0.0052069907285918,0.7485131903460788,discharge
3.0594022400706584,-1.0054542310139185,9.897822256754967,0.998,2.5822000000000003,1818.0,-0.0008067124621011,-0.0019079948831013,0.7483735439251047,discharge
3.0585955276085572,-1.0054018473776931,9.895914261871864,0.998,2.5814000000000004,1819.0,-0.0008067124621011,-0.0019079948831031,0.7482339047796356,discharge
3.057788815146456,-1.005349463741468,9.894006266988765,0.998,2.5806,1820.0,-0.0008067124621011,-0.0019079948831013,0.7480942729096713,discharge
3.056982102684355,-1.0052970801052423,9.89209827210566,0.998,2.5798,1821.0,-0.0008067124621011,-0.0019079948831031,0.7479546483152124,discharge
3.0561753902222537,-1.0052446964690172,9.890190277222558,0.998,2.579,1822.0,-0.0008067124621011,-0.0019079948831013,0.7478150309962583,discharge
3.0553686777601525,-1.0051923128327918,9.888282282339455,0.998,2.5782000000000003,1823.0,-0.0008067124621011,-0.0019079948831013,0.7476754209528094,discharge
3.0545619652980514,-1.0051399291965664,9.886374287456354,0.998,2.5774000000000004,1824.0,-0.0008067124621011,-0.0019079948831031,0.7475358181848654,discharge
3.0537552528359506,-1.0050875455603412,9.884466292573252,0.998,2.5766,1825.0,-0.0008067124621007,-0.0019079948831013,0.7473962226924264,discharge
3.0529485403738494,-1.0050351619241158,9.88255829769015,0.998,2.5758,1826.0,-0.0008067124621011,-0.0019079948831031,0.7472566344754925,discharge
3.0521418279117483,-1.0049827782878904,9.880650302807048,0.998,2.575,1827.0,-0.0008067124621011,-0.0019079948831013,0.7471170535340637,discharge
3.051335115449647,-1.004930394651665,9.878742307923948,0.998,2.5742000000000003,1828.0,-0.0008067124621011,-0.0019079948831013,0.7469774798681399,discharge
3.050528402987546,-1.0048780110154396,9.876834313040844,0.998,2.5734000000000004,1829.0,-0.0008067124621011,-0.0019079948831031,0.746837913477721,discharge
3.0497216905254447,-1.0048256273792144,9.874926318157742,0.998,2.5726,1830.0,-0.0008067124621011,-0.0019079948831013,0.7466983543628072,discharge
3.0489149780633436,-1.004773243742989,9.87301832327464,0.998,2.5718,1831.0,-0.0008067124621011,-0.0019079948831031,0.7465588025233985,discharge
3.0481082656012424,-1.0047208601067636,9.871110328391538,0.998,2.571,1832.0,-0.0008067124621011,-0.0019079948831013,0.7464192579594947,discharge
3.0473058967778957,-1.0047176802687376,9.88516101877944,0.998,2.5702000000000003,1833.0,-0.0008023688233467,0.0140506903879007,0.7462797138372352,discharge
3.046503527954549,-1.0047145004307116,9.89921170916734,0.998,2.5694000000000004,1834.0,-0.0008023688233467,0.0140506903879007,0.7461401701566198,discharge
3.045701159131202,-1.0047113205926856,9.91326239955524,0.998,2.5686,1835.0,-0.0008023688233467,0.0140506903879007,0.7460006269176487,discharge
3.044898790307855,-1.0047081407546596,9.92731308994314,0.998,2.5678,1836.0,-0.0008023688233471,0.0140506903879007,0.7458610841203216,discharge
3.0440964214845083,-1.0047049609166336,9.941363780331042,0.998,2.567,1837.0,-0.0008023688233467,0.0140506903879007,0.7457215417646388,discharge
3.0432940526611616,-1.0047017810786076,9.955414470718942,0.998,2.5662000000000003,1838.0,-0.0008023688233467,0.0140506903879007,0.7455819998506,discharge
3.042491683837815,-1.0046986012405816,9.969465161106845,0.998,2.5654000000000003,1839.0,-0.0008023688233467,0.0140506903879007,0.7454424583782056,discharge
3.041689315014468,-1.004695421402556,9.983515851494742,0.998,2.5646,1840.0,-0.0008023688233467,0.0140506903878989,0.7453029173474551,discharge
3.0408869461911214,-1.00469224156453,9.997566541882644,0.998,2.5638,1841.0,-0.0008023688233467,0.0140506903879007,0.745163376758349,discharge
3.0400845773677747,-1.004689061726504,10.011617232270543,0.998,2.563,1842.0,-0.0008023688233467,0.0140506903879007,0.745023836610887,discharge
3.039282208544428,-1.0046858818884778,10.025667922658444,0.998,2.5622000000000003,1843.0,-0.0008023688233467,0.0140506903879007,0.7448842969050691,discharge
3.038479839721081,-1.0046827020504518,10.039718613046343,0.998,2.5614000000000003,1844.0,-0.0008023688233471,0.0140506903879007,0.7447447576408954,discharge
3.037677470897734,-1.0046795222124258,10.053769303434246,0.998,2.5606,1845.0,-0.0008023688233467,0.0140506903879007,0.7446052188183658,discharge
3.0368751020743874,-1.0046763423743998,10.067819993822146,0.998,2.5598,1846.0,-0.0008023688233467,0.0140506903879007,0.7444656804374805,discharge
3.0360727332510407,-1.0046731625363738,10.081870684210047,0.998,2.559,1847.0,-0.0008023688233467,0.0140506903879007,0.7443261424982395,discharge
3.035298815300981,-1.0047452671871966,10.091556291949033,0.998,2.5582000000000003,1848.0,-0.0007739179500596,0.0096856077389837,0.7441865945444635,discharge
3.034524897350922,-1.0048173718380191,10.101241899688016,0.998,2.5574000000000003,1849.0,-0.0007739179500592,0.0096856077389855,0.7440470365761526,discharge
3.033750979400862,-1.004889476488842,10.110927507427,0.998,2.5566,1850.0,-0.0007739179500596,0.0096856077389837,0.7439074685933069,discharge
3.0329770614508025,-1.0049615811396648,10.120613115165986,0.998,2.5558,1851.0,-0.0007739179500596,0.0096856077389855,0.7437678905959264,discharge
3.0322031435007433,-1.0050336857904876,10.13029872290497,0.998,2.555,1852.0,-0.0007739179500592,0.0096856077389837,0.743628302584011,discharge
3.0314292255506836,-1.0051057904413103,10.139984330643957,0.998,2.5542,1853.0,-0.0007739179500596,0.0096856077389855,0.7434887045575609,discharge
3.030655307600624,-1.005177895092133,10.14966993838294,0.998,2.5534000000000003,1854.0,-0.0007739179500596,0.0096856077389837,0.7433490965165759,discharge
3.0298813896505647,-1.0052499997429556,10.159355546121924,0.998,2.5526,1855.0,-0.0007739179500592,0.0096856077389855,0.7432094784610559,discharge
3.029107471700505,-1.0053221043937783,10.169041153860908,0.998,2.5518,1856.0,-0.0007739179500596,0.0096856077389837,0.7430698503910013,discharge
3.0283335537504454,-1.005394209044601,10.178726761599894,0.998,2.551,1857.0,-0.0007739179500596,0.0096856077389855,0.7429302123064117,discharge
3.0275596358003862,-1.0054663136954238,10.188412369338876,0.998,2.5502,1858.0,-0.0007739179500592,0.0096856077389837,0.7427905642072874,discharge
3.0267857178503266,-1.0055384183462466,10.198097977077865,0.998,2.5494000000000003,1859.0,-0.0007739179500596,0.0096856077389855,0.7426509060936282,discharge
3.026011799900267,-1.005610522997069,10.207783584816848,0.998,2.5486,1860.0,-0.0007739179500596,0.0096856077389837,0.7425112379654342,discharge
3.0252378819502077,-1.005682627647892,10.217469192555832,0.998,2.5478,1861.0,-0.0007739179500592,0.0096856077389855,0.7423715598227052,discharge
3.024463964000148,-1.0057547322987148,10.227154800294816,0.998,2.547,1862.0,-0.0007739179500596,0.0096856077389837,0.7422318716654415,discharge
3.023700004059795,-1.0056736031962064,10.23190954349474,0.998,2.546266666666667,1863.0,-0.000763959940353,0.0047547431999248,0.7420921947761088,discharge
3.022936044119442,-1.005592474093698,10.236664286694664,0.998,2.5455333333333336,1864.0,-0.000763959940353,0.004754743199923,0.7419525291547068,discharge
3.022172084179089,-1.0055113449911894,10.241419029894589,0.998,2.5448,1865.0,-0.000763959940353,0.0047547431999248,0.7418128748012358,discharge
3.0214081242387363,-1.005430215888681,10.246173773094512,0.998,2.5440666666666667,1866.0,-0.0007639599403526,0.0047547431999248,0.7416732317156958,discharge
3.0206441642983832,-1.0053490867861723,10.250928516294437,0.998,2.5433333333333334,1867.0,-0.000763959940353,0.004754743199923,0.7415335998980865,discharge
3.01988020435803,-1.005267957683664,10.25568325949436,0.998,2.5426,1868.0,-0.000763959940353,0.0047547431999248,0.7413939793484082,discharge
3.019116244417677,-1.0051868285811556,10.260438002694286,0.998,2.541866666666667,1869.0,-0.000763959940353,0.0047547431999248,0.7412543700666608,discharge
3.018352284477324,-1.0051056994786471,10.26519274589421,0.998,2.5411333333333332,1870.0,-0.000763959940353,0.004754743199923,0.7411147720528444,discharge
3.017588324536971,-1.005024570376139,10.269947489094134,0.998,2.5404,1871.0,-0.000763959940353,0.0047547431999248,0.7409751853069588,discharge
3.016824364596618,-1.0049434412736302,10.27470223229406,0.998,2.5396666666666667,1872.0,-0.000763959940353,0.0047547431999248,0.7408356098290041,discharge
3.016060404656265,-1.0048623121711218,10.279456975493982,0.998,2.5389333333333335,1873.0,-0.000763959940353,0.004754743199923,0.7406960456189804,discharge
3.0152964447159123,-1.0047811830686133,10.284211718693909,0.998,2.5382,1874.0,-0.0007639599403526,0.0047547431999248,0.7405564926768875,discharge
3.0145324847755592,-1.0047000539661048,10.288966461893832,0.998,2.5374666666666665,1875.0,-0.000763959940353,0.0047547431999248,0.7404169510027254,discharge
3.013768524835206,-1.0046189248635964,10.293721205093757,0.998,2.5367333333333333,1876.0,-0.000763959940353,0.004754743199923,0.7402774205964944,discharge
3.013004564894853,-1.004537795761088,10.29847594829368,0.998,2.536,1877.0,-0.000763959940353,0.0047547431999248,0.7401379014581944,discharge
3.0122416787559883,-1.0045198186248567,10.30412248351414,0.998,2.5352,1878.0,-0.0007628861388648,0.0056465352204586,0.7399983848167186,discharge
3.0114787926171234,-1.0045018414886258,10.309769018734595,0.998,2.5344,1879.0,-0.0007628861388648,0.0056465352204586,0.7398588706720675,discharge
3.0107159064782585,-1.0044838643523946,10.315415553955056,0.998,2.5336,1880.0,-0.0007628861388648,0.0056465352204586,0.7397193590242407,discharge
3.0099530203393936,-1.0044658872161634,10.321062089175516,0.998,2.5328,1881.0,-0.0007628861388648,0.0056465352204604,0.7395798498732384,discharge
3.0091901342005287,-1.0044479100799324,10.326708624395977,0.998,2.532,1882.0,-0.0007628861388648,0.0056465352204586,0.7394403432190607,discharge
3.008427248061664,-1.0044299329437012,10.332355159616434,0.998,2.5312,1883.0,-0.0007628861388648,0.0056465352204586,0.7393008390617074,discharge
3.007664361922799,-1.00441195580747,10.338001694836892,0.998,2.5304,1884.0,-0.0007628861388648,0.0056465352204586,0.7391613374011786,discharge
3.0069014757839345,-1.004393978671239,10.343648230057353,0.998,2.5296,1885.0,-0.0007628861388644,0.0056465352204586,0.7390218382374742,discharge
3.0061385896450696,-1.0043760015350078,10.34929476527781,0.998,2.5288,1886.0,-0.0007628861388648,0.0056465352204586,0.7388823415705944,discharge
3.0053757035062048,-1.0043580243987766,10.354941300498268,0.998,2.528,1887.0,-0.0007628861388648,0.0056465352204586,0.7387428474005391,discharge
3.00461281736734,-1.0043400472625457,10.360587835718729,0.998,2.5272,1888.0,-0.0007628861388648,0.0056465352204586,0.7386033557273082,discharge
3.003849931228475,-1.0043220701263145,10.366234370939187,0.998,2.5264,1889.0,-0.0007628861388648,0.0056465352204604,0.7384638665509017,discharge
3.00308704508961,-1.0043040929900833,10.371880906159646,0.998,2.5256,1890.0,-0.0007628861388648,0.0056465352204586,0.7383243798713197,discharge
3.0023241589507452,-1.0042861158538523,10.377527441380105,0.998,2.5248,1891.0,-0.0007628861388648,0.0056465352204586,0.7381848956885622,discharge
3.0015612728118803,-1.004268138717621,10.383173976600563,0.998,2.524,1892.0,-0.0007628861388648,0.0056465352204586,0.7380454140026292,discharge
3.000747856086865,-1.0043364190196138,10.391030811885097,0.998,2.523214285714286,1893.0,-0.0008134167250153,0.0078568352845316,0.7379059228333209,discharge
2.9999344393618497,-1.0044046993216065,10.398887647169628,0.998,2.5224285714285712,1894.0,-0.0008134167250153,0.0078568352845316,0.7377664221806374,discharge
2.9991210226368343,-1.0044729796235992,10.40674448245416,0.998,2.521642857142857,1895.0,-0.0008134167250153,0.0078568352845334,0.7376269120445785,discharge
2.9983076059118186,-1.0045412599255916,10.414601317738692,0.998,2.520857142857143,1896.0,-0.0008134167250157,0.0078568352845316,0.7374873924251444,discharge
2.997494189186803,-1.0046095402275843,10.422458153023223,0.998,2.5200714285714287,1897.0,-0.0008134167250153,0.0078568352845316,0.737347863322335,discharge
2.996680772461788,-1.004677820529577,10.430314988307757,0.998,2.519285714285714,1898.0,-0.0008134167250153,0.0078568352845316,0.7372083247361503,discharge
2.9958673557367725,-1.0047461008315697,10.438171823592286,0.998,2.5185,1899.0,-0.0008134167250153,0.0078568352845316,0.7370687766665904,discharge
2.995053939011757,-1.0048143811335624,10.44602865887682,0.998,2.517714285714286,1900.0,-0.0008134167250153,0.0078568352845334,0.7369292191136552,discharge
2.994240522286742,-1.004882661435555,10.453885494161351,0.998,2.516928571428571,1901.0,-0.0008134167250153,0.0078568352845316,0.7367896520773447,discharge
2.9934271055617265,-1.0049509417375475,10.461742329445883,0.998,2.516142857142857,1902.0,-0.0008134167250153,0.0078568352845316,0.7366500755576588,discharge
2.9926136888367108,-1.0050192220395402,10.469599164730417,0.998,2.515357142857143,1903.0,-0.0008134167250157,0.0078568352845316,0.7365104895545979,discharge
2.9918002721116954,-1.0050875023415329,10.477456000014948,0.998,2.5145714285714287,1904.0,-0.0008134167250153,0.0078568352845334,0.7363708940681616,discharge
2.99098685538668,-1.0051557826435256,10.48531283529948,0.998,2.513785714285714,1905.0,-0.0008134167250153,0.0078568352845316,0.73623128909835,discharge
2.9901734386616647,-1.0052240629455182,10.493169670584011,0.998,2.513,1906.0,-0.0008134167250153,0.0078568352845316,0.7360916746451631,discharge
2.989423380351385,-1.0051801191009353,10.499122422006844,0.998,2.512266666666666,1907.0,-0.0007500583102797,0.0059527514228321,0.735952066295288,discharge
2.9886733220411053,-1.0051361752563526,10.505075173429674,0.998,2.5115333333333334,1908.0,-0.0007500583102797,0.0059527514228303,0.7358124640487246,discharge
2.9879232637308255,-1.0050922314117696,10.511027924852506,0.998,2.5107999999999997,1909.0,-0.0007500583102797,0.0059527514228321,0.7356728679054729,discharge
2.987173205420546,-1.005048287567187,10.516980676275338,0.998,2.5100666666666664,1910.0,-0.0007500583102793,0.0059527514228321,0.735533277865533,discharge
2.9864231471102665,-1.005004343722604,10.522933427698169,0.998,2.509333333333333,1911.0,-0.0007500583102797,0.0059527514228303,0.735393693928905,discharge
2.9856730887999867,-1.004960399878021,10.528886179121,0.998,2.5086,1912.0,-0.0007500583102797,0.0059527514228321,0.7352541160955886,discharge
2.984923030489707,-1.004916456033438,10.534838930543833,0.998,2.5078666666666667,1913.0,-0.0007500583102797,0.0059527514228321,0.7351145443655839,discharge
2.9841729721794272,-1.004872512188855,10.540791681966663,0.998,2.507133333333333,1914.0,-0.0007500583102797,0.0059527514228303,0.734974978738891,discharge
2.9834229138691475,-1.0048285683442724,10.546744433389495,0.998,2.5063999999999997,1915.0,-0.0007500583102797,0.0059527514228321,0.7348354192155098,discharge
2.9826728555588677,-1.0047846244996894,10.552697184812327,0.998,2.5056666666666665,1916.0,-0.0007500583102797,0.0059527514228321,0.7346958657954403,discharge
2.981922797248588,-1.004740680655107,10.558649936235158,0.998,2.5049333333333332,1917.0,-0.0007500583102797,0.0059527514228303,0.7345563184786827,discharge
2.9811727389383087,-1.0046967368105235,10.56460268765799,0.998,2.5042,1918.0,-0.0007500583102793,0.0059527514228321,0.7344167772652368,discharge
2.980422680628029,-1.0046527929659408,10.570555439080822,0.998,2.5034666666666663,1919.0,-0.0007500583102797,0.0059527514228321,0.7342772421551027,discharge
2.979672622317749,-1.004608849121358,10.576508190503652,0.998,2.502733333333333,1920.0,-0.0007500583102797,0.0059527514228303,0.7341377131482802,discharge
2.9789225640074695,-1.004564905276775,10.582460941926485,0.998,2.502,1921.0,-0.0007500583102797,0.0059527514228321,0.7339981902447696,discharge
2.9781705521570627,-1.0046124061195147,10.585868744991142,0.998,2.5012,1922.0,-0.0007520118504067,0.0034078030646575,0.7338586607439197,discharge
2.977418540306656,-1.0046599069622544,10.5892765480558,0.998,2.5004,1923.0,-0.0007520118504067,0.0034078030646575,0.7337191246457305,discharge
2.9766665284562492,-1.004707407804994,10.59268435112046,0.998,2.4996,1924.0,-0.0007520118504067,0.0034078030646593,0.733579581950202,discharge
2.9759145166058425,-1.0047549086477336,10.596092154185117,0.998,2.4987999999999997,1925.0,-0.0007520118504067,0.0034078030646575,0.7334400326573343,discharge
2.975162504755436,-1.0048024094904733,10.599499957249774,0.998,2.498,1926.0,-0.0007520118504067,0.0034078030646575,0.7333004767671273,discharge
2.974410492905029,-1.004849910333213,10.602907760314432,0.998,2.4972,1927.0,-0.0007520118504067,0.0034078030646575,0.733160914279581,discharge
2.9736584810546223,-1.0048974111759523,10.60631556337909,0.998,2.4964,1928.0,-0.0007520118504067,0.0034078030646575,0.7330213451946954,discharge
2.9729064692042155,-1.0049449120186924,10.609723366443747,0.998,2.4956,1929.0,-0.0007520118504067,0.0034078030646593,0.7328817695124706,discharge
2.972154457353809,-1.004992412861432,10.613131169508408,0.998,2.4948,1930.0,-0.0007520118504067,0.0034078030646575,0.7327421872329065,discharge
2.971402445503402,-1.0050399137041717,10.616538972573064,0.998,2.494,1931.0,-0.0007520118504067,0.0034078030646575,0.7326025983560032,discharge
2.9706504336529953,-1.0050874145469113,10.619946775637722,0.998,2.4932000000000003,1932.0,-0.0007520118504067,0.0034078030646575,0.7324630028817606,discharge
2.969898421802589,-1.005134915389651,10.62335457870238,0.998,2.4924,1933.0,-0.0007520118504067,0.0034078030646575,0.7323234008101787,discharge
2.969146409952182,-1.0051824162323906,10.62676238176704,0.998,2.4916,1934.0,-0.0007520118504067,0.0034078030646593,0.7321837921412575,discharge
2.968394398101775,-1.0052299170751302,10.630170184831696,0.998,2.4908,1935.0,-0.0007520118504067,0.0034078030646575,0.732044176874997,discharge
2.9676423862513683,-1.0052774179178698,10.633577987896354,0.998,2.49,1936.0,-0.0007520118504067,0.0034078030646575,0.7319045550113974,discharge
2.9668899218396754,-1.0053895079063342,10.638507707024615,0.998,2.4892000000000003,1937.0,-0.0007524644116929,0.0049297191282633,0.7317649175797437,discharge
2.9661374574279824,-1.0055015978947988,10.643437426152882,0.998,2.4884000000000004,1938.0,-0.0007524644116929,0.0049297191282651,0.7316252645800361,discharge
2.9653849930162894,-1.005613687883263,10.648367145281146,0.998,2.4876,1939.0,-0.0007524644116929,0.0049297191282633,0.7314855960122746,discharge
2.9646325286045965,-1.0057257778717277,10.653296864409407,0.998,2.4868,1940.0,-0.0007524644116929,0.0049297191282633,0.731345911876459,discharge
2.9638800641929035,-1.005837867860192,10.658226583537672,0.998,2.486,1941.0,-0.0007524644116929,0.0049297191282633,0.7312062121725895,discharge
2.9631275997812105,-1.0059499578486564,10.663156302665938,0.998,2.4852000000000003,1942.0,-0.0007524644116929,0.0049297191282651,0.7310664969006662,discharge
2.9623751353695176,-1.0060620478371207,10.6680860217942,0.998,2.4844000000000004,1943.0,-0.0007524644116929,0.0049297191282633,0.7309267660606887,discharge
2.961622670957825,-1.0061741378255853,10.673015740922464,0.998,2.4836,1944.0,-0.0007524644116925,0.0049297191282633,0.7307870196526574,discharge
2.960870206546132,-1.0062862278140496,10.677945460050728,0.998,2.4828,1945.0,-0.0007524644116929,0.0049297191282633,0.7306472576765721,discharge
2.960117742134439,-1.006398317802514,10.682875179178993,0.998,2.482,1946.0,-0.0007524644116929,0.0049297191282651,0.7305074801324329,discharge
2.959365277722746,-1.0065104077909786,10.687804898307256,0.998,2.4812000000000003,1947.0,-0.0007524644116929,0.0049297191282633,0.7303676870202397,discharge
2.958612813311053,-1.006622497779443,10.69273461743552,0.998,2.4804000000000004,1948.0,-0.0007524644116929,0.0049297191282633,0.7302278783399925,discharge
2.95786034889936,-1.0067345877679073,10.697664336563784,0.998,2.4796,1949.0,-0.0007524644116929,0.0049297191282633,0.7300880540916914,discharge
2.9571078844876673,-1.0068466777563718,10.702594055692048,0.998,2.4788,1950.0,-0.0007524644116929,0.0049297191282651,0.7299482142753364,discharge
2.9563554200759743,-1.0069587677448362,10.707523774820311,0.998,2.478,1951.0,-0.0007524644116929,0.0049297191282633,0.7298083588909274,discharge
2.9555970419569526,-1.006763715763606,10.710432524006576,0.998,2.4773333333333336,1952.0,-0.0007583781190216,0.0029087491862647,0.7296685305970714,discharge
2.9548386638379305,-1.006568663782376,10.71334127319284,0.998,2.476666666666667,1953.0,-0.0007583781190221,0.0029087491862647,0.7295287293937682,discharge
2.954080285718909,-1.0063736118011457,10.716250022379104,0.998,2.476,1954.0,-0.0007583781190216,0.0029087491862647,0.7293889552810181,discharge
2.953321907599887,-1.0061785598199156,10.71915877156537,0.998,2.4753333333333334,1955.0,-0.0007583781190216,0.0029087491862647,0.7292492082588209,discharge
2.9525635294808654,-1.0059835078386854,10.722067520751636,0.998,2.474666666666667,1956.0,-0.0007583781190216,0.0029087491862647,0.7291094883271766,discharge
2.9518051513618433,-1.0057884558574552,10.7249762699379,0.998,2.474,1957.0,-0.0007583781190221,0.0029087491862647,0.7289697954860852,discharge
2.9510467732428216,-1.005593403876225,10.727885019124164,0.998,2.4733333333333336,1958.0,-0.0007583781190216,0.0029087491862647,0.7288301297355468,discharge
2.9502883951238,-1.0053983518949952,10.730793768310429,0.998,2.4726666666666666,1959.0,-0.0007583781190216,0.0029087491862647,0.7286904910755615,discharge
2.9495300170047782,-1.005203299913765,10.733702517496694,0.998,2.472,1960.0,-0.0007583781190216,0.0029087491862647,0.7285508795061291,discharge
2.948771638885756,-1.0050082479325348,10.736611266682958,0.998,2.4713333333333334,1961.0,-0.0007583781190221,0.0029087491862647,0.7284112950272496,discharge
2.9480132607667344,-1.0048131959513047,10.739520015869225,0.998,2.470666666666667,1962.0,-0.0007583781190216,0.0029087491862647,0.728271737638923,discharge
2.9472548826477127,-1.0046181439700743,10.742428765055488,0.998,2.47,1963.0,-0.0007583781190216,0.0029087491862647,0.7281322073411494,discharge
2.946496504528691,-1.0044230919888444,10.745337514241752,0.998,2.469333333333333,1964.0,-0.0007583781190216,0.0029087491862647,0.7279927041339287,discharge
2.945738126409669,-1.0042280400076142,10.748246263428015,0.998,2.4686666666666666,1965.0,-0.0007583781190221,0.0029087491862647,0.7278532280172609,discharge
2.9449797482906472,-1.004032988026384,10.751155012614282,0.998,2.468,1966.0,-0.0007583781190216,0.0029087491862647,0.7277137789911462,discharge
2.944227740981354,-1.0042064659065455,10.760753664690275,0.998,2.4672,1967.0,-0.0007520073092925,0.0095986520759954,0.7275743058708815,discharge
2.9434757336720625,-1.0043799437867076,10.770352316766274,0.998,2.4664,1968.0,-0.0007520073092921,0.0095986520759971,0.7274348086564666,discharge
2.94272372636277,-1.0045534216668692,10.77995096884227,0.998,2.4656,1969.0,-0.0007520073092925,0.0095986520759954,0.7272952873479017,discharge
2.9419717190534773,-1.0047268995470309,10.789549620918264,0.998,2.4648,1970.0,-0.0007520073092925,0.0095986520759954,0.7271557419451868,discharge
2.941219711744185,-1.0049003774271923,10.79914827299426,0.998,2.464,1971.0,-0.0007520073092921,0.0095986520759954,0.727016172448322,discharge
2.9404677044348926,-1.0050738553073544,10.808746925070258,0.998,2.4632,1972.0,-0.0007520073092925,0.0095986520759971,0.726876578857307,discharge
2.9397156971256,-1.005247333187516,10.818345577146252,0.998,2.4624,1973.0,-0.0007520073092925,0.0095986520759954,0.7267369611721421,discharge
2.938963689816308,-1.0054208110676777,10.827944229222249,0.998,2.4616,1974.0,-0.0007520073092921,0.0095986520759954,0.7265973193928272,discharge
2.9382116825070153,-1.0055942889478393,10.837542881298244,0.998,2.4608,1975.0,-0.0007520073092925,0.0095986520759954,0.7264576535193622,discharge
2.9374596751977227,-1.0057677668280012,10.84714153337424,0.998,2.46,1976.0,-0.0007520073092925,0.0095986520759971,0.7263179635517472,discharge
2.9367076678884305,-1.0059412447081628,10.856740185450237,0.998,2.4592,1977.0,-0.0007520073092921,0.0095986520759954,0.7261782494899822,discharge
2.935955660579138,-1.0061147225883245,10.866338837526232,0.998,2.4584,1978.0,-0.0007520073092925,0.0095986520759954,0.726038511334067,discharge
2.9352036532698453,-1.006288200468486,10.875937489602228,0.998,2.4576,1979.0,-0.0007520073092925,0.0095986520759954,0.7258987490840021,discharge
2.934451645960553,-1.006461678348648,10.885536141678225,0.998,2.4568,1980.0,-0.0007520073092921,0.0095986520759971,0.7257589627397869,discharge
2.9336996386512606,-1.0066351562288096,10.89513479375422,0.998,2.456,1981.0,-0.0007520073092925,0.0095986520759954,0.7256191523014218,discharge
2.932933571875808,-1.0066519751114156,10.900368023864177,0.998,2.4552,1982.0,-0.0007660667754527,0.0052332301099546,0.7254793395271009,discharge
2.932167505100355,-1.006668793994021,10.90560125397413,0.998,2.4544,1983.0,-0.0007660667754527,0.0052332301099546,0.7253395244168238,discharge
2.9314014383249023,-1.0066856128766273,10.910834484084084,0.998,2.4536,1984.0,-0.0007660667754527,0.0052332301099529,0.7251997069705909,discharge
2.930635371549449,-1.0067024317592332,10.916067714194035,0.998,2.4528,1985.0,-0.0007660667754532,0.0052332301099546,0.7250598871884022,discharge
2.9298693047739963,-1.006719250641839,10.921300944303992,0.998,2.452,1986.0,-0.0007660667754527,0.0052332301099546,0.7249200650702574,discharge
2.9291032379985436,-1.006736069524445,10.926534174413948,0.998,2.4512,1987.0,-0.0007660667754527,0.0052332301099546,0.7247802406161568,discharge
2.928337171223091,-1.006752888407051,10.9317674045239,0.998,2.4504,1988.0,-0.0007660667754527,0.0052332301099546,0.7246404138261002,discharge
2.927571104447638,-1.0067697072896566,10.937000634633854,0.998,2.4496,1989.0,-0.0007660667754527,0.0052332301099529,0.7245005847000878,discharge
2.9268050376721853,-1.0067865261722626,10.942233864743809,0.998,2.4488,1990.0,-0.0007660667754527,0.0052332301099546,0.7243607532381195,discharge
2.9260389708967325,-1.0068033450548686,10.947467094853764,0.998,2.448,1991.0,-0.0007660667754527,0.0052332301099546,0.7242209194401952,discharge
2.9252729041212797,-1.0068201639374743,10.952700324963718,0.998,2.4472,1992.0,-0.0007660667754527,0.0052332301099546,0.7240810833063149,discharge
2.9245068373458265,-1.0068369828200805,10.957933555073671,0.998,2.4464,1993.0,-0.0007660667754532,0.0052332301099546,0.7239412448364788,discharge
2.9237407705703737,-1.0068538017026862,10.963166785183626,0.998,2.4456,1994.0,-0.0007660667754527,0.0052332301099529,0.7238014040306868,discharge
2.922974703794921,-1.006870620585292,10.96840001529358,0.998,2.4448,1995.0,-0.0007660667754527,0.0052332301099546,0.723661560888939,discharge
2.922208637019468,-1.006887439467898,10.973633245403535,0.998,2.444,1996.0,-0.0007660667754527,0.0052332301099546,0.723521715411235,discharge
2.9214519341594944,-1.0067792475316837,10.978698092225857,0.998,2.4432666666666667,1997.0,-0.0007567028599737,0.0050648468223197,0.723381884960189,discharge
2.9206952312995207,-1.0066710555954692,10.983762939048177,0.998,2.4425333333333334,1998.0,-0.0007567028599737,0.0050648468223215,0.7232420695358007,discharge
2.919938528439547,-1.0065628636592547,10.988827785870496,0.998,2.4417999999999997,1999.0,-0.0007567028599737,0.0050648468223197,0.7231022691380702,discharge
2.9191818255795736,-1.0064546717230405,10.993892632692816,0.998,2.4410666666666665,2000.0,-0.0007567028599733,0.0050648468223197,0.7229624837669977,discharge
2.9184251227196,-1.006346479786826,10.998957479515138,0.998,2.4403333333333332,2001.0,-0.0007567028599737,0.0050648468223215,0.7228227134225829,discharge
2.917668419859626,-1.0062382878506115,11.004022326337456,0.998,2.4396,2002.0,-0.0007567028599737,0.0050648468223197,0.7226829581048257,discharge
2.9169117169996523,-1.0061300959143973,11.009087173159775,0.998,2.4388666666666667,2003.0,-0.0007567028599737,0.0050648468223197,0.7225432178137265,discharge
2.9161550141396786,-1.0060219039781828,11.0141520199821,0.998,2.438133333333333,2004.0,-0.0007567028599737,0.0050648468223215,0.7224034925492852,discharge
2.915398311279705,-1.0059137120419686,11.01921686680442,0.998,2.4374,2005.0,-0.0007567028599737,0.0050648468223197,0.7222637823115015,discharge
2.914641608419731,-1.005805520105754,11.024281713626738,0.998,2.4366666666666665,2006.0,-0.0007567028599737,0.0050648468223197,0.7221240871003758,discharge
2.9138849055597573,-1.0056973281695396,11.02934656044906,0.998,2.4359333333333333,2007.0,-0.0007567028599737,0.0050648468223215,0.7219844069159077,discharge
2.913128202699784,-1.0055891362333254,11.03441140727138,0.998,2.4352,2008.0,-0.0007567028599733,0.0050648468223197,0.7218447417580975,discharge
2.9123714998398103,-1.0054809442971109,11.0394762540937,0.998,2.4344666666666663,2009.0,-0.0007567028599737,0.0050648468223197,0.7217050916269452,discharge
2.9116147969798365,-1.0053727523608966,11.04454110091602,0.998,2.433733333333333,2010.0,-0.0007567028599737,0.0050648468223215,0.7215654565224506,discharge
2.9108580941198627,-1.0052645604246822,11.04960594773834,0.998,2.433,2011.0,-0.0007567028599737,0.0050648468223197,0.7214258364446138,discharge
2.9100701139365808,-1.005198353377595,11.055518852397444,0.998,2.4322666666666666,2012.0,-0.0007879801832819,0.0059129046591017,0.7212862255622003,discharge
2.9092821337532992,-1.0051321463305078,11.061431757056546,0.998,2.4315333333333333,2013.0,-0.0007879801832815,0.0059129046591035,0.72114662387521,discharge
2.9084941535700173,-1.0050659392834207,11.067344661715648,0.998,2.4308,2014.0,-0.0007879801832819,0.0059129046591017,0.7210070313836427,discharge
2.9077061733867353,-1.0049997322363335,11.073257566374751,0.998,2.4300666666666664,2015.0,-0.0007879801832819,0.0059129046591035,0.7208674480874988,discharge
2.9069181932034533,-1.0049335251892464,11.079170471033851,0.998,2.429333333333333,2016.0,-0.0007879801832819,0.0059129046591017,0.7207278739867782,discharge
2.906130213020172,-1.0048673181421592,11.085083375692957,0.998,2.4286,2017.0,-0.0007879801832815,0.0059129046591035,0.7205883090814806,discharge
2.90534223283689,-1.004801111095072,11.09099628035206,0.998,2.4278666666666666,2018.0,-0.0007879801832819,0.0059129046591017,0.7204487533716063,discharge
2.904554252653608,-1.004734904047985,11.096909185011162,0.998,2.427133333333334,2019.0,-0.0007879801832819,0.0059129046591035,0.7203092068571553,discharge
2.903766272470326,-1.0046686970008978,11.102822089670264,0.998,2.4264,2020.0,-0.0007879801832819,0.0059129046591017,0.7201696695381272,discharge
2.9029782922870444,-1.0046024899538106,11.108734994329367,0.998,2.425666666666667,2021.0,-0.0007879801832815,0.0059129046591035,0.7200301414145226,discharge
2.9021903121037624,-1.0045362829067237,11.11464789898847,0.998,2.4249333333333336,2022.0,-0.0007879801832819,0.0059129046591017,0.7198906224863411,discharge
2.9014023319204805,-1.0044700758596363,11.120560803647573,0.998,2.4242,2023.0,-0.0007879801832819,0.0059129046591035,0.7197511127535828,discharge
2.9006143517371985,-1.0044038688125492,11.126473708306674,0.998,2.4234666666666667,2024.0,-0.0007879801832819,0.0059129046591017,0.7196116122162477,discharge
2.899826371553917,-1.004337661765462,11.132386612965778,0.998,2.4227333333333334,2025.0,-0.0007879801832815,0.0059129046591035,0.7194721208743359,discharge
2.899038391370635,-1.0042714547183749,11.13829951762488,0.998,2.422,2026.0,-0.0007879801832819,0.0059129046591017,0.7193326387278473,discharge
2.898261992107644,-1.0043731814783354,11.14170415471121,0.998,2.4212,2027.0,-0.0007763992629907,0.00340463708633,0.7191931424526419,discharge
2.897485592844653,-1.0044749082382962,11.14510879179754,0.998,2.4204000000000003,2028.0,-0.0007763992629912,0.00340463708633,0.71905363204872,discharge
2.8967091935816622,-1.0045766349982568,11.148513428883872,0.998,2.4196,2029.0,-0.0007763992629907,0.0034046370863318,0.7189141075160812,discharge
2.8959327943186715,-1.0046783617582171,11.151918065970202,0.998,2.4188,2030.0,-0.0007763992629907,0.00340463708633,0.718774568854726,discharge
2.8951563950556807,-1.004780088518178,11.155322703056532,0.998,2.418,2031.0,-0.0007763992629907,0.00340463708633,0.718635016064654,discharge
2.8943799957926895,-1.0048818152781387,11.158727340142862,0.998,2.4172,2032.0,-0.0007763992629912,0.00340463708633,0.7184954491458654,discharge
2.8936035965296987,-1.0049835420380993,11.162131977229192,0.998,2.4164000000000003,2033.0,-0.0007763992629907,0.00340463708633,0.7183558680983602,discharge
2.892827197266708,-1.00508526879806,11.165536614315524,0.998,2.4156,2034.0,-0.0007763992629907,0.0034046370863318,0.7182162729221382,discharge
2.892050798003717,-1.0051869955580206,11.168941251401854,0.998,2.4148,2035.0,-0.0007763992629907,0.00340463708633,0.7180766636171996,discharge
2.891274398740726,-1.0052887223179812,11.172345888488184,0.998,2.414,2036.0,-0.0007763992629912,0.00340463708633,0.7179370401835443,discharge
2.890497999477735,-1.005390449077942,11.175750525574514,0.998,2.4132,2037.0,-0.0007763992629907,0.00340463708633,0.7177974026211723,discharge
2.8897216002147443,-1.0054921758379023,11.179155162660845,0.998,2.4124000000000003,2038.0,-0.0007763992629907,0.00340463708633,0.7176577509300837,discharge
2.8889452009517536,-1.005593902597863,11.182559799747176,0.998,2.4116,2039.0,-0.0007763992629907,0.0034046370863318,0.7175180851102785,discharge
2.8881688016887623,-1.005695629357824,11.185964436833506,0.998,2.4108,2040.0,-0.0007763992629912,0.00340463708633,0.7173784051617564,discharge
2.8873924024257716,-1.0057973561177844,11.189369073919837,0.998,2.41,2041.0,-0.0007763992629907,0.00340463708633,0.717238711084518,discharge
2.8865837066932536,-1.005751162939276,11.193641377028031,0.998,2.4092,2042.0,-0.0008086957325179,0.0042723031081948,0.7170990234229986,discharge
2.8857750109607356,-1.0057049697607678,11.197913680136226,0.998,2.4084000000000003,2043.0,-0.0008086957325179,0.0042723031081948,0.7169593421771985,discharge
2.8849663152282172,-1.0056587765822596,11.20218598324442,0.998,2.4076,2044.0,-0.0008086957325184,0.0042723031081948,0.7168196673471177,discharge
2.8841576194956993,-1.0056125834037513,11.206458286352614,0.998,2.4068,2045.0,-0.0008086957325179,0.004272303108193,0.716679998932756,discharge
2.8833489237631813,-1.005566390225243,11.210730589460807,0.998,2.406,2046.0,-0.0008086957325179,0.0042723031081948,0.7165403369341137,discharge
2.8825402280306633,-1.005520197046735,11.215002892569004,0.998,2.4052,2047.0,-0.0008086957325179,0.0042723031081948,0.7164006813511905,discharge
2.8817315322981454,-1.0054740038682264,11.2192751956772,0.998,2.4044000000000003,2048.0,-0.0008086957325179,0.0042723031081948,0.7162610321839865,discharge
2.880922836565627,-1.005427810689718,11.223547498785392,0.998,2.4036,2049.0,-0.0008086957325184,0.0042723031081948,0.7161213894325018,discharge
2.880114140833109,-1.0053816175112098,11.227819801893588,0.998,2.4028,2050.0,-0.0008086957325179,0.0042723031081948,0.7159817530967364,discharge
2.879305445100591,-1.0053354243327015,11.232092105001785,0.998,2.402,2051.0,-0.0008086957325179,0.0042723031081948,0.7158421231766902,discharge
2.878496749368073,-1.0052892311541932,11.236364408109978,0.998,2.4012,2052.0,-0.0008086957325179,0.0042723031081948,0.7157024996723632,discharge
2.877688053635555,-1.005243037975685,11.24063671121817,0.998,2.4004000000000003,2053.0,-0.0008086957325179,0.004272303108193,0.7155628825837554,discharge
2.8768793579030367,-1.0051968447971766,11.244909014326366,0.998,2.3996,2054.0,-0.0008086957325184,0.0042723031081948,0.7154232719108671,discharge
2.8760706621705188,-1.0051506516186683,11.24918131743456,0.998,2.3988,2055.0,-0.0008086957325179,0.0042723031081948,0.7152836676536978,discharge
2.875261966438001,-1.00510445844016,11.253453620542755,0.998,2.398,2056.0,-0.0008086957325179,0.0042723031081948,0.7151440698122478,discharge
2.8744500770270784,-1.0050807801187112,11.262097223292272,0.998,2.3972,2057.0,-0.0008118894109223,0.0086436027495171,0.7150044752594534,discharge
2.8736381876161565,-1.0050571017972625,11.27074082604179,0.998,2.3964000000000003,2058.0,-0.0008118894109219,0.0086436027495171,0.7148648839953149,discharge
2.872826298205234,-1.0050334234758136,11.279384428791303,0.998,2.3956,2059.0,-0.0008118894109223,0.0086436027495153,0.7147252960198323,discharge
2.872014408794312,-1.0050097451543647,11.288028031540822,0.998,2.3948,2060.0,-0.0008118894109219,0.0086436027495171,0.7145857113330052,discharge
2.87120251938339,-1.0049860668329158,11.29667163429034,0.998,2.394,2061.0,-0.0008118894109223,0.0086436027495171,0.7144461299348339,discharge
2.870390629972468,-1.0049623885114671,11.305315237039856,0.998,2.3932,2062.0,-0.0008118894109219,0.0086436027495171,0.7143065518253184,discharge
2.8695787405615456,-1.0049387101900182,11.313958839789374,0.998,2.3924000000000003,2063.0,-0.0008118894109223,0.0086436027495171,0.7141669770044587,discharge
2.8687668511506237,-1.0049150318685691,11.322602442538887,0.998,2.3916,2064.0,-0.0008118894109219,0.0086436027495153,0.7140274054722549,discharge
2.8679549617397013,-1.0048913535471204,11.331246045288406,0.998,2.3908,2065.0,-0.0008118894109223,0.0086436027495171,0.7138878372287065,discharge
2.8671430723287794,-1.0048676752256718,11.339889648037923,0.998,2.39,2066.0,-0.0008118894109219,0.0086436027495171,0.7137482722738142,discharge
2.866331182917857,-1.0048439969042229,11.34853325078744,0.998,2.3892,2067.0,-0.0008118894109223,0.0086436027495171,0.7136087106075775,discharge
2.865519293506935,-1.004820318582774,11.357176853536956,0.998,2.3884000000000003,2068.0,-0.0008118894109219,0.0086436027495171,0.7134691522299965,discharge
2.8647074040960128,-1.004796640261325,11.365820456286473,0.998,2.3876,2069.0,-0.0008118894109223,0.0086436027495153,0.7133295971410714,discharge
2.863895514685091,-1.0047729619398764,11.37446405903599,0.998,2.3868,2070.0,-0.0008118894109219,0.0086436027495171,0.7131900453408019,discharge
2.8630836252741685,-1.0047492836184275,11.383107661785507,0.998,2.386,2071.0,-0.0008118894109223,0.0086436027495171,0.7130504968291882,discharge
2.8622001394580967,-1.0047655857339706,11.38903821569188,0.998,2.3850714285714285,2072.0,-0.0008834858160717,0.0059305539063725,0.7129109460533918,discharge
2.861316653642025,-1.0047818878495138,11.39496876959825,0.998,2.3841428571428573,2073.0,-0.0008834858160717,0.0059305539063707,0.7127713930134127,discharge
2.8604331678259536,-1.0047981899650569,11.400899323504625,0.998,2.3832142857142857,2074.0,-0.0008834858160713,0.0059305539063725,0.7126318377092509,discharge
2.859549682009882,-1.0048144920806,11.406829877410996,0.998,2.3822857142857146,2075.0,-0.0008834858160717,0.0059305539063725,0.7124922801409064,discharge
2.85866619619381,-1.0048307941961432,11.412760431317366,0.998,2.381357142857143,2076.0,-0.0008834858160717,0.0059305539063707,0.712352720308379,discharge
2.8577827103777382,-1.0048470963116862,11.41869098522374,0.998,2.380428571428572,2077.0,-0.0008834858160717,0.0059305539063725,0.7122131582116692,discharge
2.856899224561667,-1.0048633984272295,11.424621539130111,0.998,2.3795,2078.0,-0.0008834858160713,0.0059305539063725,0.7120735938507765,discharge
2.856015738745595,-1.0048797005427723,11.430552093036482,0.998,2.378571428571429,2079.0,-0.0008834858160717,0.0059305539063707,0.7119340272257011,discharge
2.8551322529295233,-1.0048960026583156,11.436482646942856,0.998,2.3776428571428574,2080.0,-0.0008834858160717,0.0059305539063725,0.7117944583364431,discharge
2.8542487671134515,-1.0049123047738588,11.442413200849224,0.998,2.376714285714286,2081.0,-0.0008834858160717,0.0059305539063707,0.7116548871830022,discharge
2.85336528129738,-1.004928606889402,11.448343754755598,0.998,2.3757857142857146,2082.0,-0.0008834858160717,0.0059305539063725,0.7115153137653787,discharge
2.8524817954813084,-1.004944909004945,11.45427430866197,0.998,2.374857142857143,2083.0,-0.0008834858160713,0.0059305539063725,0.7113757380835725,discharge
2.8515983096652366,-1.0049612111204882,11.46020486256834,0.998,2.373928571428572,2084.0,-0.0008834858160717,0.0059305539063707,0.7112361601375835,discharge
2.850714823849165,-1.0049775132360312,11.466135416474714,0.998,2.373,2085.0,-0.0008834858160717,0.0059305539063725,0.7110965799274118,discharge
2.849873396297802,-1.004967781856242,11.473177492737992,0.998,2.3722000000000003,2086.0,-0.000841427551363,0.0070420762632785,0.7109570010688206,discharge
2.8490319687464387,-1.0049580504764526,11.480219569001273,0.998,2.3714000000000004,2087.0,-0.000841427551363,0.0070420762632785,0.7108174235618101,discharge
2.8481905411950756,-1.0049483190966635,11.48726164526455,0.998,2.3706,2088.0,-0.000841427551363,0.0070420762632785,0.71067784740638,discharge
2.847349113643713,-1.0049385877168742,11.494303721527828,0.998,2.3698,2089.0,-0.0008414275513626,0.0070420762632785,0.7105382726025304,discharge
2.84650768609235,-1.0049288563370848,11.501345797791108,0.998,2.369,2090.0,-0.000841427551363,0.0070420762632785,0.7103986991502613,discharge
2.845666258540987,-1.0049191249572955,11.508387874054383,0.998,2.3682000000000003,2091.0,-0.000841427551363,0.0070420762632785,0.7102591270495728,discharge
2.844824830989624,-1.0049093935775062,11.515429950317664,0.998,2.3674000000000004,2092.0,-0.000841427551363,0.0070420762632785,0.7101195563004649,discharge
2.8439834034382607,-1.004899662197717,11.522472026580944,0.998,2.3666,2093.0,-0.000841427551363,0.0070420762632803,0.7099799869029374,discharge
2.8431419758868977,-1.0048899308179278,11.529514102844225,0.998,2.3658,2094.0,-0.000841427551363,0.0070420762632785,0.7098404188569905,discharge
2.8423005483355346,-1.0048801994381384,11.5365561791075,0.998,2.365,2095.0,-0.000841427551363,0.0070420762632785,0.709700852162624,discharge
2.8414591207841715,-1.0048704680583491,11.54359825537078,0.998,2.3642000000000003,2096.0,-0.000841427551363,0.0070420762632785,0.7095612868198382,discharge
2.840617693232809,-1.0048607366785598,11.550640331634058,0.998,2.3634000000000004,2097.0,-0.0008414275513626,0.0070420762632785,0.7094217228286328,discharge
2.839776265681446,-1.0048510052987707,11.557682407897335,0.998,2.3626,2098.0,-0.000841427551363,0.0070420762632785,0.709282160189008,discharge
2.8389348381300827,-1.0048412739189814,11.564724484160616,0.998,2.3618,2099.0,-0.000841427551363,0.0070420762632785,0.7091425989009636,discharge
2.8380934105787197,-1.004831542539192,11.571766560423894,0.998,2.361,2100.0,-0.000841427551363,0.0070420762632785,0.7090030389644999,discharge
2.837255296270541,-1.0049682880229691,11.57395667439644,0.998,2.3601333333333336,2101.0,-0.0008381143081788,0.0021901139725457,0.7088634600356079,discharge
2.8364171819623616,-1.0051050335067466,11.576146788368987,0.998,2.359266666666666,2102.0,-0.0008381143081792,0.0021901139725475,0.7087238621142875,discharge
2.8355790676541828,-1.005241778990524,11.578336902341531,0.998,2.3584,2103.0,-0.0008381143081788,0.0021901139725457,0.7085842452005386,discharge
2.834740953346004,-1.0053785244743012,11.58052701631408,0.998,2.3575333333333335,2104.0,-0.0008381143081788,0.0021901139725457,0.7084446092943617,discharge
2.8339028390378247,-1.0055152699580785,11.582717130286625,0.998,2.356666666666667,2105.0,-0.0008381143081792,0.0021901139725457,0.7083049543957565,discharge
2.833064724729646,-1.0056520154418558,11.584907244259172,0.998,2.3558,2106.0,-0.0008381143081788,0.0021901139725475,0.7081652805047229,discharge
2.832226610421467,-1.005788760925633,11.587097358231718,0.998,2.3549333333333333,2107.0,-0.0008381143081788,0.0021901139725457,0.708025587621261,discharge
2.831388496113288,-1.0059255064094104,11.589287472204264,0.998,2.3540666666666668,2108.0,-0.0008381143081792,0.0021901139725457,0.7078858757453708,discharge
2.830550381805109,-1.0060622518931877,11.59147758617681,0.998,2.3532,2109.0,-0.0008381143081788,0.0021901139725457,0.7077461448770523,discharge
2.82971226749693,-1.006198997376965,11.593667700149355,0.998,2.352333333333333,2110.0,-0.0008381143081788,0.0021901139725475,0.7076063950163055,discharge
2.828874153188751,-1.0063357428607422,11.595857814121905,0.998,2.3514666666666666,2111.0,-0.0008381143081792,0.0021901139725457,0.7074666261631304,discharge
2.828036038880572,-1.0064724883445195,11.598047928094449,0.998,2.3506,2112.0,-0.0008381143081788,0.0021901139725457,0.7073268383175271,discharge
2.8271979245723933,-1.0066092338282968,11.600238042066994,0.998,2.3497333333333335,2113.0,-0.0008381143081788,0.0021901139725457,0.7071870314794952,discharge
2.826359810264214,-1.006745979312074,11.602428156039542,0.998,2.3488666666666664,2114.0,-0.0008381143081792,0.0021901139725475,0.7070472056490353,discharge
2.825521695956035,-1.0068827247958514,11.604618270012088,0.998,2.348,2115.0,-0.0008381143081788,0.0021901139725457,0.7069073608261469,discharge
2.824671586657037,-1.0067990256249435,11.613102025711289,0.998,2.3471333333333333,2116.0,-0.000850109298998,0.0084837556991992,0.7067675276281435,discharge
2.8238214773580395,-1.006715326454036,11.621585781410486,0.998,2.3462666666666667,2117.0,-0.0008501092989976,0.0084837556991992,0.7066277060550249,discharge
2.822971368059042,-1.0066316272831282,11.630069537109684,0.998,2.3453999999999997,2118.0,-0.000850109298998,0.0084837556991992,0.7064878961067911,discharge
2.8221212587600433,-1.0065479281122205,11.638553292808885,0.998,2.344533333333333,2119.0,-0.000850109298998,0.0084837556991992,0.7063480977834422,discharge
2.821271149461045,-1.0064642289413128,11.647037048508084,0.998,2.3436666666666666,2120.0,-0.000850109298998,0.0084837556991992,0.7062083110849782,discharge
2.8204210401620475,-1.0063805297704052,11.655520804207285,0.998,2.3428,2121.0,-0.0008501092989976,0.0084837556991992,0.706068536011399,discharge
2.8195709308630494,-1.0062968305994977,11.664004559906482,0.998,2.3419333333333334,2122.0,-0.000850109298998,0.0084837556991992,0.7059287725627046,discharge
2.8187208215640513,-1.0062131314285896,11.67248831560568,0.998,2.3410666666666664,2123.0,-0.000850109298998,0.0084837556991974,0.705789020738895,discharge
2.8178707122650533,-1.006129432257682,11.68097207130488,0.998,2.3402,2124.0,-0.000850109298998,0.0084837556991992,0.7056492805399703,discharge
2.8170206029660556,-1.0060457330867745,11.689455827004078,0.998,2.3393333333333333,2125.0,-0.0008501092989976,0.0084837556991992,0.7055095519659305,discharge
2.8161704936670575,-1.0059620339158666,11.697939582703276,0.998,2.3384666666666667,2126.0,-0.000850109298998,0.0084837556991992,0.7053698350167755,discharge
2.815320384368059,-1.005878334744959,11.706423338402477,0.998,2.3376,2127.0,-0.000850109298998,0.0084837556991992,0.7052301296925054,discharge
2.8144702750690613,-1.005794635574051,11.714907094101676,0.998,2.336733333333333,2128.0,-0.000850109298998,0.0084837556991992,0.70509043599312,discharge
2.8136201657700637,-1.0057109364031434,11.723390849800875,0.998,2.3358666666666665,2129.0,-0.0008501092989976,0.0084837556991992,0.7049507539186197,discharge
2.8127700564710656,-1.0056272372322357,11.731874605500074,0.998,2.335,2130.0,-0.000850109298998,0.0084837556991992,0.7048110834690041,discharge
2.8118919662551085,-1.005556427214101,11.73627569826106,0.998,2.3342,2131.0,-0.000878090215957,0.0044010927609843,0.7046714228541132,discharge
2.811013876039152,-1.005485617195967,11.74067679102204,0.998,2.3334,2132.0,-0.0008780902159566,0.0044010927609825,0.7045317720739471,discharge
2.810135785823195,-1.0054148071778326,11.745077883783026,0.998,2.3326,2133.0,-0.000878090215957,0.0044010927609843,0.7043921311285057,discharge
2.809257695607238,-1.0053439971596982,11.74947897654401,0.998,2.3318,2134.0,-0.0008780902159566,0.0044010927609843,0.7042525000177892,discharge
2.808379605391281,-1.005273187141564,11.753880069304993,0.998,2.331,2135.0,-0.000878090215957,0.0044010927609825,0.7041128787417973,discharge
2.8075015151753244,-1.0052023771234295,11.758281162065977,0.998,2.3302,2136.0,-0.0008780902159566,0.0044010927609843,0.7039732673005301,discharge
2.8066234249593673,-1.0051315671052952,11.76268225482696,0.998,2.3294,2137.0,-0.000878090215957,0.0044010927609843,0.7038336656939876,discharge
2.8057453347434107,-1.005060757087161,11.767083347587944,0.998,2.3286,2138.0,-0.0008780902159566,0.0044010927609825,0.70369407392217,discharge
2.8048672445274536,-1.004989947069027,11.771484440348928,0.998,2.3278,2139.0,-0.000878090215957,0.0044010927609843,0.7035544919850771,discharge
2.803989154311497,-1.0049191370508923,11.775885533109912,0.998,2.327,2140.0,-0.0008780902159566,0.0044010927609843,0.7034149198827089,discharge
2.80311106409554,-1.004848327032758,11.780286625870897,0.998,2.3262,2141.0,-0.000878090215957,0.0044010927609825,0.7032753576150654,discharge
2.8022329738795833,-1.0047775170146236,11.78468771863188,0.998,2.3254,2142.0,-0.0008780902159566,0.0044010927609843,0.7031358051821468,discharge
2.801354883663626,-1.0047067069964892,11.789088811392864,0.998,2.3246,2143.0,-0.000878090215957,0.0044010927609843,0.7029962625839529,discharge
2.8004767934476695,-1.0046358969783549,11.793489904153846,0.998,2.3238,2144.0,-0.0008780902159566,0.0044010927609825,0.7028567298204836,discharge
2.7995987032317124,-1.0045650869602205,11.79789099691483,0.998,2.323,2145.0,-0.000878090215957,0.0044010927609843,0.7027172068917391,discharge
2.798716540299318,-1.0045733950810125,11.80310440240417,0.998,2.3220666666666667,2146.0,-0.0008821629323945,0.0052134054893393,0.702577682809089,discharge
2.7978343773669234,-1.0045817032018038,11.808317807893513,0.998,2.3211333333333335,2147.0,-0.0008821629323945,0.0052134054893411,0.7024381575725331,discharge
2.796952214434529,-1.0045900113225956,11.81353121338285,0.998,2.3202,2148.0,-0.0008821629323945,0.0052134054893393,0.7022986311820717,discharge
2.796070051502135,-1.0045983194433872,11.81874461887219,0.998,2.3192666666666666,2149.0,-0.000882162932394,0.0052134054893393,0.7021591036377046,discharge
2.7951878885697403,-1.004606627564179,11.823958024361527,0.998,2.318333333333334,2150.0,-0.0008821629323945,0.0052134054893393,0.7020195749394318,discharge
2.794305725637346,-1.0046149356849707,11.82917142985087,0.998,2.3174,2151.0,-0.0008821629323945,0.0052134054893411,0.7018800450872533,discharge
2.7934235627049513,-1.0046232438057623,11.83438483534021,0.998,2.316466666666667,2152.0,-0.0008821629323945,0.0052134054893393,0.7017405140811692,discharge
2.7925413997725568,-1.004631551926554,11.839598240829549,0.998,2.315533333333333,2153.0,-0.0008821629323945,0.0052134054893393,0.7016009819211794,discharge
2.7916592368401623,-1.0046398600473456,11.844811646318888,0.998,2.3146,2154.0,-0.0008821629323945,0.0052134054893393,0.7014614486072839,discharge
2.7907770739077677,-1.0046481681681374,11.85002505180823,0.998,2.3136666666666668,2155.0,-0.0008821629323945,0.0052134054893411,0.7013219141394829,discharge
2.7898949109753732,-1.0046564762889292,11.855238457297569,0.998,2.3127333333333335,2156.0,-0.0008821629323945,0.0052134054893393,0.701182378517776,discharge
2.789012748042979,-1.0046647844097207,11.860451862786908,0.998,2.3118000000000003,2157.0,-0.000882162932394,0.0052134054893393,0.7010428417421636,discharge
2.7881305851105846,-1.0046730925305123,11.865665268276247,0.998,2.310866666666666,2158.0,-0.0008821629323945,0.0052134054893393,0.7009033038126454,discharge
2.78724842217819,-1.004681400651304,11.870878673765588,0.998,2.3099333333333334,2159.0,-0.0008821629323945,0.0052134054893411,0.7007637647292216,discharge
2.7863662592457956,-1.0046897087720958,11.876092079254928,0.998,2.309,2160.0,-0.0008821629323945,0.0052134054893393,0.7006242244918921,discharge
2.785458143972256,-1.0047562520780429,11.883587815376838,0.998,2.3081333333333336,2161.0,-0.0009081152735395,0.0074957361219105,0.7004846750124369,discharge
2.7845500286987166,-1.0048227953839897,11.891083551498747,0.998,2.3072666666666666,2162.0,-0.0009081152735395,0.0074957361219105,0.7003451162908558,discharge
2.783641913425177,-1.004889338689937,11.89857928762066,0.998,2.3064,2163.0,-0.0009081152735395,0.0074957361219105,0.7002055483271489,discharge
2.7827337981516376,-1.0049558819958837,11.90607502374257,0.998,2.3055333333333334,2164.0,-0.0009081152735395,0.0074957361219105,0.7000659711213161,discharge
2.781825682878098,-1.0050224253018305,11.91357075986448,0.998,2.304666666666667,2165.0,-0.0009081152735395,0.0074957361219105,0.6999263846733574,discharge
2.7809175676045585,-1.0050889686077775,11.921066495986391,0.998,2.3038,2166.0,-0.0009081152735395,0.0074957361219105,0.6997867889832731,discharge
2.780009452331019,-1.0051555119137243,11.928562232108302,0.998,2.3029333333333333,2167.0,-0.0009081152735395,0.0074957361219105,0.6996471840510627,discharge
2.779101337057479,-1.0052220552196711,11.936057968230214,0.998,2.3020666666666667,2168.0,-0.0009081152735399,0.0074957361219123,0.6995075698767268,discharge
2.7781932217839396,-1.0052885985256184,11.943553704352125,0.998,2.3012,2169.0,-0.0009081152735395,0.0074957361219105,0.6993679464602649,discharge
2.7772851065104,-1.0053551418315654,11.951049440474035,0.998,2.300333333333333,2170.0,-0.0009081152735395,0.0074957361219105,0.6992283138016772,discharge
2.7763769912368605,-1.0054216851375122,11.958545176595946,0.998,2.2994666666666665,2171.0,-0.0009081152735395,0.0074957361219105,0.6990886719009637,discharge
2.775468875963321,-1.0054882284434592,11.966040912717856,0.998,2.2986,2172.0,-0.0009081152735395,0.0074957361219105,0.6989490207581242,discharge
2.7745607606897815,-1.0055547717494062,11.973536648839769,0.998,2.2977333333333334,2173.0,-0.0009081152735395,0.0074957361219105,0.6988093603731591,discharge
2.773652645416242,-1.005621315055353,11.981032384961678,0.998,2.2968666666666664,2174.0,-0.0009081152735395,0.0074957361219105,0.698669690746068,discharge
2.7727445301427025,-1.0056878583613,11.988528121083588,0.998,2.296,2175.0,-0.0009081152735395,0.0074957361219105,0.6985300118768512,discharge
2.7718276922828204,-1.0056945157311166,11.995492378754896,0.998,2.2950666666666666,2176.0,-0.000916837859882,0.0069642576713064,0.6983903320829996,discharge
2.770910854422938,-1.0057011731009329,12.0024566364262,0.998,2.294133333333334,2177.0,-0.0009168378598825,0.0069642576713064,0.6982506513645133,discharge
2.769994016563056,-1.0057078304707494,12.009420894097508,0.998,2.2931999999999997,2178.0,-0.000916837859882,0.0069642576713064,0.6981109697213924,discharge
2.7690771787031734,-1.005714487840566,12.016385151768814,0.998,2.2922666666666665,2179.0,-0.0009168378598825,0.0069642576713064,0.6979712871536368,discharge
2.7681603408432913,-1.0057211452103825,12.02334940944012,0.998,2.291333333333333,2180.0,-0.000916837859882,0.0069642576713064,0.6978316036612464,discharge
2.7672435029834093,-1.0057278025801988,12.030313667111429,0.998,2.2904,2181.0,-0.000916837859882,0.0069642576713064,0.6976919192442215,discharge
2.7663266651235268,-1.005734459950015,12.037277924782734,0.998,2.2894666666666668,2182.0,-0.0009168378598825,0.0069642576713064,0.6975522339025617,discharge
2.7654098272636447,-1.0057411173198316,12.044242182454042,0.998,2.288533333333333,2183.0,-0.000916837859882,0.0069642576713082,0.6974125476362673,discharge
2.764492989403762,-1.0057477746896482,12.051206440125348,0.998,2.2876,2184.0,-0.0009168378598825,0.0069642576713064,0.6972728604453382,discharge
2.76357615154388,-1.005754432059465,12.058170697796657,0.998,2.286666666666666,2185.0,-0.000916837859882,0.0069642576713064,0.6971331723297745,discharge
2.762659313683998,-1.005761089429281,12.06513495546796,0.998,2.2857333333333334,2186.0,-0.000916837859882,0.0069642576713064,0.6969934832895759,discharge
2.7617424758241156,-1.0057677467990975,12.072099213139268,0.998,2.2848,2187.0,-0.0009168378598825,0.0069642576713064,0.6968537933247427,discharge
2.7608256379642335,-1.005774404168914,12.079063470810574,0.998,2.2838666666666665,2188.0,-0.000916837859882,0.0069642576713064,0.6967141024352748,discharge
2.759908800104351,-1.0057810615387304,12.08602772848188,0.998,2.2829333333333333,2189.0,-0.0009168378598825,0.0069642576713064,0.6965744106211722,discharge
2.758991962244469,-1.005787718908547,12.092991986153187,0.998,2.282,2190.0,-0.000916837859882,0.0069642576713064,0.696434717882435,discharge
2.7580453939155825,-1.005796311513528,12.099815560985668,0.998,2.281066666666667,2191.0,-0.0009465683288865,0.0068235748324809,0.6962950239502803,discharge
2.7570988255866964,-1.005804904118509,12.106639135818147,0.998,2.280133333333333,2192.0,-0.000946568328886,0.0068235748324809,0.6961553288247082,discharge
2.75615225725781,-1.0058134967234904,12.11346271065063,0.998,2.2792,2193.0,-0.0009465683288865,0.0068235748324809,0.696015632505719,discharge
2.7552056889289234,-1.0058220893284715,12.120286285483113,0.998,2.2782666666666667,2194.0,-0.0009465683288865,0.0068235748324809,0.6958759349933121,discharge
2.754259120600037,-1.0058306819334526,12.127109860315592,0.998,2.2773333333333334,2195.0,-0.0009465683288865,0.0068235748324809,0.6957362362874882,discharge
2.753312552271151,-1.005839274538434,12.133933435148071,0.998,2.2764,2196.0,-0.000946568328886,0.0068235748324809,0.6955965363882466,discharge
2.7523659839422643,-1.005847867143415,12.140757009980554,0.998,2.2754666666666665,2197.0,-0.0009465683288865,0.0068235748324809,0.6954568352955879,discharge
2.7514194156133778,-1.005856459748396,12.147580584813037,0.998,2.2745333333333333,2198.0,-0.0009465683288865,0.0068235748324809,0.6953171330095116,discharge
2.7504728472844913,-1.0058650523533772,12.154404159645516,0.998,2.2736,2199.0,-0.0009465683288865,0.0068235748324809,0.6951774295300182,discharge
2.749526278955605,-1.0058736449583583,12.161227734477997,0.998,2.2726666666666664,2200.0,-0.000946568328886,0.0068235748324809,0.6950377248571072,discharge
2.7485797106267187,-1.0058822375633396,12.168051309310478,0.998,2.271733333333333,2201.0,-0.0009465683288865,0.0068235748324809,0.6948980189907791,discharge
2.747633142297832,-1.0058908301683207,12.17487488414296,0.998,2.2708,2202.0,-0.0009465683288865,0.0068235748324809,0.6947583119310334,discharge
2.7466865739689457,-1.0058994227733018,12.18169845897544,0.998,2.2698666666666667,2203.0,-0.0009465683288865,0.0068235748324809,0.6946186036778705,discharge
2.7457400056400596,-1.0059080153782831,12.18852203380792,0.998,2.268933333333333,2204.0,-0.000946568328886,0.0068235748324809,0.6944788942312902,discharge
2.744793437311173,-1.0059166079832642,12.195345608640402,0.998,2.268,2205.0,-0.0009465683288865,0.0068235748324809,0.6943391835912924,discharge
2.743853209156785,-1.005909682577634,12.200625668788769,0.998,2.2670666666666666,2206.0,-0.0009402281543882,0.0052800601483671,0.6941994739131567,discharge
2.742912981002396,-1.0059027571720038,12.205905728937136,0.998,2.2661333333333333,2207.0,-0.0009402281543886,0.0052800601483671,0.6940597651968828,discharge
2.741972752848008,-1.0058958317663738,12.211185789085503,0.998,2.2651999999999997,2208.0,-0.0009402281543882,0.0052800601483671,0.6939200574424709,discharge
2.74103252469362,-1.0058889063607437,12.21646584923387,0.998,2.2642666666666664,2209.0,-0.0009402281543882,0.0052800601483671,0.6937803506499207,discharge
2.7400922965392316,-1.0058819809551136,12.221745909382236,0.998,2.263333333333333,2210.0,-0.0009402281543882,0.0052800601483671,0.6936406448192325,discharge
2.739152068384843,-1.0058750555494833,12.227025969530604,0.998,2.2624,2211.0,-0.0009402281543886,0.0052800601483671,0.6935009399504062,discharge
2.7382118402304547,-1.0058681301438532,12.232306029678972,0.998,2.2614666666666667,2212.0,-0.0009402281543882,0.0052800601483671,0.6933612360434418,discharge
2.7372716120760665,-1.0058612047382232,12.23758608982734,0.998,2.260533333333333,2213.0,-0.0009402281543882,0.0052800601483671,0.6932215330983392,discharge
2.7363313839216783,-1.005854279332593,12.242866149975706,0.998,2.2596,2214.0,-0.0009402281543882,0.0052800601483671,0.6930818311150986,discharge
2.7353911557672896,-1.0058473539269628,12.248146210124071,0.998,2.2586666666666666,2215.0,-0.0009402281543886,0.0052800601483671,0.6929421300937199,discharge
2.7344509276129014,-1.0058404285213327,12.25342627027244,0.998,2.257733333333334,2216.0,-0.0009402281543882,0.0052800601483671,0.692802430034203,discharge
2.733510699458513,-1.0058335031157026,12.258706330420807,0.998,2.2568,2217.0,-0.0009402281543882,0.0052800601483671,0.6926627309365481,discharge
2.732570471304125,-1.0058265777100726,12.263986390569174,0.998,2.2558666666666665,2218.0,-0.0009402281543882,0.0052800601483671,0.6925230328007549,discharge
2.7316302431497363,-1.0058196523044425,12.269266450717542,0.998,2.2549333333333332,2219.0,-0.0009402281543886,0.0052800601483671,0.6923833356268237,discharge
2.730690014995348,-1.0058127268988122,12.274546510865909,0.998,2.254,2220.0,-0.0009402281543882,0.0052800601483671,0.6922436394147544,discharge
2.7296438970932844,-1.0058106738401211,12.283977066647834,0.998,2.2529285714285714,2221.0,-0.0010461179020637,0.0094305557819254,0.6921039434878322,discharge
2.7285977791912206,-1.0058086207814303,12.293407622429758,0.998,2.251857142857143,2222.0,-0.0010461179020637,0.0094305557819236,0.691964247846057,discharge
2.7275516612891564,-1.0058065677227397,12.302838178211683,0.998,2.250785714285714,2223.0,-0.0010461179020642,0.0094305557819254,0.6918245524894289,discharge
2.7265055433870926,-1.0058045146640489,12.312268733993609,0.998,2.2497142857142856,2224.0,-0.0010461179020637,0.0094305557819254,0.6916848574179477,discharge
2.725459425485029,-1.005802461605358,12.321699289775532,0.998,2.248642857142857,2225.0,-0.0010461179020637,0.0094305557819236,0.6915451626316136,discharge
2.724413307582965,-1.0058004085466672,12.331129845557458,0.998,2.2475714285714283,2226.0,-0.0010461179020637,0.0094305557819254,0.6914054681304266,discharge
2.723367189680901,-1.0057983554879764,12.34056040133938,0.998,2.2464999999999997,2227.0,-0.0010461179020642,0.0094305557819236,0.6912657739143866,discharge
2.722321071778837,-1.0057963024292853,12.349990957121308,0.998,2.2454285714285716,2228.0,-0.0010461179020637,0.0094305557819254,0.6911260799834937,discharge
2.7212749538767733,-1.0057942493705945,12.359421512903232,0.998,2.244357142857143,2229.0,-0.0010461179020637,0.0094305557819254,0.6909863863377478,discharge
2.7202288359747095,-1.0057921963119036,12.368852068685156,0.998,2.2432857142857143,2230.0,-0.0010461179020637,0.0094305557819236,0.6908466929771488,discharge
2.7191827180726458,-1.0057901432532128,12.37828262446708,0.998,2.2422142857142857,2231.0,-0.0010461179020637,0.0094305557819254,0.690706999901697,discharge
2.7181366001705816,-1.005788090194522,12.387713180249008,0.998,2.241142857142857,2232.0,-0.0010461179020642,0.0094305557819254,0.6905673071113922,discharge
2.717090482268518,-1.0057860371358311,12.39714373603093,0.998,2.2400714285714285,2233.0,-0.0010461179020637,0.0094305557819236,0.6904276146062345,discharge
2.716044364366454,-1.0057839840771403,12.406574291812856,0.998,2.239,2234.0,-0.0010461179020637,0.0094305557819254,0.6902879223862237,discharge
2.7150582577858393,-1.0057530607968996,12.408957462684524,0.998,2.238066666666666,2235.0,-0.0009861065806147,0.0023831708716688,0.6901482344611132,discharge
2.7140721512052246,-1.005722137516659,12.411340633556192,0.998,2.2371333333333334,2236.0,-0.0009861065806147,0.0023831708716688,0.6900085508309024,discharge
2.7130860446246094,-1.005691214236418,12.413723804427862,0.998,2.2361999999999997,2237.0,-0.0009861065806151,0.0023831708716688,0.6898688714955918,discharge
2.7120999380439947,-1.0056602909561774,12.416106975299533,0.998,2.2352666666666665,2238.0,-0.0009861065806147,0.0023831708716706,0.6897291964551813,discharge
2.71111383146338,-1.0056293676759367,12.418490146171202,0.998,2.2343333333333333,2239.0,-0.0009861065806147,0.0023831708716688,0.6895895257096707,discharge
2.7101277248827653,-1.005598444395696,12.42087331704287,0.998,2.2334,2240.0,-0.0009861065806147,0.0023831708716688,0.6894498592590602,discharge
2.7091416183021506,-1.005567521115455,12.42325648791454,0.998,2.232466666666667,2241.0,-0.0009861065806147,0.0023831708716688,0.6893101971033497,discharge
2.7081555117215355,-1.0055365978352144,12.425639658786208,0.998,2.231533333333333,2242.0,-0.0009861065806151,0.0023831708716688,0.6891705392425393,discharge
2.7071694051409207,-1.0055056745549735,12.428022829657875,0.998,2.2306,2243.0,-0.0009861065806147,0.0023831708716688,0.6890308856766288,discharge
2.706183298560306,-1.005474751274733,12.430406000529546,0.998,2.2296666666666667,2244.0,-0.0009861065806147,0.0023831708716688,0.6888912364056184,discharge
2.7051971919796913,-1.0054438279944924,12.432789171401216,0.998,2.2287333333333335,2245.0,-0.0009861065806147,0.0023831708716688,0.6887515914295081,discharge
2.7042110853990766,-1.0054129047142517,12.435172342272883,0.998,2.2278,2246.0,-0.0009861065806147,0.0023831708716706,0.6886119507482977,discharge
2.7032249788184615,-1.0053819814340108,12.437555513144554,0.998,2.2268666666666665,2247.0,-0.0009861065806151,0.0023831708716688,0.6884723143619875,discharge
2.7022388722378468,-1.00535105815377,12.439938684016225,0.998,2.2259333333333333,2248.0,-0.0009861065806147,0.0023831708716688,0.6883326822705773,discharge
2.701252765657232,-1.0053201348735294,12.442321854887892,0.998,2.225,2249.0,-0.0009861065806147,0.0023831708716688,0.6881930544740671,discharge
2.700241692921733,-1.0054408234615488,12.4511737328295,0.998,2.224,2250.0,-0.001011072735499,0.0088518779416073,0.6880534099152529,discharge
2.6992306201862335,-1.0055615120495685,12.460025610771108,0.998,2.223,2251.0,-0.0010110727354994,0.0088518779416091,0.6879137485941349,discharge
2.6982195474507344,-1.0056822006375878,12.468877488712716,0.998,2.222,2252.0,-0.001011072735499,0.0088518779416073,0.687774070510713,discharge
2.6972084747152354,-1.0058028892256072,12.477729366654325,0.998,2.221,2253.0,-0.001011072735499,0.0088518779416091,0.6876343756649872,discharge
2.6961974019797363,-1.0059235778136268,12.486581244595932,0.998,2.22,2254.0,-0.001011072735499,0.0088518779416073,0.6874946640569576,discharge
2.695186329244237,-1.0060442664016462,12.49543312253754,0.998,2.219,2255.0,-0.0010110727354994,0.0088518779416073,0.687354935686624,discharge
2.694175256508738,-1.0061649549896656,12.504285000479149,0.998,2.218,2256.0,-0.001011072735499,0.0088518779416091,0.6872151905539865,discharge
2.6931641837732387,-1.0062856435776852,12.513136878420756,0.998,2.217,2257.0,-0.001011072735499,0.0088518779416073,0.6870754286590453,discharge
2.6921531110377397,-1.0064063321657046,12.521988756362363,0.998,2.216,2258.0,-0.001011072735499,0.0088518779416091,0.6869356500018,discharge
2.69114203830224,-1.006527020753724,12.530840634303972,0.998,2.215,2259.0,-0.0010110727354994,0.0088518779416073,0.6867958545822509,discharge
2.690130965566741,-1.0066477093417436,12.53969251224558,0.998,2.214,2260.0,-0.001011072735499,0.0088518779416073,0.6866560424003978,discharge
2.689119892831242,-1.006768397929763,12.548544390187187,0.998,2.213,2261.0,-0.001011072735499,0.0088518779416091,0.686516213456241,discharge
2.688108820095743,-1.0068890865177824,12.557396268128796,0.998,2.212,2262.0,-0.001011072735499,0.0088518779416073,0.6863763677497802,discharge
2.6870977473602435,-1.007009775105802,12.566248146070404,0.998,2.211,2263.0,-0.0010110727354994,0.0088518779416091,0.6862365052810154,discharge
2.6860866746247445,-1.0071304636938214,12.575100024012013,0.998,2.21,2264.0,-0.001011072735499,0.0088518779416073,0.6860966260499468,discharge
2.685060679097354,-1.007016985091778,12.581237802966434,0.998,2.209,2265.0,-0.0010259955273905,0.0061377789544216,0.6859567625797951,discharge
2.684034683569964,-1.006903506489735,12.587375581920856,0.998,2.2079999999999997,2266.0,-0.0010259955273901,0.0061377789544216,0.6858169148705604,discharge
2.683008688042573,-1.0067900278876916,12.593513360875276,0.998,2.207,2267.0,-0.0010259955273905,0.0061377789544199,0.6856770829222427,discharge
2.681982692515183,-1.0066765492856484,12.599651139829698,0.998,2.206,2268.0,-0.0010259955273901,0.0061377789544216,0.6855372667348419,discharge
2.6809566969877925,-1.006563070683605,12.60578891878412,0.998,2.205,2269.0,-0.0010259955273905,0.0061377789544216,0.6853974663083582,discharge
2.6799307014604024,-1.0064495920815617,12.61192669773854,0.998,2.2039999999999997,2270.0,-0.0010259955273901,0.0061377789544216,0.6852576816427913,discharge
2.678904705933012,-1.0063361134795186,12.618064476692965,0.998,2.203,2271.0,-0.0010259955273905,0.0061377789544216,0.6851179127381413,discharge
2.6778787104056216,-1.0062226348774752,12.624202255647385,0.998,2.202,2272.0,-0.0010259955273901,0.0061377789544199,0.6849781595944084,discharge
2.676852714878231,-1.006109156275432,12.630340034601804,0.998,2.201,2273.0,-0.0010259955273905,0.0061377789544216,0.6848384222115924,discharge
2.675826719350841,-1.0059956776733887,12.636477813556226,0.998,2.1999999999999997,2274.0,-0.0010259955273901,0.0061377789544216,0.6846987005896933,discharge
2.6748007238234504,-1.0058821990713454,12.642615592510648,0.998,2.199,2275.0,-0.0010259955273905,0.0061377789544216,0.6845589947287112,discharge
2.67377472829606,-1.0057687204693022,12.64875337146507,0.998,2.198,2276.0,-0.0010259955273901,0.0061377789544216,0.684419304628646,discharge
2.6727487327686696,-1.0056552418672589,12.65489115041949,0.998,2.197,2277.0,-0.0010259955273905,0.0061377789544199,0.6842796302894977,discharge
2.6717227372412795,-1.0055417632652155,12.661028929373913,0.998,2.1959999999999997,2278.0,-0.0010259955273901,0.0061377789544216,0.6841399717112664,discharge
2.670696741713889,-1.0054282846631724,12.667166708328333,0.998,2.195,2279.0,-0.0010259955273905,0.0061377789544216,0.684000328893952,discharge
2.6696595359205135,-1.005435702450244,12.675003907030415,0.998,2.1939333333333333,2280.0,-0.0010372057933754,0.0078371987020844,0.6838606850463895,discharge
2.6686223301271386,-1.0054431202373155,12.682841105732502,0.998,2.1928666666666663,2281.0,-0.0010372057933749,0.0078371987020844,0.6837210401685788,discharge
2.667585124333763,-1.0054505380243872,12.690678304434586,0.998,2.1917999999999997,2282.0,-0.0010372057933754,0.0078371987020844,0.6835813942605198,discharge
2.666547918540388,-1.005457955811459,12.69851550313667,0.998,2.190733333333333,2283.0,-0.0010372057933749,0.0078371987020844,0.6834417473222127,discharge
2.665510712747013,-1.0054653735985306,12.706352701838757,0.998,2.1896666666666667,2284.0,-0.0010372057933754,0.0078371987020844,0.6833020993536574,discharge
2.664473506953638,-1.005472791385602,12.71418990054084,0.998,2.1885999999999997,2285.0,-0.0010372057933749,0.0078371987020844,0.6831624503548539,discharge
2.6634363011602624,-1.0054802091726738,12.722027099242924,0.998,2.187533333333333,2286.0,-0.0010372057933754,0.0078371987020844,0.6830228003258021,discharge
2.6623990953668875,-1.0054876269597457,12.729864297945008,0.998,2.1864666666666666,2287.0,-0.0010372057933749,0.0078371987020844,0.6828831492665022,discharge
2.661361889573512,-1.0054950447468172,12.737701496647093,0.998,2.1854,2288.0,-0.0010372057933754,0.0078371987020844,0.6827434971769539,discharge
2.660324683780137,-1.0055024625338886,12.745538695349175,0.998,2.184333333333333,2289.0,-0.0010372057933749,0.0078371987020844,0.6826038440571576,discharge
2.6592874779867617,-1.0055098803209603,12.753375894051262,0.998,2.1832666666666665,2290.0,-0.0010372057933754,0.0078371987020844,0.6824641899071129,discharge
2.6582502721933867,-1.005517298108032,12.761213092753346,0.998,2.1822,2291.0,-0.0010372057933749,0.0078371987020844,0.6823245347268202,discharge
2.6572130664000113,-1.0055247158951035,12.76905029145543,0.998,2.181133333333334,2292.0,-0.0010372057933754,0.0078371987020844,0.6821848785162792,discharge
2.6561758606066364,-1.0055321336821752,12.776887490157517,0.998,2.1800666666666664,2293.0,-0.0010372057933749,0.0078371987020844,0.6820452212754899,discharge
2.655138654813261,-1.005539551469247,12.7847246888596,0.998,2.179,2294.0,-0.0010372057933754,0.0078371987020844,0.6819055630044526,discharge
2.654077610150862,-1.0055351776097148,12.7936970276964,0.998,2.1779333333333333,2295.0,-0.001061044662399,0.0089723388368021,0.6817659053408958,discharge
2.6530165654884623,-1.0055308037501829,12.802669366533202,0.998,2.1768666666666663,2296.0,-0.0010610446623995,0.0089723388368003,0.6816262482848192,discharge
2.6519555208260632,-1.0055264298906506,12.811641705370004,0.998,2.1757999999999997,2297.0,-0.001061044662399,0.0089723388368021,0.6814865918362234,discharge
2.6508944761636637,-1.0055220560311182,12.820614044206804,0.998,2.174733333333333,2298.0,-0.0010610446623995,0.0089723388368003,0.6813469359951079,discharge
2.6498334315012646,-1.005517682171586,12.829586383043608,0.998,2.173666666666666,2299.0,-0.001061044662399,0.0089723388368021,0.681207280761473,discharge
2.6487723868388655,-1.005513308312054,12.838558721880409,0.998,2.1725999999999996,2300.0,-0.001061044662399,0.0089723388368003,0.6810676261353186,discharge
2.647711342176466,-1.005508934452522,12.847531060717207,0.998,2.171533333333333,2301.0,-0.0010610446623995,0.0089723388368021,0.6809279721166446,discharge
2.646650297514067,-1.0055045605929898,12.85650339955401,0.998,2.1704666666666665,2302.0,-0.001061044662399,0.0089723388368003,0.6807883187054511,discharge
2.6455892528516674,-1.0055001867334576,12.865475738390812,0.998,2.1694,2303.0,-0.0010610446623995,0.0089723388368021,0.6806486659017381,discharge
2.6445282081892683,-1.0054958128739255,12.874448077227612,0.998,2.168333333333333,2304.0,-0.001061044662399,0.0089723388368003,0.6805090137055056,discharge
2.643467163526869,-1.0054914390143934,12.883420416064414,0.998,2.1672666666666665,2305.0,-0.001061044662399,0.0089723388368021,0.6803693621167537,discharge
2.6424061188644696,-1.005487065154861,12.892392754901216,0.998,2.1662,2306.0,-0.0010610446623995,0.0089723388368003,0.6802297111354821,discharge
2.6413450742020705,-1.005482691295329,12.901365093738017,0.998,2.165133333333334,2307.0,-0.001061044662399,0.0089723388368021,0.6800900607616911,discharge
2.640284029539671,-1.0054783174357969,12.910337432574815,0.998,2.1640666666666664,2308.0,-0.0010610446623995,0.0089723388368003,0.6799504109953806,discharge
2.639222984877272,-1.0054739435762647,12.91930977141162,0.998,2.163,2309.0,-0.001061044662399,0.0089723388368021,0.6798107618365505,discharge
2.6381431392308907,-1.0055914387635856,12.92254940268248,0.998,2.1619333333333333,2310.0,-0.0010798456463811,0.0032396312708602,0.6796710963589445,discharge
2.6370632935845095,-1.0057089339509064,12.92578903395334,0.998,2.1608666666666663,2311.0,-0.0010798456463811,0.0032396312708602,0.6795314145625624,discharge
2.6359834479381283,-1.0058264291382273,12.9290286652242,0.998,2.1597999999999997,2312.0,-0.0010798456463811,0.0032396312708602,0.6793917164474044,discharge
2.634903602291747,-1.005943924325548,12.932268296495058,0.998,2.158733333333333,2313.0,-0.0010798456463811,0.0032396312708584,0.6792520020134702,discharge
2.633823756645366,-1.006061419512869,12.93550792776592,0.998,2.1576666666666666,2314.0,-0.0010798456463811,0.0032396312708602,0.6791122712607602,discharge
2.6327439109989847,-1.0061789147001898,12.93874755903678,0.998,2.1565999999999996,2315.0,-0.0010798456463811,0.0032396312708602,0.678972524189274,discharge
2.6316640653526036,-1.006296409887511,12.94198719030764,0.998,2.155533333333333,2316.0,-0.0010798456463811,0.0032396312708602,0.6788327607990119,discharge
2.6305842197062224,-1.0064139050748315,12.9452268215785,0.998,2.1544666666666665,2317.0,-0.0010798456463811,0.0032396312708602,0.6786929810899738,discharge
2.629504374059841,-1.0065314002621526,12.94846645284936,0.998,2.1534,2318.0,-0.0010798456463811,0.0032396312708602,0.6785531850621596,discharge
2.62842452841346,-1.0066488954494734,12.95170608412022,0.998,2.152333333333333,2319.0,-0.0010798456463811,0.0032396312708602,0.6784133727155693,discharge
2.6273446827670788,-1.0067663906367943,12.95494571539108,0.998,2.1512666666666664,2320.0,-0.0010798456463811,0.0032396312708602,0.6782735440502031,discharge
2.6262648371206976,-1.0068838858241151,12.95818534666194,0.998,2.1502,2321.0,-0.0010798456463811,0.0032396312708584,0.6781336990660609,discharge
2.6251849914743164,-1.007001381011436,12.9614249779328,0.998,2.1491333333333333,2322.0,-0.0010798456463811,0.0032396312708602,0.6779938377631427,discharge
2.624105145827935,-1.0071188761987568,12.96466460920366,0.998,2.1480666666666663,2323.0,-0.0010798456463811,0.0032396312708602,0.6778539601414484,discharge
2.623025300181554,-1.0072363713860777,12.96790424047452,0.998,2.147,2324.0,-0.0010798456463811,0.0032396312708602,0.6777140662009781,discharge
2.621925365348083,-1.0071002727971974,12.976205294641256,0.998,2.1459333333333332,2325.0,-0.001099934833471,0.008301054166738,0.6775741911630896,discharge
2.620825430514612,-1.0069641742083169,12.984506348807995,0.998,2.1448666666666663,2326.0,-0.001099934833471,0.008301054166738,0.6774343350277828,discharge
2.619725495681141,-1.0068280756194363,12.992807402974734,0.998,2.1437999999999997,2327.0,-0.001099934833471,0.008301054166738,0.6772944977950579,discharge
2.6186255608476694,-1.006691977030556,13.001108457141472,0.998,2.142733333333333,2328.0,-0.0010999348334714,0.008301054166738,0.6771546794649148,discharge
2.6175256260141984,-1.0065558784416757,13.00940951130821,0.998,2.1416666666666666,2329.0,-0.001099934833471,0.008301054166738,0.6770148800373534,discharge
2.6164256911807273,-1.0064197798527952,13.017710565474948,0.998,2.1405999999999996,2330.0,-0.001099934833471,0.008301054166738,0.6768750995123738,discharge
2.6153257563472563,-1.0062836812639149,13.026011619641686,0.998,2.139533333333333,2331.0,-0.001099934833471,0.008301054166738,0.6767353378899761,discharge
2.6142258215137852,-1.0061475826750343,13.034312673808424,0.998,2.1384666666666665,2332.0,-0.001099934833471,0.008301054166738,0.6765955951701601,discharge
2.613125886680314,-1.006011484086154,13.042613727975162,0.998,2.1374,2333.0,-0.001099934833471,0.008301054166738,0.6764558713529258,discharge
2.612025951846843,-1.0058753854972735,13.0509147821419,0.998,2.136333333333333,2334.0,-0.001099934833471,0.008301054166738,0.6763161664382735,discharge
2.610926017013372,-1.0057392869083932,13.059215836308638,0.998,2.1352666666666664,2335.0,-0.001099934833471,0.008301054166738,0.6761764804262029,discharge
2.6098260821799006,-1.005603188319513,13.067516890475376,0.998,2.1342,2336.0,-0.0010999348334714,0.008301054166738,0.6760368133167141,discharge
2.6087261473464296,-1.0054670897306324,13.075817944642116,0.998,2.1331333333333333,2337.0,-0.001099934833471,0.008301054166738,0.6758971651098069,discharge
2.6076262125129586,-1.0053309911417518,13.084118998808853,0.998,2.1320666666666663,2338.0,-0.001099934833471,0.008301054166738,0.6757575358054817,discharge
2.6065262776794875,-1.0051948925528715,13.09242005297559,0.998,2.131,2339.0,-0.001099934833471,0.008301054166738,0.6756179254037382,discharge
2.605418246815062,-1.0052380925184785,13.098298669656296,0.998,2.1298666666666666,2340.0,-0.0011080308644255,0.0058786166807056,0.6754783090019996,discharge
2.604310215950637,-1.0052812924840857,13.104177286337002,0.998,2.128733333333333,2341.0,-0.0011080308644251,0.0058786166807056,0.6753386866002657,discharge
2.6032021850862113,-1.0053244924496922,13.110055903017706,0.998,2.1275999999999997,2342.0,-0.0011080308644255,0.0058786166807038,0.6751990581985365,discharge
2.6020941542217857,-1.0053676924152992,13.115934519698412,0.998,2.1264666666666665,2343.0,-0.0011080308644255,0.0058786166807056,0.6750594237968122,discharge
2.60098612335736,-1.0054108923809062,13.121813136379116,0.998,2.1253333333333333,2344.0,-0.0011080308644255,0.0058786166807056,0.6749197833950926,discharge
2.599878092492935,-1.0054540923465132,13.127691753059825,0.998,2.1241999999999996,2345.0,-0.0011080308644251,0.0058786166807056,0.6747801369933778,discharge
2.5987700616285094,-1.0054972923121202,13.133570369740529,0.998,2.1230666666666664,2346.0,-0.0011080308644255,0.0058786166807056,0.6746404845916678,discharge
2.597662030764084,-1.005540492277727,13.139448986421232,0.998,2.1219333333333332,2347.0,-0.0011080308644255,0.0058786166807038,0.6745008261899625,discharge
2.5965539998996583,-1.005583692243334,13.145327603101938,0.998,2.1208,2348.0,-0.0011080308644255,0.0058786166807056,0.6743611617882621,discharge
2.595445969035233,-1.0056268922089409,13.151206219782644,0.998,2.1196666666666664,2349.0,-0.0011080308644251,0.0058786166807056,0.6742214913865664,discharge
2.5943379381708076,-1.0056700921745478,13.15708483646335,0.998,2.118533333333333,2350.0,-0.0011080308644255,0.0058786166807056,0.6740818149848755,discharge
2.593229907306382,-1.0057132921401548,13.162963453144055,0.998,2.1174,2351.0,-0.0011080308644255,0.0058786166807056,0.6739421325831894,discharge
2.5921218764419565,-1.0057564921057616,13.16884206982476,0.998,2.1162666666666667,2352.0,-0.0011080308644255,0.0058786166807038,0.673802444181508,discharge
2.5910138455775313,-1.0057996920713683,13.174720686505465,0.998,2.115133333333333,2353.0,-0.0011080308644251,0.0058786166807056,0.6736627497798314,discharge
2.5899058147131058,-1.0058428920369755,13.18059930318617,0.998,2.114,2354.0,-0.0011080308644255,0.0058786166807056,0.6735230493781597,discharge
2.5887675707917657,-1.0058512321112831,13.18729206490189,0.998,2.1128666666666667,2355.0,-0.00113824392134,0.006692761715719,0.6733833478181441,discharge
2.587629326870426,-1.0058595721855907,13.19398482661761,0.998,2.111733333333333,2356.0,-0.0011382439213396,0.0066927617157208,0.673243645099785,discharge
2.586491082949086,-1.0058679122598984,13.20067758833333,0.998,2.1106,2357.0,-0.00113824392134,0.006692761715719,0.6731039412230823,discharge
2.585352839027746,-1.005876252334206,13.20737035004905,0.998,2.1094666666666666,2358.0,-0.00113824392134,0.0066927617157208,0.6729642361880359,discharge
2.5842145951064057,-1.0058845924085136,13.21406311176477,0.998,2.1083333333333334,2359.0,-0.00113824392134,0.006692761715719,0.6728245299946458,discharge
2.583076351185066,-1.0058929324828212,13.220755873480488,0.998,2.1071999999999997,2360.0,-0.0011382439213396,0.006692761715719,0.6726848226429121,discharge
2.581938107263726,-1.0059012725571288,13.22744863519621,0.998,2.1060666666666665,2361.0,-0.00113824392134,0.0066927617157208,0.6725451141328347,discharge
2.580799863342386,-1.0059096126314364,13.234141396911928,0.998,2.1049333333333333,2362.0,-0.00113824392134,0.006692761715719,0.6724054044644137,discharge
2.5796616194210458,-1.005917952705744,13.24083415862765,0.998,2.1038,2363.0,-0.00113824392134,0.0066927617157208,0.672265693637649,discharge
2.578523375499706,-1.0059262927800516,13.247526920343368,0.998,2.1026666666666665,2364.0,-0.0011382439213396,0.006692761715719,0.6721259816525407,discharge
2.577385131578366,-1.0059346328543592,13.254219682059087,0.998,2.1015333333333333,2365.0,-0.00113824392134,0.006692761715719,0.6719862685090887,discharge
2.576246887657026,-1.0059429729286669,13.260912443774808,0.998,2.1004,2366.0,-0.00113824392134,0.0066927617157208,0.671846554207293,discharge
2.575108643735686,-1.0059513130029745,13.267605205490527,0.998,2.099266666666667,2367.0,-0.00113824392134,0.006692761715719,0.6717068387471536,discharge
2.573970399814346,-1.005959653077282,13.274297967206248,0.998,2.098133333333333,2368.0,-0.0011382439213396,0.0066927617157208,0.6715671221286708,discharge
2.572832155893006,-1.0059679931515897,13.280990728921967,0.998,2.097,2369.0,-0.00113824392134,0.006692761715719,0.6714274043518441,discharge
2.571679178914635,-1.0059491454250211,13.286439958715066,0.998,2.0958666666666668,2370.0,-0.0011529769783709,0.0054492297930988,0.6712876891927573,discharge
2.570526201936264,-1.0059302976984528,13.291889188508163,0.998,2.094733333333333,2371.0,-0.0011529769783709,0.0054492297930988,0.6711479766514103,discharge
2.5693732249578933,-1.0059114499718844,13.297338418301264,0.998,2.0936,2372.0,-0.0011529769783709,0.0054492297930988,0.6710082667278032,discharge
2.5682202479795224,-1.0058926022453158,13.30278764809436,0.998,2.0924666666666667,2373.0,-0.0011529769783709,0.005449229793097,0.6708685594219358,discharge
2.5670672710011515,-1.0058737545187475,13.30823687788746,0.998,2.0913333333333335,2374.0,-0.0011529769783709,0.0054492297930988,0.6707288547338082,discharge
2.5659142940227806,-1.005854906792179,13.313686107680558,0.998,2.0902,2375.0,-0.0011529769783709,0.0054492297930988,0.6705891526634205,discharge
2.5647613170444097,-1.0058360590656106,13.319135337473655,0.998,2.089066666666666,2376.0,-0.0011529769783709,0.0054492297930988,0.6704494532107723,discharge
2.563608340066039,-1.005817211339042,13.324584567266756,0.998,2.0879333333333334,2377.0,-0.0011529769783704,0.0054492297930988,0.6703097563758642,discharge
2.5624553630876683,-1.0057983636124737,13.330033797059857,0.998,2.0868,2378.0,-0.0011529769783709,0.0054492297930988,0.6701700621586958,discharge
2.5613023861092974,-1.005779515885905,13.335483026852954,0.998,2.0856666666666666,2379.0,-0.0011529769783709,0.0054492297930988,0.6700303705592672,discharge
2.5601494091309265,-1.0057606681593367,13.340932256646052,0.998,2.0845333333333333,2380.0,-0.0011529769783709,0.0054492297930988,0.6698906815775784,discharge
2.5589964321525556,-1.0057418204327682,13.34638148643915,0.998,2.0834,2381.0,-0.0011529769783709,0.005449229793097,0.6697509952136294,discharge
2.5578434551741847,-1.0057229727061998,13.351830716232248,0.998,2.082266666666667,2382.0,-0.0011529769783709,0.0054492297930988,0.6696113114674201,discharge
2.5566904781958137,-1.0057041249796312,13.357279946025349,0.998,2.0811333333333333,2383.0,-0.0011529769783709,0.0054492297930988,0.6694716303389507,discharge
2.555537501217443,-1.005685277253063,13.362729175818446,0.998,2.08,2384.0,-0.0011529769783709,0.0054492297930988,0.6693319518282211,discharge
2.554298467980568,-1.0056066949438134,13.374353752317791,0.998,2.0787857142857145,2385.0,-0.001239033236875,0.0116245764993472,0.6691922842317012,discharge
2.553059434743693,-1.005528112634564,13.38597832881714,0.998,2.077571428571429,2386.0,-0.001239033236875,0.0116245764993454,0.6690526275493909,discharge
2.5518204015068178,-1.0054495303253146,13.397602905316486,0.998,2.076357142857143,2387.0,-0.001239033236875,0.0116245764993472,0.6689129817812901,discharge
2.5505813682699428,-1.0053709480160653,13.409227481815831,0.998,2.075142857142857,2388.0,-0.001239033236875,0.0116245764993472,0.6687733469273989,discharge
2.5493423350330677,-1.0052923657068158,13.420852058315178,0.998,2.0739285714285716,2389.0,-0.001239033236875,0.0116245764993454,0.6686337229877175,discharge
2.5481033017961927,-1.0052137833975665,13.432476634814526,0.998,2.072714285714286,2390.0,-0.001239033236875,0.0116245764993472,0.6684941099622456,discharge
2.5468642685593177,-1.005135201088317,13.444101211313871,0.998,2.0715,2391.0,-0.001239033236875,0.0116245764993454,0.6683545078509833,discharge
2.545625235322443,-1.0050566187790675,13.455725787813218,0.998,2.0702857142857143,2392.0,-0.0012390332368745,0.0116245764993472,0.6682149166539306,discharge
2.544386202085568,-1.0049780364698182,13.467350364312566,0.998,2.0690714285714287,2393.0,-0.001239033236875,0.0116245764993472,0.6680753363710876,discharge
2.543147168848693,-1.0048994541605687,13.478974940811913,0.998,2.067857142857143,2394.0,-0.001239033236875,0.0116245764993454,0.6679357670024542,discharge
2.541908135611818,-1.0048208718513194,13.490599517311258,0.998,2.0666428571428574,2395.0,-0.001239033236875,0.0116245764993472,0.6677962085480305,discharge
2.540669102374943,-1.00474228954207,13.502224093810606,0.998,2.0654285714285714,2396.0,-0.001239033236875,0.0116245764993472,0.6676566610078162,discharge
2.539430069138068,-1.0046637072328206,13.513848670309953,0.998,2.064214285714286,2397.0,-0.001239033236875,0.0116245764993454,0.6675171243818117,discharge
2.538191035901193,-1.004585124923571,13.525473246809298,0.998,2.063,2398.0,-0.001239033236875,0.0116245764993472,0.6673775986700167,discharge
2.5369945948542885,-1.004620822017827,13.531392356328022,0.998,2.0618000000000003,2399.0,-0.0011964410469045,0.0059191095187234,0.667238068000292,discharge
2.5357981538073844,-1.0046565191120829,13.537311465846749,0.998,2.0606,2400.0,-0.001196441046904,0.0059191095187252,0.6670985323726375,discharge
2.53460171276048,-1.0046922162063388,13.54323057536547,0.998,2.0594,2401.0,-0.0011964410469045,0.0059191095187234,0.6669589917870533,discharge
2.5334052717135753,-1.0047279133005946,13.549149684884194,0.998,2.0582000000000003,2402.0,-0.0011964410469045,0.0059191095187234,0.6668194462435393,discharge
2.5322088306666712,-1.0047636103948503,13.555068794402915,0.998,2.057,2403.0,-0.001196441046904,0.0059191095187234,0.6666798957420956,discharge
2.5310123896197667,-1.0047993074891064,13.560987903921642,0.998,2.0558,2404.0,-0.0011964410469045,0.0059191095187252,0.6665403402827221,discharge
2.529815948572862,-1.0048350045833625,13.566907013440366,0.998,2.0546,2405.0,-0.0011964410469045,0.0059191095187234,0.6664007798654188,discharge
2.528619507525958,-1.004870701677618,13.57282612295909,0.998,2.0534,2406.0,-0.001196441046904,0.0059191095187234,0.6662612144901858,discharge
2.5274230664790536,-1.0049063987718738,13.578745232477813,0.998,2.0522,2407.0,-0.0011964410469045,0.0059191095187234,0.666121644157023,discharge
2.526226625432149,-1.0049420958661297,13.584664341996538,0.998,2.051,2408.0,-0.0011964410469045,0.0059191095187252,0.6659820688659306,discharge
2.525030184385245,-1.0049777929603856,13.59058345151526,0.998,2.0498,2409.0,-0.001196441046904,0.0059191095187234,0.6658424886169083,discharge
2.5238337433383404,-1.0050134900546417,13.596502561033985,0.998,2.0486,2410.0,-0.0011964410469045,0.0059191095187234,0.6657029034099562,discharge
2.522637302291436,-1.0050491871488971,13.602421670552708,0.998,2.0474,2411.0,-0.0011964410469045,0.0059191095187234,0.6655633132450745,discharge
2.521440861244532,-1.0050848842431532,13.608340780071432,0.998,2.0462,2412.0,-0.001196441046904,0.0059191095187252,0.6654237181222629,discharge
2.5202444201976273,-1.0051205813374091,13.614259889590157,0.998,2.045,2413.0,-0.0011964410469045,0.0059191095187234,0.6652841180415217,discharge
2.5190349308862356,-1.005137969819868,13.621231595312851,0.998,2.0438,2414.0,-0.0012094893113916,0.0069717057226945,0.6651445155457133,discharge
2.5178254415748444,-1.005155358302327,13.628203301035548,0.998,2.0425999999999997,2415.0,-0.0012094893113911,0.0069717057226963,0.6650049106348379,discharge
2.516615952263453,-1.005172746784786,13.635175006758242,0.998,2.0414,2416.0,-0.0012094893113916,0.0069717057226945,0.6648653033088956,discharge
2.515406462952061,-1.0051901352672448,13.642146712480937,0.998,2.0402,2417.0,-0.0012094893113916,0.0069717057226945,0.6647256935678862,discharge
2.5141969736406695,-1.0052075237497038,13.649118418203631,0.998,2.039,2418.0,-0.0012094893113916,0.0069717057226945,0.66458608141181,discharge
2.5129874843292783,-1.0052249122321626,13.656090123926328,0.998,2.0378,2419.0,-0.0012094893113911,0.0069717057226963,0.6644464668406667,discharge
2.5117779950178867,-1.0052423007146216,13.663061829649022,0.998,2.0366,2420.0,-0.0012094893113916,0.0069717057226945,0.6643068498544562,discharge
2.510568505706495,-1.0052596891970804,13.670033535371717,0.998,2.0354,2421.0,-0.0012094893113916,0.0069717057226945,0.6641672304531789,discharge
2.5093590163951034,-1.0052770776795394,13.677005241094411,0.998,2.0342,2422.0,-0.0012094893113916,0.0069717057226945,0.6640276086368344,discharge
2.508149527083712,-1.0052944661619982,13.683976946817108,0.998,2.033,2423.0,-0.0012094893113911,0.0069717057226963,0.6638879844054231,discharge
2.506940037772321,-1.0053118546444573,13.690948652539802,0.998,2.0318,2424.0,-0.0012094893113916,0.0069717057226945,0.6637483577589447,discharge
2.505730548460929,-1.005329243126916,13.697920358262497,0.998,2.0306,2425.0,-0.0012094893113916,0.0069717057226945,0.6636087286973993,discharge
2.5045210591495373,-1.005346631609375,13.704892063985191,0.998,2.0294000000000003,2426.0,-0.0012094893113916,0.0069717057226945,0.6634690972207868,discharge
2.503311569838146,-1.005364020091834,13.711863769707888,0.998,2.0282,2427.0,-0.0012094893113911,0.0069717057226963,0.6633294633291075,discharge
2.5021020805267544,-1.005381408574293,13.718835475430582,0.998,2.027,2428.0,-0.0012094893113916,0.0069717057226945,0.6631898270223611,discharge
2.5008902124256167,-1.0053544698709156,13.727816837765063,0.998,2.0257333333333336,2429.0,-0.0012118681011377,0.0089813623344809,0.6630501944571012,discharge
2.499678344324479,-1.0053275311675385,13.736798200099544,0.998,2.024466666666666,2430.0,-0.0012118681011372,0.0089813623344809,0.662910565633328,discharge
2.4984664762233417,-1.0053005924641611,13.745779562434024,0.998,2.0232,2431.0,-0.0012118681011377,0.0089813623344809,0.6627709405510412,discharge
2.497254608122204,-1.005273653760784,13.754760924768506,0.998,2.0219333333333336,2432.0,-0.0012118681011377,0.0089813623344809,0.6626313192102411,discharge
2.4960427400210667,-1.0052467150574067,13.763742287102987,0.998,2.0206666666666666,2433.0,-0.0012118681011372,0.0089813623344809,0.6624917016109276,discharge
2.494830871919929,-1.0052197763540296,13.772723649437468,0.998,2.0194,2434.0,-0.0012118681011377,0.0089813623344809,0.6623520877531007,discharge
2.4936190038187913,-1.0051928376506525,13.78170501177195,0.998,2.0181333333333336,2435.0,-0.0012118681011377,0.0089813623344809,0.6622124776367604,discharge
2.492407135717654,-1.0051658989472751,13.790686374106429,0.998,2.0168666666666666,2436.0,-0.0012118681011372,0.0089813623344792,0.6620728712619066,discharge
2.4911952676165163,-1.0051389602438978,13.79966773644091,0.998,2.0156,2437.0,-0.0012118681011377,0.0089813623344809,0.6619332686285393,discharge
2.4899833995153786,-1.0051120215405207,13.80864909877539,0.998,2.0143333333333335,2438.0,-0.0012118681011377,0.0089813623344809,0.6617936697366587,discharge
2.4887715314142413,-1.0050850828371434,13.817630461109871,0.998,2.0130666666666666,2439.0,-0.0012118681011372,0.0089813623344809,0.6616540745862647,discharge
2.4875596633131036,-1.0050581441337665,13.826611823444352,0.998,2.0118,2440.0,-0.0012118681011377,0.0089813623344809,0.6615144831773572,discharge
2.486347795211966,-1.005031205430389,13.835593185778832,0.998,2.0105333333333335,2441.0,-0.0012118681011377,0.0089813623344809,0.6613748955099363,discharge
2.4851359271108286,-1.0050042667270118,13.844574548113314,0.998,2.0092666666666665,2442.0,-0.0012118681011372,0.0089813623344809,0.661235311584002,discharge
2.483924059009691,-1.0049773280236345,13.853555910447795,0.998,2.008,2443.0,-0.0012118681011377,0.0089813623344809,0.6610957313995542,discharge
2.4826892784853434,-1.0049676993064571,13.860983003953894,0.998,2.0068,2444.0,-0.0012347805243475,0.0074270935060987,0.6609561525524285,discharge
2.4814544979609954,-1.0049580705892796,13.868410097459993,0.998,2.0056,2445.0,-0.001234780524348,0.0074270935060987,0.6608165750426245,discharge
2.480219717436648,-1.0049484418721022,13.875837190966092,0.998,2.0044,2446.0,-0.0012347805243475,0.0074270935060987,0.6606769988701422,discharge
2.4789849369123,-1.0049388131549246,13.88326428447219,0.998,2.0032,2447.0,-0.001234780524348,0.0074270935060987,0.6605374240349817,discharge
2.4777501563879523,-1.0049291844377473,13.890691377978287,0.998,2.002,2448.0,-0.0012347805243475,0.0074270935060987,0.6603978505371431,discharge
2.4765153758636047,-1.0049195557205697,13.898118471484388,0.998,2.0008,2449.0,-0.0012347805243475,0.0074270935060987,0.6602582783766263,discharge
2.4752805953392567,-1.0049099270033923,13.905545564990486,0.998,1.9996,2450.0,-0.001234780524348,0.0074270935060987,0.6601187075534314,discharge
2.474045814814909,-1.0049002982862147,13.912972658496589,0.998,1.9984,2451.0,-0.0012347805243475,0.0074270935061004,0.6599791380675583,discharge
2.472811034290561,-1.0048906695690374,13.920399752002686,0.998,1.9972,2452.0,-0.001234780524348,0.0074270935060987,0.6598395699190069,discharge
2.4715762537662136,-1.0048810408518598,13.927826845508784,0.998,1.996,2453.0,-0.0012347805243475,0.0074270935060987,0.6597000031077775,discharge
2.470341473241866,-1.0048714121346825,13.935253939014885,0.998,1.9948,2454.0,-0.0012347805243475,0.0074270935060987,0.65956043763387,discharge
2.469106692717518,-1.0048617834175049,13.942681032520982,0.998,1.9936,2455.0,-0.001234780524348,0.0074270935060987,0.6594208734972842,discharge
2.4678719121931705,-1.0048521547003275,13.95010812602708,0.998,1.9924,2456.0,-0.0012347805243475,0.0074270935060987,0.6592813106980202,discharge
2.4666371316688225,-1.00484252598315,13.95753521953318,0.998,1.9912,2457.0,-0.001234780524348,0.0074270935060987,0.659141749236078,discharge
2.465402351144475,-1.0048328972659726,13.964962313039278,0.998,1.99,2458.0,-0.0012347805243475,0.0074270935060987,0.6590021891114577,discharge
2.464147331094706,-1.0048660422355655,13.972987301452344,0.998,1.9887333333333332,2459.0,-0.0012550200497689,0.0080249884130658,0.6588626243833694,discharge
2.462892311044937,-1.0048991872051591,13.98101228986541,0.998,1.9874666666666667,2460.0,-0.0012550200497689,0.0080249884130658,0.6587230550518132,discharge
2.461637290995168,-1.0049323321747523,13.989037278278476,0.998,1.9862,2461.0,-0.0012550200497689,0.0080249884130658,0.658583481116789,discharge
2.460382270945399,-1.0049654771443457,13.99706226669154,0.998,1.9849333333333337,2462.0,-0.0012550200497689,0.0080249884130658,0.6584439025782967,discharge
2.45912725089563,-1.0049986221139386,14.005087255104607,0.998,1.9836666666666667,2463.0,-0.0012550200497689,0.0080249884130658,0.6583043194363365,discharge
2.457872230845861,-1.005031767083532,14.013112243517671,0.998,1.9824,2464.0,-0.0012550200497689,0.0080249884130658,0.6581647316909082,discharge
2.456617210796092,-1.0050649120531252,14.02113723193074,0.998,1.9811333333333336,2465.0,-0.0012550200497689,0.0080249884130658,0.6580251393420119,discharge
2.4553621907463237,-1.0050980570227184,14.029162220343808,0.998,1.9798666666666669,2466.0,-0.0012550200497685,0.0080249884130676,0.6578855423896477,discharge
2.4541071706965547,-1.0051312019923115,14.037187208756873,0.998,1.9786,2467.0,-0.0012550200497689,0.0080249884130658,0.6577459408338153,discharge
2.4528521506467857,-1.005164346961905,14.045212197169938,0.998,1.9773333333333336,2468.0,-0.0012550200497689,0.0080249884130658,0.6576063346745151,discharge
2.451597130597017,-1.005197491931498,14.053237185583004,0.998,1.9760666666666664,2469.0,-0.0012550200497689,0.0080249884130658,0.6574667239117469,discharge
2.450342110547248,-1.0052306369010913,14.06126217399607,0.998,1.9748,2470.0,-0.0012550200497689,0.0080249884130658,0.6573271085455106,discharge
2.449087090497479,-1.0052637818706844,14.069287162409136,0.998,1.9735333333333336,2471.0,-0.0012550200497689,0.0080249884130658,0.6571874885758062,discharge
2.44783207044771,-1.0052969268402778,14.077312150822202,0.998,1.9722666666666668,2472.0,-0.0012550200497689,0.0080249884130658,0.657047864002634,discharge
2.446577050397941,-1.005330071809871,14.085337139235268,0.998,1.971,2473.0,-0.0012550200497689,0.0080249884130658,0.6569082348259938,discharge
2.44527735371037,-1.005282331475174,14.092797547400314,0.998,1.9697333333333331,2474.0,-0.0012996966875711,0.0074604081650466,0.6567686122799555,discharge
2.4439776570227987,-1.005234591140477,14.10025795556536,0.998,1.9684666666666668,2475.0,-0.0012996966875711,0.0074604081650448,0.6566289963645193,discharge
2.442677960335228,-1.0051868508057795,14.107718363730406,0.998,1.9672,2476.0,-0.0012996966875706,0.0074604081650466,0.6564893870796853,discharge
2.441378263647657,-1.0051391104710827,14.115178771895453,0.998,1.9659333333333333,2477.0,-0.0012996966875711,0.0074604081650466,0.6563497844254531,discharge
2.4400785669600857,-1.0050913701363855,14.1226391800605,0.998,1.9646666666666668,2478.0,-0.0012996966875711,0.0074604081650466,0.656210188401823,discharge
2.4387788702725146,-1.0050436298016887,14.130099588225544,0.998,1.9634,2479.0,-0.0012996966875711,0.0074604081650448,0.656070599008795,discharge
2.4374791735849435,-1.0049958894669917,14.137559996390593,0.998,1.9621333333333333,2480.0,-0.0012996966875711,0.0074604081650466,0.6559310162463691,discharge
2.436179476897373,-1.0049481491322945,14.145020404555638,0.998,1.9608666666666668,2481.0,-0.0012996966875706,0.0074604081650466,0.6557914401145452,discharge
2.4348797802098017,-1.0049004087975977,14.152480812720684,0.998,1.9596,2482.0,-0.0012996966875711,0.0074604081650466,0.6556518706133232,discharge
2.4335800835222305,-1.0048526684629004,14.15994122088573,0.998,1.9583333333333333,2483.0,-0.0012996966875711,0.0074604081650448,0.6555123077427034,discharge
2.4322803868346594,-1.0048049281282034,14.167401629050776,0.998,1.9570666666666667,2484.0,-0.0012996966875711,0.0074604081650466,0.6553727515026857,discharge
2.4309806901470883,-1.0047571877935064,14.174862037215822,0.998,1.9558,2485.0,-0.0012996966875711,0.0074604081650466,0.6552332018932698,discharge
2.4296809934595176,-1.0047094474588092,14.18232244538087,0.998,1.9545333333333332,2486.0,-0.0012996966875706,0.0074604081650466,0.655093658914456,discharge
2.4283812967719465,-1.0046617071241122,14.189782853545914,0.998,1.9532666666666667,2487.0,-0.0012996966875711,0.0074604081650448,0.6549541225662445,discharge
2.4270816000843753,-1.0046139667894152,14.19724326171096,0.998,1.952,2488.0,-0.0012996966875711,0.0074604081650466,0.6548145928486349,discharge
2.425792218605444,-1.004749505752315,14.202862158497863,0.998,1.9507333333333332,2489.0,-0.0012893814789314,0.0056188967869044,0.6546750443061693,discharge
2.424502837126512,-1.004885044715215,14.208481055284771,0.998,1.949466666666667,2490.0,-0.0012893814789318,0.0056188967869061,0.6545354769388476,discharge
2.4232134556475806,-1.0050205836781143,14.214099952071676,0.998,1.9482,2491.0,-0.0012893814789314,0.0056188967869044,0.6543958907466702,discharge
2.421924074168649,-1.0051561226410144,14.219718848858582,0.998,1.9469333333333336,2492.0,-0.0012893814789314,0.0056188967869061,0.6542562857296367,discharge
2.4206346926897178,-1.0052916616039145,14.225337745645486,0.998,1.9456666666666669,2493.0,-0.0012893814789314,0.0056188967869044,0.6541166618877472,discharge
2.419345311210786,-1.005427200566814,14.23095664243239,0.998,1.9444,2494.0,-0.0012893814789318,0.0056188967869044,0.6539770192210018,discharge
2.4180559297318545,-1.005562739529714,14.236575539219295,0.998,1.9431333333333336,2495.0,-0.0012893814789314,0.0056188967869061,0.6538373577294005,discharge
2.416766548252923,-1.0056982784926136,14.2421944360062,0.998,1.9418666666666664,2496.0,-0.0012893814789314,0.0056188967869044,0.6536976774129432,discharge
2.4154771667739916,-1.0058338174555137,14.247813332793108,0.998,1.9406,2497.0,-0.0012893814789314,0.0056188967869061,0.6535579782716299,discharge
2.4141877852950597,-1.0059693564184131,14.253432229580012,0.998,1.9393333333333336,2498.0,-0.0012893814789318,0.0056188967869044,0.6534182603054607,discharge
2.4128984038161283,-1.0061048953813132,14.259051126366916,0.998,1.9380666666666664,2499.0,-0.0012893814789314,0.0056188967869044,0.6532785235144355,discharge
2.411609022337197,-1.006240434344213,14.264670023153824,0.998,1.9368,2500.0,-0.0012893814789314,0.0056188967869061,0.6531387678985543,discharge
2.4103196408582654,-1.0063759733071127,14.270288919940729,0.998,1.935533333333333,2501.0,-0.0012893814789314,0.0056188967869044,0.6529989934578173,discharge
2.4090302593793336,-1.0065115122700126,14.275907816727631,0.998,1.9342666666666668,2502.0,-0.0012893814789318,0.0056188967869061,0.6528592001922242,discharge
2.407740877900402,-1.0066470512329124,14.281526713514538,0.998,1.933,2503.0,-0.0012893814789314,0.0056188967869044,0.6527193881017752,discharge
2.4064012186281487,-1.006544684026404,14.287572013292817,0.998,1.9316,2504.0,-0.0013396592722534,0.0060452997782789,0.6525795902289937,discharge
2.405061559355895,-1.0064423168198957,14.293617313071094,0.998,1.9302,2505.0,-0.0013396592722538,0.0060452997782771,0.6524398065738799,discharge
2.4037219000836414,-1.0063399496133874,14.299662612849373,0.998,1.9288,2506.0,-0.0013396592722534,0.0060452997782789,0.6523000371364336,discharge
2.402382240811388,-1.0062375824068792,14.30570791262765,0.998,1.9274,2507.0,-0.0013396592722534,0.0060452997782771,0.6521602819166548,discharge
2.4010425815391345,-1.0061352152003709,14.311753212405929,0.998,1.926,2508.0,-0.0013396592722534,0.0060452997782789,0.6520205409145436,discharge
2.3997029222668806,-1.0060328479938625,14.317798512184208,0.998,1.9246,2509.0,-0.0013396592722538,0.0060452997782789,0.6518808141301,discharge
2.398363262994627,-1.005930480787354,14.323843811962483,0.998,1.9232,2510.0,-0.0013396592722534,0.0060452997782771,0.6517411015633241,discharge
2.3970236037223738,-1.0058281135808458,14.329889111740764,0.998,1.9218,2511.0,-0.0013396592722534,0.0060452997782789,0.6516014032142157,discharge
2.3956839444501203,-1.0057257463743374,14.33593441151904,0.998,1.9204,2512.0,-0.0013396592722534,0.0060452997782771,0.6514617190827747,discharge
2.3943442851778665,-1.005623379167829,14.34197971129732,0.998,1.919,2513.0,-0.0013396592722538,0.0060452997782789,0.6513220491690014,discharge
2.393004625905613,-1.0055210119613207,14.3480250110756,0.998,1.9176,2514.0,-0.0013396592722534,0.0060452997782789,0.6511823934728956,discharge
2.3916649666333596,-1.0054186447548126,14.354070310853876,0.998,1.9162,2515.0,-0.0013396592722534,0.0060452997782771,0.6510427519944575,discharge
2.390325307361106,-1.0053162775483042,14.360115610632157,0.998,1.9148,2516.0,-0.0013396592722534,0.0060452997782789,0.6509031247336869,discharge
2.3889856480888523,-1.005213910341796,14.366160910410432,0.998,1.9134,2517.0,-0.0013396592722538,0.0060452997782771,0.6507635116905839,discharge
2.387645988816599,-1.0051115431352875,14.372206210188711,0.998,1.912,2518.0,-0.0013396592722534,0.0060452997782789,0.6506239128651484,discharge
2.386287596834077,-1.0050525291950907,14.384274718793945,0.998,1.9106666666666663,2519.0,-0.0013583919825217,0.0120685086052336,0.6504843222360935,discharge
2.384929204851556,-1.004993515254894,14.396343227399178,0.998,1.909333333333333,2520.0,-0.0013583919825213,0.0120685086052336,0.6503447398034192,discharge
2.383570812869034,-1.0049345013146973,14.408411736004412,0.998,1.908,2521.0,-0.0013583919825217,0.0120685086052336,0.6502051655671255,discharge
2.3822124208865127,-1.0048754873745005,14.420480244609646,0.998,1.9066666666666665,2522.0,-0.0013583919825213,0.0120685086052336,0.6500655995272124,discharge
2.380854028903991,-1.0048164734343037,14.43254875321488,0.998,1.905333333333333,2523.0,-0.0013583919825217,0.0120685086052336,0.6499260416836798,discharge
2.3794956369214693,-1.0047574594941069,14.444617261820111,0.998,1.904,2524.0,-0.0013583919825217,0.0120685086052336,0.6497864920365279,discharge
2.378137244938948,-1.00469844555391,14.456685770425349,0.998,1.9026666666666665,2525.0,-0.0013583919825213,0.0120685086052336,0.6496469505857565,discharge
2.376778852956426,-1.0046394316137135,14.46875427903058,0.998,1.901333333333333,2526.0,-0.0013583919825217,0.0120685086052336,0.6495074173313657,discharge
2.375420460973905,-1.0045804176735167,14.480822787635814,0.998,1.9,2527.0,-0.0013583919825213,0.0120685086052336,0.6493678922733556,discharge
2.374062068991383,-1.00452140373332,14.492891296241048,0.998,1.8986666666666665,2528.0,-0.0013583919825217,0.0120685086052336,0.649228375411726,discharge
2.3727036770088614,-1.004462389793123,14.504959804846282,0.998,1.897333333333333,2529.0,-0.0013583919825217,0.0120685086052336,0.6490888667464769,discharge
2.37134528502634,-1.0044033758529265,14.517028313451515,0.998,1.896,2530.0,-0.0013583919825213,0.0120685086052336,0.6489493662776085,discharge
2.3699868930438184,-1.0043443619127297,14.529096822056747,0.998,1.8946666666666665,2531.0,-0.0013583919825217,0.0120685086052336,0.6488098740051205,discharge
2.368628501061297,-1.0042853479725329,14.541165330661984,0.998,1.893333333333333,2532.0,-0.0013583919825213,0.0120685086052336,0.6486703899290132,discharge
2.3672701090787753,-1.004226334032336,14.553233839267216,0.998,1.892,2533.0,-0.0013583919825217,0.0120685086052336,0.6485309140492865,discharge
2.365887142202493,-1.0043810851758987,14.561991209641748,0.998,1.8906666666666665,2534.0,-0.0013829668762821,0.0087573703745302,0.6483914166763454,discharge
2.364504175326211,-1.0045358363194612,14.57074858001628,0.998,1.8893333333333333,2535.0,-0.0013829668762821,0.008757370374532,0.6482518978101899,discharge
2.3631212084499285,-1.004690587463024,14.579505950390809,0.998,1.888,2536.0,-0.0013829668762825,0.0087573703745302,0.6481123574508201,discharge
2.3617382415736463,-1.0048453386065863,14.58826332076534,0.998,1.8866666666666667,2537.0,-0.0013829668762821,0.0087573703745302,0.6479727955982358,discharge
2.360355274697364,-1.005000089750149,14.597020691139871,0.998,1.8853333333333333,2538.0,-0.0013829668762821,0.008757370374532,0.6478332122524373,discharge
2.358972307821082,-1.0051548408937114,14.605778061514402,0.998,1.884,2539.0,-0.0013829668762821,0.0087573703745302,0.6476936074134242,discharge
2.3575893409448,-1.005309592037274,14.614535431888932,0.998,1.8826666666666667,2540.0,-0.0013829668762821,0.0087573703745302,0.6475539810811968,discharge
2.3562063740685173,-1.0054643431808366,14.623292802263464,0.998,1.8813333333333333,2541.0,-0.0013829668762825,0.008757370374532,0.647414333255755,discharge
2.354823407192235,-1.0056190943243992,14.632050172637994,0.998,1.88,2542.0,-0.0013829668762821,0.0087573703745302,0.647274663937099,discharge
2.353440440315953,-1.0057738454679617,14.640807543012524,0.998,1.8786666666666667,2543.0,-0.0013829668762821,0.0087573703745302,0.6471349731252284,discharge
2.352057473439671,-1.0059285966115243,14.649564913387056,0.998,1.8773333333333333,2544.0,-0.0013829668762821,0.008757370374532,0.6469952608201435,discharge
2.3506745065633887,-1.0060833477550868,14.658322283761589,0.998,1.876,2545.0,-0.0013829668762821,0.0087573703745302,0.6468555270218441,discharge
2.349291539687106,-1.0062380988986497,14.667079654136115,0.998,1.8746666666666667,2546.0,-0.0013829668762825,0.0087573703745302,0.6467157717303303,discharge
2.347908572810824,-1.006392850042212,14.675837024510647,0.998,1.8733333333333335,2547.0,-0.0013829668762821,0.008757370374532,0.6465759949456023,discharge
2.346525605934542,-1.0065476011857746,14.68459439488518,0.998,1.872,2548.0,-0.0013829668762821,0.0087573703745302,0.6464361966676597,discharge
2.345013456850067,-1.0063900964314656,14.691304969811766,0.998,1.8704285714285716,2549.0,-0.0015121490844749,0.0067105749265863,0.6462964202653776,discharge
2.343501307765592,-1.0062325916771564,14.698015544738354,0.998,1.868857142857143,2550.0,-0.0015121490844749,0.0067105749265881,0.6461566657387559,discharge
2.341989158681117,-1.0060750869228474,14.70472611966494,0.998,1.8672857142857144,2551.0,-0.0015121490844753,0.0067105749265863,0.6460169330877943,discharge
2.3404770095966416,-1.0059175821685382,14.711436694591526,0.998,1.865714285714286,2552.0,-0.0015121490844749,0.0067105749265863,0.6458772223124931,discharge
2.3389648605121667,-1.0057600774142292,14.718147269518113,0.998,1.864142857142857,2553.0,-0.0015121490844749,0.0067105749265863,0.6457375334128523,discharge
2.3374527114276917,-1.00560257265992,14.7248578444447,0.998,1.8625714285714288,2554.0,-0.0015121490844749,0.0067105749265881,0.6455978663888717,discharge
2.3359405623432163,-1.005445067905611,14.731568419371287,0.998,1.861,2555.0,-0.0015121490844753,0.0067105749265863,0.6454582212405515,discharge
2.3344284132587414,-1.005287563151302,14.738278994297874,0.998,1.8594285714285712,2556.0,-0.0015121490844749,0.0067105749265863,0.6453185979678916,discharge
2.3329162641742665,-1.0051300583969929,14.744989569224462,0.998,1.8578571428571429,2557.0,-0.0015121490844749,0.0067105749265881,0.6451789965708921,discharge
2.3314041150897915,-1.004972553642684,14.751700144151048,0.998,1.8562857142857143,2558.0,-0.0015121490844749,0.0067105749265863,0.6450394170495528,discharge
2.329891966005317,-1.0048150488883747,14.758410719077634,0.998,1.8547142857142855,2559.0,-0.0015121490844749,0.0067105749265863,0.6448998594038738,discharge
2.328379816920841,-1.0046575441340655,14.76512129400422,0.998,1.8531428571428572,2560.0,-0.0015121490844753,0.0067105749265863,0.6447603236338553,discharge
2.3268676678363662,-1.0045000393797563,14.771831868930809,0.998,1.8515714285714289,2561.0,-0.0015121490844749,0.0067105749265881,0.644620809739497,discharge
2.3253555187518913,-1.0043425346254475,14.778542443857395,0.998,1.85,2562.0,-0.0015121490844749,0.0067105749265863,0.6444813177207989,discharge
2.3238965865653656,-1.0043599528767269,14.787793348689194,0.998,1.8486,2563.0,-0.0014589321865257,0.0092509048317985,0.6443418232828995,discharge
2.3224376543788403,-1.0043773711280062,14.797044253520992,0.998,1.8472,2564.0,-0.0014589321865252,0.0092509048317985,0.6442023264257983,discharge
2.3209787221923146,-1.0043947893792855,14.80629515835279,0.998,1.8458,2565.0,-0.0014589321865257,0.0092509048317985,0.6440628271494956,discharge
2.319519790005789,-1.0044122076305646,14.81554606318459,0.998,1.8444,2566.0,-0.0014589321865257,0.0092509048317985,0.6439233254539913,discharge
2.3180608578192636,-1.004429625881844,14.824796968016388,0.998,1.843,2567.0,-0.0014589321865252,0.0092509048317985,0.6437838213392855,discharge
2.316601925632738,-1.0044470441331232,14.834047872848188,0.998,1.8416,2568.0,-0.0014589321865257,0.0092509048317985,0.6436443148053781,discharge
2.315142993446212,-1.0044644623844026,14.843298777679983,0.998,1.8402,2569.0,-0.0014589321865257,0.0092509048317985,0.6435048058522692,discharge
2.313684061259687,-1.004481880635682,14.852549682511786,0.998,1.8388,2570.0,-0.0014589321865252,0.0092509048318003,0.6433652944799587,discharge
2.3122251290731612,-1.0044992988869612,14.861800587343584,0.998,1.8374,2571.0,-0.0014589321865257,0.0092509048317985,0.6432257806884467,discharge
2.3107661968866355,-1.0045167171382403,14.871051492175384,0.998,1.836,2572.0,-0.0014589321865257,0.0092509048317985,0.643086264477733,discharge
2.3093072647001103,-1.00453413538952,14.88030239700718,0.998,1.8346,2573.0,-0.0014589321865252,0.0092509048317985,0.6429467458478177,discharge
2.307848332513585,-1.004551553640799,14.88955330183898,0.998,1.8332,2574.0,-0.0014589321865257,0.0092509048317985,0.642807224798701,discharge
2.306389400327059,-1.0045689718920785,14.898804206670778,0.998,1.8318,2575.0,-0.0014589321865257,0.0092509048317985,0.6426677013303826,discharge
2.3049304681405336,-1.0045863901433576,14.908055111502575,0.998,1.8304,2576.0,-0.0014589321865252,0.0092509048317985,0.6425281754428628,discharge
2.303471535954008,-1.004603808394637,14.917306016334376,0.998,1.829,2577.0,-0.0014589321865257,0.0092509048317985,0.6423886471361413,discharge
2.301977260493151,-1.0046841651523837,14.928846788201495,0.998,1.8274666666666664,2578.0,-0.0014942754608564,0.0115407718671196,0.642249107668759,discharge
2.3004829850322945,-1.0047645219101304,14.940387560068611,0.998,1.8259333333333336,2579.0,-0.0014942754608568,0.0115407718671178,0.6421095570407159,discharge
2.298988709571438,-1.0048448786678774,14.951928331935733,0.998,1.8244,2580.0,-0.0014942754608564,0.0115407718671196,0.641969995252012,discharge
2.2974944341105816,-1.0049252354256242,14.963469103802852,0.998,1.8228666666666664,2581.0,-0.0014942754608564,0.0115407718671196,0.6418304223026474,discharge
2.2960001586497247,-1.005005592183371,14.975009875669972,0.998,1.8213333333333332,2582.0,-0.0014942754608568,0.0115407718671196,0.6416908381926218,discharge
2.2945058831888683,-1.0050859489411177,14.98655064753709,0.998,1.8198,2583.0,-0.0014942754608564,0.0115407718671178,0.6415512429219357,discharge
2.293011607728012,-1.0051663056988644,14.99809141940421,0.998,1.8182666666666667,2584.0,-0.0014942754608564,0.0115407718671196,0.6414116364905886,discharge
2.291517332267155,-1.0052466624566114,15.00963219127133,0.998,1.816733333333333,2585.0,-0.0014942754608568,0.0115407718671196,0.6412720188985808,discharge
2.2900230568062985,-1.0053270192143582,15.021172963138447,0.998,1.8152,2586.0,-0.0014942754608564,0.0115407718671196,0.6411323901459121,discharge
2.288528781345442,-1.005407375972105,15.032713735005569,0.998,1.8136666666666668,2587.0,-0.0014942754608564,0.0115407718671178,0.6409927502325826,discharge
2.287034505884585,-1.0054877327298517,15.044254506872688,0.998,1.8121333333333336,2588.0,-0.0014942754608568,0.0115407718671196,0.6408530991585923,discharge
2.2855402304237287,-1.0055680894875985,15.055795278739806,0.998,1.8106,2589.0,-0.0014942754608564,0.0115407718671196,0.6407134369239413,discharge
2.284045954962872,-1.0056484462453454,15.067336050606926,0.998,1.8090666666666664,2590.0,-0.0014942754608564,0.0115407718671196,0.6405737635286295,discharge
2.2825516795020153,-1.0057288030030922,15.078876822474044,0.998,1.8075333333333337,2591.0,-0.0014942754608568,0.0115407718671178,0.6404340789726568,discharge
2.281057404041159,-1.005809159760839,15.090417594341163,0.998,1.806,2592.0,-0.0014942754608564,0.0115407718671196,0.6402943832560235,discharge
2.2795351473614915,-1.0057051608628764,15.09886062436608,0.998,1.804533333333333,2593.0,-0.0015222566796673,0.0084430300249156,0.6401547019836814,discharge
2.278012890681824,-1.0056011619649137,15.107303654390996,0.998,1.8030666666666668,2594.0,-0.0015222566796677,0.0084430300249156,0.6400150351556306,discharge
2.2764906340021565,-1.0054971630669511,15.11574668441591,0.998,1.8016,2595.0,-0.0015222566796673,0.0084430300249156,0.6398753827718714,discharge
2.274968377322489,-1.0053931641689886,15.124189714440826,0.998,1.8001333333333334,2596.0,-0.0015222566796673,0.0084430300249156,0.6397357448324035,discharge
2.273446120642822,-1.005289165271026,15.132632744465742,0.998,1.7986666666666666,2597.0,-0.0015222566796677,0.0084430300249156,0.639596121337227,discharge
2.271923863963154,-1.005185166373063,15.141075774490655,0.998,1.7972,2598.0,-0.0015222566796673,0.0084430300249156,0.6394565122863418,discharge
2.2704016072834867,-1.0050811674751008,15.149518804515573,0.998,1.7957333333333334,2599.0,-0.0015222566796673,0.0084430300249156,0.6393169176797481,discharge
2.268879350603819,-1.0049771685771385,15.157961834540489,0.998,1.794266666666667,2600.0,-0.0015222566796677,0.0084430300249156,0.6391773375174457,discharge
2.2673570939241516,-1.0048731696791755,15.166404864565404,0.998,1.7928,2601.0,-0.0015222566796673,0.0084430300249156,0.6390377717994347,discharge
2.2658348372444843,-1.004769170781213,15.17484789459032,0.998,1.7913333333333334,2602.0,-0.0015222566796673,0.0084430300249156,0.638898220525715,discharge
2.2643125805648165,-1.0046651718832504,15.183290924615235,0.998,1.7898666666666667,2603.0,-0.0015222566796677,0.0084430300249156,0.6387586836962869,discharge
2.2627903238851492,-1.004561172985288,15.191733954640153,0.998,1.7884,2604.0,-0.0015222566796673,0.0084430300249156,0.63861916131115,discharge
2.261268067205482,-1.0044571740873254,15.200176984665069,0.998,1.7869333333333333,2605.0,-0.0015222566796673,0.0084430300249156,0.6384796533703045,discharge
2.259745810525814,-1.0043531751893626,15.208620014689982,0.998,1.7854666666666668,2606.0,-0.0015222566796677,0.0084430300249156,0.6383401598737505,discharge
2.258223553846147,-1.0042491762914,15.217063044714898,0.998,1.784,2607.0,-0.0015222566796673,0.0084430300249156,0.6382006808214877,discharge
2.2566451860394015,-1.0043720912574503,15.219445375955836,0.998,1.7824,2608.0,-0.0015783678067453,0.0023823312409394,0.638061184697702,discharge
2.2550668182326565,-1.0044950062235007,15.22182770719678,0.998,1.7808,2609.0,-0.0015783678067449,0.0023823312409412,0.6379216715023932,discharge
2.253488450425911,-1.0046179211895512,15.224210038437718,0.998,1.7792,2610.0,-0.0015783678067453,0.0023823312409394,0.6377821412355613,discharge
2.2519100826191663,-1.0047408361556016,15.22659236967866,0.998,1.7776,2611.0,-0.0015783678067449,0.0023823312409412,0.6376425938972063,discharge
2.250331714812421,-1.0048637511216518,15.2289747009196,0.998,1.776,2612.0,-0.0015783678067453,0.0023823312409394,0.6375030294873283,discharge
2.2487533470056755,-1.0049866660877025,15.231357032160538,0.998,1.7744,2613.0,-0.0015783678067453,0.0023823312409394,0.6373634480059271,discharge
2.2471749791989306,-1.0051095810537527,15.23373936340148,0.998,1.7728,2614.0,-0.0015783678067449,0.0023823312409412,0.6372238494530031,discharge
2.2455966113921852,-1.005232496019803,15.23612169464242,0.998,1.7712,2615.0,-0.0015783678067453,0.0023823312409394,0.6370842338285558,discharge
2.2440182435854403,-1.0053554109858531,15.23850402588336,0.998,1.7696,2616.0,-0.0015783678067449,0.0023823312409412,0.6369446011325857,discharge
2.242439875778695,-1.0054783259519038,15.2408863571243,0.998,1.768,2617.0,-0.0015783678067453,0.0023823312409394,0.6368049513650923,discharge
2.2408615079719496,-1.005601240917954,15.24326868836524,0.998,1.7664,2618.0,-0.0015783678067453,0.0023823312409394,0.6366652845260758,discharge
2.2392831401652047,-1.0057241558840044,15.24565101960618,0.998,1.7648,2619.0,-0.0015783678067449,0.0023823312409412,0.6365256006155364,discharge
2.2377047723584593,-1.0058470708500549,15.24803335084712,0.998,1.7632,2620.0,-0.0015783678067453,0.0023823312409394,0.6363858996334739,discharge
2.2361264045517144,-1.005969985816105,15.25041568208806,0.998,1.7616,2621.0,-0.0015783678067449,0.0023823312409412,0.6362461815798883,discharge
2.234548036744969,-1.0060929007821555,15.252798013329,0.998,1.76,2622.0,-0.0015783678067453,0.0023823312409394,0.6361064464547798,discharge
2.232930531432298,-1.0060443284459708,15.261607629751122,0.998,1.7584,2623.0,-0.0016175053126712,0.0088096164221216,0.6359667180758289,discharge
2.231313026119627,-1.0059957561097863,15.270417246173244,0.998,1.7568,2624.0,-0.0016175053126707,0.0088096164221216,0.6358269964430359,discharge
2.229695520806956,-1.0059471837736016,15.279226862595364,0.998,1.7552,2625.0,-0.0016175053126712,0.0088096164221198,0.6356872815564008,discharge
2.228078015494285,-1.0058986114374169,15.288036479017483,0.998,1.7536,2626.0,-0.0016175053126707,0.0088096164221216,0.6355475734159233,discharge
2.2264605101816137,-1.0058500391012322,15.296846095439609,0.998,1.752,2627.0,-0.0016175053126712,0.0088096164221216,0.6354078720216036,discharge
2.224843004868943,-1.0058014667650477,15.305655711861728,0.998,1.7504,2628.0,-0.0016175053126707,0.0088096164221216,0.6352681773734419,discharge
2.2232254995562717,-1.005752894428863,15.31446532828385,0.998,1.7488,2629.0,-0.0016175053126712,0.0088096164221216,0.6351284894714379,discharge
2.221607994243601,-1.0057043220926782,15.32327494470597,0.998,1.7472,2630.0,-0.0016175053126707,0.0088096164221198,0.6349888083155917,discharge
2.2199904889309297,-1.0056557497564935,15.332084561128092,0.998,1.7456,2631.0,-0.0016175053126712,0.0088096164221216,0.6348491339059033,discharge
2.218372983618259,-1.005607177420309,15.340894177550211,0.998,1.744,2632.0,-0.0016175053126707,0.0088096164221216,0.6347094662423727,discharge
2.2167554783055876,-1.0055586050841243,15.349703793972337,0.998,1.7424,2633.0,-0.0016175053126712,0.0088096164221216,0.634569805325,discharge
2.215137972992917,-1.0055100327479396,15.358513410394456,0.998,1.7408,2634.0,-0.0016175053126707,0.0088096164221216,0.6344301511537849,discharge
2.2135204676802456,-1.0054614604117549,15.367323026816576,0.998,1.7392,2635.0,-0.0016175053126712,0.0088096164221198,0.6342905037287276,discharge
2.2119029623675748,-1.0054128880755704,15.376132643238698,0.998,1.7376,2636.0,-0.0016175053126707,0.0088096164221216,0.6341508630498283,discharge
2.2102854570549035,-1.0053643157393857,15.38494225966082,0.998,1.736,2637.0,-0.0016175053126712,0.0088096164221216,0.6340112291170867,discharge
2.208593074409458,-1.0054071832764693,15.39212394493511,0.998,1.7344,2638.0,-0.0016923826454449,0.0071816852742898,0.6338715892305204,discharge
2.2069006917640133,-1.005450050813553,15.3993056302094,0.998,1.7328,2639.0,-0.0016923826454453,0.0071816852742898,0.6337319433901297,discharge
2.2052083091185684,-1.0054929183506367,15.406487315483687,0.998,1.7312,2640.0,-0.0016923826454449,0.007181685274288,0.6335922915959145,discharge
2.203515926473123,-1.0055357858877203,15.413669000757976,0.998,1.7296,2641.0,-0.0016923826454453,0.0071816852742898,0.6334526338478744,discharge
2.201823543827678,-1.005578653424804,15.420850686032267,0.998,1.728,2642.0,-0.0016923826454449,0.0071816852742898,0.6333129701460098,discharge
2.200131161182233,-1.0056215209618875,15.428032371306555,0.998,1.7264,2643.0,-0.0016923826454449,0.0071816852742898,0.6331733004903206,discharge
2.198438778536788,-1.0056643884989716,15.435214056580849,0.998,1.7248,2644.0,-0.0016923826454453,0.0071816852742898,0.6330336248808068,discharge
2.196746395891343,-1.0057072560360552,15.442395741855137,0.998,1.7232,2645.0,-0.0016923826454449,0.007181685274288,0.6328939433174685,discharge
2.1950540132458976,-1.005750123573139,15.449577427129425,0.998,1.7216,2646.0,-0.0016923826454453,0.0071816852742898,0.6327542558003056,discharge
2.1933616306004526,-1.0057929911102226,15.456759112403716,0.998,1.72,2647.0,-0.0016923826454449,0.0071816852742898,0.632614562329318,discharge
2.1916692479550077,-1.0058358586473062,15.463940797678005,0.998,1.7184,2648.0,-0.0016923826454449,0.0071816852742898,0.6324748629045058,discharge
2.1899768653095624,-1.00587872618439,15.471122482952294,0.998,1.7168,2649.0,-0.0016923826454453,0.0071816852742898,0.6323351575258691,discharge
2.1882844826641175,-1.0059215937214736,15.478304168226584,0.998,1.7152,2650.0,-0.0016923826454449,0.007181685274288,0.6321954461934078,discharge
2.186592100018672,-1.0059644612585574,15.485485853500872,0.998,1.7136,2651.0,-0.0016923826454453,0.0071816852742898,0.632055728907122,discharge
2.184899717373227,-1.006007328795641,15.492667538775162,0.998,1.712,2652.0,-0.0016923826454449,0.0071816852742898,0.6319160056670114,discharge
2.183158971716587,-1.005953897442423,15.49901522489634,0.998,1.7102666666666666,2653.0,-0.0017407456566402,0.0063476861211775,0.6317762898479223,discharge
2.181418226059946,-1.005900466089205,15.505362911017516,0.998,1.7085333333333332,2654.0,-0.0017407456566407,0.0063476861211757,0.6316365814498544,discharge
2.179677480403306,-1.005847034735987,15.511710597138691,0.998,1.7068,2655.0,-0.0017407456566402,0.0063476861211775,0.6314968804728077,discharge
2.1779367347466656,-1.0057936033827688,15.51805828325987,0.998,1.7050666666666667,2656.0,-0.0017407456566402,0.0063476861211775,0.6313571869167823,discharge
2.176195989090025,-1.005740172029551,15.524405969381046,0.998,1.7033333333333334,2657.0,-0.0017407456566407,0.0063476861211757,0.6312175007817782,discharge
2.1744552434333846,-1.0056867406763328,15.530753655502224,0.998,1.7016,2658.0,-0.0017407456566402,0.0063476861211775,0.6310778220677954,discharge
2.1727144977767443,-1.005633309323115,15.5371013416234,0.998,1.6998666666666666,2659.0,-0.0017407456566402,0.0063476861211775,0.6309381507748338,discharge
2.1709737521201036,-1.0055798779698968,15.543449027744575,0.998,1.6981333333333333,2660.0,-0.0017407456566407,0.0063476861211757,0.6307984869028935,discharge
2.1692330064634633,-1.005526446616679,15.549796713865756,0.998,1.6964,2661.0,-0.0017407456566402,0.0063476861211775,0.6306588304519746,discharge
2.167492260806823,-1.0054730152634606,15.556144399986932,0.998,1.6946666666666663,2662.0,-0.0017407456566402,0.0063476861211775,0.630519181422077,discharge
2.1657515151501823,-1.0054195839102429,15.562492086108108,0.998,1.6929333333333332,2663.0,-0.0017407456566407,0.0063476861211757,0.6303795398132005,discharge
2.164010769493542,-1.0053661525570246,15.568839772229286,0.998,1.6912,2664.0,-0.0017407456566402,0.0063476861211775,0.6302399056253454,discharge
2.1622700238369017,-1.0053127212038064,15.575187458350465,0.998,1.689466666666667,2665.0,-0.0017407456566402,0.0063476861211775,0.6301002788585115,discharge
2.160529278180261,-1.0052592898505883,15.58153514447164,0.998,1.6877333333333333,2666.0,-0.0017407456566407,0.0063476861211757,0.629960659512699,discharge
2.1587885325236207,-1.0052058584973704,15.587882830592816,0.998,1.686,2667.0,-0.0017407456566402,0.0063476861211775,0.6298210475879076,discharge
2.157001094587575,-1.0051790811574377,15.601654687992834,0.998,1.6841333333333333,2668.0,-0.0017874379360458,0.0137718574000178,0.6296814393821912,discharge
2.1552136566515285,-1.0051523038175048,15.615426545392852,0.998,1.6822666666666666,2669.0,-0.0017874379360462,0.0137718574000178,0.6295418348955499,discharge
2.1534262187154827,-1.0051255264775718,15.62919840279287,0.998,1.6804,2670.0,-0.0017874379360458,0.0137718574000178,0.6294022341279837,discharge
2.1516387807794364,-1.005098749137639,15.642970260192888,0.998,1.6785333333333332,2671.0,-0.0017874379360462,0.0137718574000178,0.6292626370794923,discharge
2.1498513428433905,-1.005071971797706,15.656742117592906,0.998,1.6766666666666663,2672.0,-0.0017874379360458,0.0137718574000178,0.6291230437500759,discharge
2.1480639049073447,-1.0050451944577732,15.670513974992923,0.998,1.6747999999999998,2673.0,-0.0017874379360458,0.0137718574000178,0.6289834541397346,discharge
2.1462764669712984,-1.0050184171178405,15.68428583239294,0.998,1.6729333333333332,2674.0,-0.0017874379360462,0.0137718574000178,0.6288438682484683,discharge
2.1444890290352525,-1.0049916397779075,15.69805768979296,0.998,1.6710666666666667,2675.0,-0.0017874379360458,0.0137718574000196,0.6287042860762768,discharge
2.142701591099206,-1.0049648624379748,15.71182954719298,0.998,1.6692,2676.0,-0.0017874379360462,0.0137718574000178,0.6285647076231604,discharge
2.1409141531631604,-1.0049380850980418,15.725601404592997,0.998,1.6673333333333331,2677.0,-0.0017874379360458,0.0137718574000178,0.628425132889119,discharge
2.1391267152271145,-1.0049113077581089,15.739373261993014,0.998,1.6654666666666669,2678.0,-0.0017874379360458,0.0137718574000178,0.6282855618741527,discharge
2.137339277291068,-1.0048845304181762,15.753145119393032,0.998,1.6636,2679.0,-0.0017874379360462,0.0137718574000178,0.6281459945782613,discharge
2.1355518393550224,-1.0048577530782432,15.76691697679305,0.998,1.6617333333333333,2680.0,-0.0017874379360458,0.0137718574000178,0.6280064310014448,discharge
2.133764401418976,-1.0048309757383105,15.780688834193068,0.998,1.6598666666666666,2681.0,-0.0017874379360462,0.0137718574000178,0.6278668711437034,discharge
2.13197696348293,-1.0048041983983775,15.794460691593086,0.998,1.658,2682.0,-0.0017874379360458,0.0137718574000178,0.627727315005037,discharge
2.129993902165788,-1.0048111120889385,15.80837402563514,0.998,1.6560714285714284,2683.0,-0.001983061317142,0.0139133340420549,0.6275877579061357,discharge
2.128010840848646,-1.0048180257794992,15.822287359677194,0.998,1.6541428571428571,2684.0,-0.001983061317142,0.0139133340420531,0.6274481998469996,discharge
2.126027779531504,-1.00482493947006,15.836200693719247,0.998,1.6522142857142856,2685.0,-0.001983061317142,0.0139133340420549,0.6273086408276288,discharge
2.124044718214362,-1.004831853160621,15.850114027761302,0.998,1.650285714285714,2686.0,-0.001983061317142,0.0139133340420531,0.6271690808480233,discharge
2.1220616568972197,-1.0048387668511818,15.864027361803355,0.998,1.6483571428571429,2687.0,-0.001983061317142,0.0139133340420549,0.6270295199081828,discharge
2.1200785955800776,-1.0048456805417427,15.87794069584541,0.998,1.6464285714285714,2688.0,-0.001983061317142,0.0139133340420531,0.6268899580081075,discharge
2.1180955342629355,-1.0048525942323034,15.891854029887464,0.998,1.6445,2689.0,-0.001983061317142,0.0139133340420549,0.6267503951477975,discharge
2.116112472945793,-1.0048595079228644,15.90576736392952,0.998,1.6425714285714286,2690.0,-0.0019830613171425,0.0139133340420549,0.6266108313272526,discharge
2.114129411628651,-1.004866421613425,15.919680697971572,0.998,1.640642857142857,2691.0,-0.001983061317142,0.0139133340420531,0.6264712665464729,discharge
2.1121463503115088,-1.004873335303986,15.933594032013628,0.998,1.6387142857142858,2692.0,-0.001983061317142,0.0139133340420549,0.6263317008054585,discharge
2.1101632889943667,-1.004880248994547,15.947507366055682,0.998,1.6367857142857145,2693.0,-0.001983061317142,0.0139133340420531,0.6261921341042093,discharge
2.108180227677225,-1.004887162685108,15.961420700097737,0.998,1.6348571428571428,2694.0,-0.001983061317142,0.0139133340420549,0.6260525664427252,discharge
2.1061971663600825,-1.0048940763756686,15.97533403413979,0.998,1.6329285714285715,2695.0,-0.001983061317142,0.0139133340420531,0.6259129978210063,discharge
2.1042141050429404,-1.0049009900662296,15.989247368181845,0.998,1.631,2696.0,-0.001983061317142,0.0139133340420549,0.6257734282390527,discharge
2.1022855905547653,-1.004925935995875,15.993402967414148,0.998,1.629133333333333,2697.0,-0.0019285144881751,0.0041555992323019,0.6256338551923866,discharge
2.10035707606659,-1.0049508819255208,15.99755856664645,0.998,1.6272666666666666,2698.0,-0.0019285144881751,0.0041555992323036,0.625494278681008,discharge
2.098428561578415,-1.0049758278551664,16.001714165878752,0.998,1.6254,2699.0,-0.0019285144881751,0.0041555992323019,0.625354698704917,discharge
2.09650004709024,-1.005000773784812,16.005869765111054,0.998,1.6235333333333333,2700.0,-0.0019285144881751,0.0041555992323019,0.6252151152641137,discharge
2.094571532602065,-1.0050257197144576,16.010025364343356,0.998,1.6216666666666666,2701.0,-0.0019285144881751,0.0041555992323019,0.6250755283585977,discharge
2.0926430181138898,-1.0050506656441034,16.01418096357566,0.998,1.6198,2702.0,-0.0019285144881751,0.0041555992323054,0.6249359379883694,discharge
2.090714503625714,-1.005075611573749,16.018336562807963,0.998,1.6179333333333332,2703.0,-0.0019285144881751,0.0041555992323019,0.6247963441534286,discharge
2.0887859891375395,-1.0051005575033949,16.022492162040265,0.998,1.6160666666666668,2704.0,-0.0019285144881751,0.0041555992323019,0.6246567468537754,discharge
2.0868574746493644,-1.0051255034330402,16.026647761272567,0.998,1.6142,2705.0,-0.0019285144881751,0.0041555992323019,0.6245171460894097,discharge
2.0849289601611893,-1.005150449362686,16.03080336050487,0.998,1.6123333333333334,2706.0,-0.0019285144881751,0.0041555992323019,0.6243775418603315,discharge
2.0830004456730142,-1.0051753952923317,16.03495895973717,0.998,1.6104666666666667,2707.0,-0.0019285144881751,0.0041555992323019,0.6242379341665408,discharge
2.081071931184839,-1.0052003412219772,16.039114558969477,0.998,1.6086,2708.0,-0.0019285144881751,0.0041555992323054,0.6240983230080377,discharge
2.079143416696664,-1.0052252871516227,16.04327015820178,0.998,1.6067333333333331,2709.0,-0.0019285144881751,0.0041555992323019,0.6239587083848224,discharge
2.077214902208489,-1.0052502330812685,16.04742575743408,0.998,1.6048666666666669,2710.0,-0.0019285144881751,0.0041555992323019,0.6238190902968943,discharge
2.075286387720314,-1.005275179010914,16.051581356666382,0.998,1.603,2711.0,-0.0019285144881751,0.0041555992323019,0.623679468744254,discharge
2.073270918797724,-1.0052532479928782,16.065756832540874,0.998,1.601,2712.0,-0.0020154689225897,0.0141754758744916,0.6235398502375882,discharge
2.071255449875134,-1.0052313169748424,16.079932308415362,0.998,1.599,2713.0,-0.0020154689225901,0.014175475874488,0.6234002347768972,discharge
2.069239980952544,-1.0052093859568063,16.094107784289854,0.998,1.597,2714.0,-0.0020154689225897,0.0141754758744916,0.623260622362181,discharge
2.0672245120299544,-1.005187454938771,16.10828326016434,0.998,1.595,2715.0,-0.0020154689225897,0.014175475874488,0.6231210129934396,discharge
2.065209043107364,-1.005165523920735,16.122458736038833,0.998,1.593,2716.0,-0.0020154689225901,0.0141754758744916,0.6229814066706728,discharge
2.0631935741847744,-1.0051435929026993,16.136634211913325,0.998,1.591,2717.0,-0.0020154689225897,0.0141754758744916,0.6228418033938807,discharge
2.0611781052621847,-1.0051216618846637,16.150809687787813,0.998,1.589,2718.0,-0.0020154689225897,0.014175475874488,0.6227022031630635,discharge
2.0591626363395945,-1.0050997308666276,16.164985163662305,0.998,1.587,2719.0,-0.0020154689225901,0.0141754758744916,0.6225626059782209,discharge
2.0571471674170048,-1.0050777998485918,16.179160639536793,0.998,1.585,2720.0,-0.0020154689225897,0.014175475874488,0.622423011839353,discharge
2.055131698494415,-1.005055868830556,16.193336115411284,0.998,1.583,2721.0,-0.0020154689225897,0.0141754758744916,0.6222834207464599,discharge
2.053116229571825,-1.0050339378125202,16.207511591285776,0.998,1.581,2722.0,-0.0020154689225901,0.0141754758744916,0.6221438326995414,discharge
2.051100760649235,-1.0050120067944843,16.221687067160264,0.998,1.579,2723.0,-0.0020154689225897,0.014175475874488,0.6220042476985979,discharge
2.0490852917266453,-1.0049900757764487,16.235862543034756,0.998,1.577,2724.0,-0.0020154689225897,0.0141754758744916,0.6218646657436289,discharge
2.047069822804055,-1.004968144758413,16.250038018909244,0.998,1.575,2725.0,-0.0020154689225901,0.014175475874488,0.6217250868346347,discharge
2.0450543538814654,-1.004946213740377,16.264213494783736,0.998,1.573,2726.0,-0.0020154689225897,0.0141754758744916,0.6215855109716152,discharge
2.0430049546932234,-1.0049807866609757,16.27226915184202,0.998,1.5708666666666666,2727.0,-0.0020493991882419,0.0080556570582857,0.6214459303068012,discharge
2.0409555555049814,-1.0050153595815736,16.28032480890031,0.998,1.568733333333333,2728.0,-0.0020493991882419,0.0080556570582892,0.6213063448401925,discharge
2.038906156316739,-1.005049932502172,16.288380465958596,0.998,1.5666,2729.0,-0.0020493991882419,0.0080556570582857,0.6211667545717896,discharge
2.036856757128498,-1.0050845054227702,16.296436123016885,0.998,1.564466666666667,2730.0,-0.0020493991882415,0.0080556570582892,0.6210271595015919,discharge
2.034807357940256,-1.0051190783433686,16.30449178007517,0.998,1.5623333333333334,2731.0,-0.0020493991882419,0.0080556570582857,0.6208875596295997,discharge
2.032757958752014,-1.005153651263967,16.31254743713346,0.998,1.5602,2732.0,-0.0020493991882419,0.0080556570582892,0.6207479549558131,discharge
2.030708559563772,-1.005188224184565,16.320603094191746,0.998,1.5580666666666667,2733.0,-0.0020493991882419,0.0080556570582857,0.620608345480232,discharge
2.02865916037553,-1.0052227971051635,16.328658751250035,0.998,1.5559333333333332,2734.0,-0.0020493991882419,0.0080556570582892,0.6204687312028563,discharge
2.026609761187288,-1.0052573700257617,16.33671440830832,0.998,1.5537999999999998,2735.0,-0.0020493991882419,0.0080556570582857,0.620329112123686,discharge
2.024560361999046,-1.00529194294636,16.34477006536661,0.998,1.5516666666666663,2736.0,-0.0020493991882419,0.0080556570582892,0.6201894882427212,discharge
2.022510962810804,-1.0053265158669584,16.352825722424896,0.998,1.5495333333333332,2737.0,-0.0020493991882419,0.0080556570582857,0.620049859559962,discharge
2.0204615636225625,-1.0053610887875566,16.360881379483185,0.998,1.5474,2738.0,-0.0020493991882415,0.0080556570582892,0.6199102260754081,discharge
2.0184121644343205,-1.005395661708155,16.36893703654147,0.998,1.5452666666666666,2739.0,-0.0020493991882419,0.0080556570582857,0.6197705877890598,discharge
2.0163627652460785,-1.0054302346287531,16.37699269359976,0.998,1.5431333333333332,2740.0,-0.0020493991882419,0.0080556570582892,0.6196309447009168,discharge
2.0143133660578365,-1.0054648075493515,16.385048350658046,0.998,1.541,2741.0,-0.0020493991882419,0.0080556570582857,0.6194912968109794,discharge
2.012179137659085,-1.0053966280138131,16.390893101528118,0.998,1.539,2742.0,-0.0021342283987513,0.0058447508700716,0.6193516583904219,discharge
2.0100449092603343,-1.0053284484782743,16.39673785239819,0.998,1.537,2743.0,-0.0021342283987508,0.0058447508700716,0.6192120294392444,discharge
2.007910680861583,-1.005260268942736,16.40258260326826,0.998,1.535,2744.0,-0.0021342283987513,0.0058447508700716,0.6190724099574467,discharge
2.005776452462832,-1.0051920894071975,16.408427354138333,0.998,1.533,2745.0,-0.0021342283987508,0.0058447508700716,0.6189327999450291,discharge
2.0036422240640808,-1.0051239098716591,16.414272105008404,0.998,1.531,2746.0,-0.0021342283987513,0.0058447508700716,0.6187931994019914,discharge
2.0015079956653294,-1.0050557303361205,16.420116855878476,0.998,1.529,2747.0,-0.0021342283987513,0.0058447508700716,0.6186536083283336,discharge
1.9993737672665783,-1.004987550800582,16.425961606748547,0.998,1.527,2748.0,-0.0021342283987508,0.0058447508700716,0.6185140267240556,discharge
1.9972395388678272,-1.0049193712650435,16.431806357618616,0.998,1.525,2749.0,-0.0021342283987513,0.005844750870068,0.6183744545891577,discharge
1.995105310469076,-1.004851191729505,16.437651108488687,0.998,1.523,2750.0,-0.0021342283987511,0.0058447508700716,0.6182348919236398,discharge
1.992971082070325,-1.0047830121939665,16.44349585935876,0.998,1.521,2751.0,-0.0021342283987511,0.0058447508700716,0.6180953387275018,discharge
1.990836853671574,-1.004714832658428,16.44934061022883,0.998,1.519,2752.0,-0.0021342283987511,0.0058447508700716,0.6179557950007437,discharge
1.9887026252728228,-1.0046466531228897,16.455185361098902,0.998,1.517,2753.0,-0.0021342283987511,0.0058447508700716,0.6178162607433655,discharge
1.9865683968740715,-1.004578473587351,16.461030111968974,0.998,1.515,2754.0,-0.0021342283987513,0.0058447508700716,0.6176767359553672,discharge
1.9844341684753204,-1.0045102940518125,16.466874862839045,0.998,1.513,2755.0,-0.0021342283987511,0.0058447508700716,0.6175372206367489,discharge
1.9822999400765693,-1.004442114516274,16.472719613709117,0.998,1.511,2756.0,-0.0021342283987511,0.0058447508700716,0.6173977147875105,discharge
2.0416623906912195,-0.9374949953888364,16.465821233596962,0.9314933333333332,1.4102666666666666,2757.0,0.0593624506146501,-0.0068983801121547,0.617267507149262,discharge
2.101024841305869,-0.870547876261399,16.458922853484808,0.8649866666666667,1.3095333333333332,2758.0,0.0593624506146497,-0.0068983801121547,0.6171465977220035,discharge
2.1603872919205194,-0.8036007571339615,16.452024473372653,0.79848,1.2088,2759.0,0.0593624506146501,-0.0068983801121547,0.617034986505735,discharge
2.2197497425351695,-0.736653638006524,16.445126093260495,0.7319733333333334,1.1080666666666663,2760.0,0.0593624506146501,-0.0068983801121582,0.6169326735004562,discharge
2.2791121931498193,-0.6697065188790864,16.43822771314834,0.6654666666666667,1.0073333333333332,2761.0,0.0593624506146497,-0.0068983801121547,0.6168396587061675,discharge
2.3384746437644695,-0.6027593997516489,16.431329333036185,0.5989599999999999,0.9066,2762.0,0.0593624506146501,-0.0068983801121547,0.6167559421228687,discharge
2.3978370943791196,-0.5358122806242114,16.42443095292403,0.5324533333333333,0.8058666666666666,2763.0,0.0593624506146501,-0.0068983801121547,0.6166815237505597,discharge
2.45719954499377,-0.4688651614967738,16.417532572811876,0.4659466666666666,0.7051333333333333,2764.0,0.0593624506146497,-0.0068983801121547,0.6166164035892407,discharge
2.5165619956084195,-0.4019180423693362,16.41063419269972,0.3994399999999999,0.6043999999999999,2765.0,0.0593624506146501,-0.0068983801121547,0.6165605816389117,discharge
2.5759244462230697,-0.3349709232418987,16.403735812587566,0.3329333333333333,0.5036666666666666,2766.0,0.0593624506146501,-0.0068983801121547,0.6165140578995725,discharge
2.635286896837719,-0.2680238041144612,16.39683743247541,0.2664266666666666,0.4029333333333333,2767.0,0.0593624506146497,-0.0068983801121547,0.6164768323712233,discharge
2.6946493474523696,-0.2010766849870237,16.389939052363253,0.1999199999999999,0.3021999999999999,2768.0,0.0593624506146501,-0.0068983801121582,0.616448905053864,discharge
2.75401179806702,-0.1341295658595861,16.3830406722511,0.1334133333333332,0.2014666666666666,2769.0,0.0593624506146501,-0.0068983801121547,0.6164302759474946,discharge
2.8133742486816695,-0.0671824467321486,16.376142292138944,0.0669066666666665,0.1007333333333333,2770.0,0.0593624506146497,-0.0068983801121547,0.6164209450521151,discharge
2.8727366992963197,-0.0002353276047111,16.36924391202679,0.0004,0.0,2771.0,0.0593624506146501,-0.0068983801121547,0.6164209123677256,discharge
2.8925706198957117,-0.0002416831003086,16.330694547339004,0.0004,0.0,2772.0,0.019833920599392,-0.0385493646877854,0.6164208788006282,discharge
2.9124045404951033,-0.0002480385959062,16.292145182651222,0.0004,0.0,2773.0,0.0198339205993915,-0.0385493646877819,0.6164208443508232,discharge
2.9322384610944954,-0.0002543940915037,16.253595817963436,0.0004,0.0,2774.0,0.019833920599392,-0.0385493646877854,0.6164208090183106,discharge
2.9520723816938874,-0.0002607495871013,16.215046453275654,0.0004,0.0,2775.0,0.019833920599392,-0.0385493646877819,0.6164207728030902,discharge
2.971906302293279,-0.0002671050826989,16.17649708858787,0.0004,0.0,2776.0,0.0198339205993915,-0.0385493646877854,0.616420735705162,discharge
2.991740222892671,-0.0002734605782964,16.137947723900083,0.0004,0.0,2777.0,0.019833920599392,-0.0385493646877854,0.6164206977245261,discharge
3.011574143492063,-0.000279816073894,16.0993983592123,0.0004,0.0,2778.0,0.019833920599392,-0.0385493646877819,0.6164206588611825,discharge
3.0314080640914547,-0.0002861715694915,16.060848994524516,0.0004,0.0,2779.0,0.0198339205993915,-0.0385493646877854,0.6164206191151312,discharge
3.0512419846908467,-0.0002925270650891,16.022299629836734,0.0004,0.0,2780.0,0.019833920599392,-0.0385493646877819,0.6164205784863722,discharge
3.0710759052902388,-0.0002988825606867,15.983750265148949,0.0004,0.0,2781.0,0.019833920599392,-0.0385493646877854,0.6164205369749054,discharge
3.0909098258896304,-0.0003052380562842,15.945200900461163,0.0004,0.0,2782.0,0.0198339205993915,-0.0385493646877836,0.616420494580731,discharge
3.1107437464890224,-0.0003115935518818,15.90665153577338,0.0004,0.0,2783.0,0.019833920599392,-0.0385493646877836,0.6164204513038487,discharge
3.1305776670884145,-0.0003179490474793,15.868102171085596,0.0004,0.0,2784.0,0.019833920599392,-0.0385493646877854,0.6164204071442588,discharge
3.150411587687806,-0.0003243045430769,15.829552806397812,0.0004,0.0,2785.0,0.0198339205993915,-0.0385493646877836,0.6164203621019612,discharge
3.170245508287198,-0.0003306600386745,15.791003441710028,0.0004,0.0,2786.0,0.019833920599392,-0.0385493646877836,0.6164203161769558,discharge
3.176801266967695,-0.0003252497389085,15.765658925009914,0.0004,0.0,2787.0,0.0065557586804967,-0.0253445167001142,0.6164202710033809,discharge
3.183357025648192,-0.0003198394391425,15.7403144083098,0.0004,0.0,2788.0,0.0065557586804971,-0.0253445167001142,0.6164202265812366,discharge
3.1899127843286887,-0.0003144291393765,15.714969891609684,0.0004,0.0,2789.0,0.0065557586804967,-0.025344516700116,0.6164201829105227,discharge
3.196468543009186,-0.0003090188396105,15.68962537490957,0.0004,0.0,2790.0,0.0065557586804971,-0.0253445167001142,0.6164201399912395,discharge
3.2030243016896827,-0.0003036085398445,15.664280858209455,0.0004,0.0,2791.0,0.0065557586804967,-0.0253445167001142,0.6164200978233867,discharge
3.2095800603701794,-0.0002981982400785,15.63893634150934,0.0004,0.0,2792.0,0.0065557586804967,-0.0253445167001142,0.6164200564069644,discharge
3.2161358190506766,-0.0002927879403125,15.613591824809228,0.0004,0.0,2793.0,0.0065557586804971,-0.0253445167001142,0.6164200157419727,discharge
3.2226915777311733,-0.0002873776405466,15.58824730810911,0.0004,0.0,2794.0,0.0065557586804967,-0.025344516700116,0.6164199758284115,discharge
3.2292473364116705,-0.0002819673407806,15.562902791408996,0.0004,0.0,2795.0,0.0065557586804971,-0.0253445167001142,0.6164199366662808,discharge
3.2358030950921672,-0.0002765570410146,15.537558274708882,0.0004,0.0,2796.0,0.0065557586804967,-0.0253445167001142,0.6164198982555806,discharge
3.242358853772664,-0.0002711467412486,15.512213758008768,0.0004,0.0,2797.0,0.0065557586804967,-0.0253445167001142,0.616419860596311,discharge
3.248914612453161,-0.0002657364414826,15.486869241308652,0.0004,0.0,2798.0,0.0065557586804971,-0.0253445167001142,0.6164198236884719,discharge
3.255470371133658,-0.0002603261417166,15.461524724608536,0.0004,0.0,2799.0,0.0065557586804967,-0.025344516700116,0.6164197875320634,discharge
3.262026129814155,-0.0002549158419506,15.436180207908423,0.0004,0.0,2800.0,0.0065557586804971,-0.0253445167001142,0.6164197521270852,discharge
3.268581888494652,-0.0002495055421847,15.410835691208309,0.0004,0.0,2801.0,0.0065557586804967,-0.0253445167001142,0.6164197174735377,discharge
3.272681771438126,-0.0003018909816545,15.381996474348416,0.0003866666666666,0.0,2802.0,0.0040998829434744,-0.0288392168598914,0.6164196755442347,discharge
3.2767816543816006,-0.0003542764211243,15.353157257488526,0.0003733333333333,0.0,2803.0,0.0040998829434744,-0.0288392168598914,0.6164196263391761,discharge
3.280881537325075,-0.0004066618605941,15.324318040628633,0.00036,0.0,2804.0,0.0040998829434744,-0.0288392168598932,0.6164195698583622,discharge
3.2849814202685494,-0.000459047300064,15.29547882376874,0.0003466666666666,0.0,2805.0,0.0040998829434744,-0.0288392168598914,0.6164195061017927,discharge
3.289081303212024,-0.0005114327395338,15.26663960690885,0.0003333333333333,0.0,2806.0,0.0040998829434744,-0.0288392168598914,0.6164194350694678,discharge
3.2931811861554983,-0.0005638181790037,15.237800390048958,0.00032,0.0,2807.0,0.0040998829434744,-0.0288392168598914,0.6164193567613874,discharge
3.2972810690989727,-0.0006162036184735,15.208961173189069,0.0003066666666666,0.0,2808.0,0.0040998829434744,-0.0288392168598914,0.6164192711775516,discharge
3.301380952042447,-0.0006685890579433,15.180121956329174,0.0002933333333333,0.0,2809.0,0.0040998829434744,-0.0288392168598932,0.6164191783179601,discharge
3.3054808349859215,-0.0007209744974131,15.151282739469282,0.00028,0.0,2810.0,0.0040998829434744,-0.0288392168598914,0.6164190781826133,discharge
3.309580717929396,-0.000773359936883,15.122443522609393,0.0002666666666666,0.0,2811.0,0.0040998829434744,-0.0288392168598914,0.6164189707715109,discharge
3.3136806008728703,-0.0008257453763528,15.0936043057495,0.0002533333333333,0.0,2812.0,0.0040998829434744,-0.0288392168598914,0.6164188560846531,discharge
3.3177804838163447,-0.0008781308158227,15.064765088889608,0.00024,0.0,2813.0,0.0040998829434744,-0.0288392168598914,0.6164187341220397,discharge
3.321880366759819,-0.0009305162552925,15.035925872029717,0.0002266666666666,0.0,2814.0,0.0040998829434744,-0.0288392168598932,0.6164186048836711,discharge
3.3259802497032935,-0.0009829016947623,15.007086655169823,0.0002133333333333,0.0,2815.0,0.0040998829434744,-0.0288392168598914,0.6164184683695467,discharge
3.330080132646768,-0.0010352871342322,14.978247438309932,0.0002,0.0,2816.0,0.0040998829434744,-0.0288392168598914,0.616418324579667,discharge
3.3330831718708716,-0.001022766963832,14.956492152227396,0.0002133333333333,0.0,2817.0,0.0030030392241036,-0.021755286082536,0.6164181825286998,discharge
3.336086211094975,-0.0010102467934318,14.934736866144862,0.0002266666666666,0.0,2818.0,0.0030030392241036,-0.0217552860825342,0.6164180422166452,discharge
3.3390892503190783,-0.0009977266230317,14.912981580062326,0.00024,0.0,2819.0,0.0030030392241031,-0.021755286082536,0.6164179036435031,discharge
3.342092289543182,-0.0009852064526315,14.891226293979791,0.0002533333333333,0.0,2820.0,0.0030030392241036,-0.0217552860825342,0.6164177668092735,discharge
3.3450953287672855,-0.0009726862822314,14.869471007897255,0.0002666666666666,0.0,2821.0,0.0030030392241036,-0.021755286082536,0.6164176317139565,discharge
3.348098367991389,-0.0009601661118312,14.84771572181472,0.00028,0.0,2822.0,0.0030030392241036,-0.0217552860825342,0.6164174983575521,discharge
3.3511014072154928,-0.000947645941431,14.825960435732185,0.0002933333333333,0.0,2823.0,0.0030030392241036,-0.021755286082536,0.6164173667400603,discharge
3.354104446439596,-0.0009351257710309,14.80420514964965,0.0003066666666666,0.0,2824.0,0.0030030392241031,-0.0217552860825342,0.616417236861481,discharge
3.3571074856636995,-0.0009226056006307,14.782449863567114,0.00032,0.0,2825.0,0.0030030392241036,-0.021755286082536,0.6164171087218142,discharge
3.360110524887803,-0.0009100854302306,14.76069457748458,0.0003333333333333,0.0,2826.0,0.0030030392241036,-0.0217552860825342,0.6164169823210601,discharge
3.3631135641119068,-0.0008975652598304,14.738939291402044,0.0003466666666666,0.0,2827.0,0.0030030392241036,-0.021755286082536,0.6164168576592184,discharge
3.3661166033360104,-0.0008850450894302,14.71718400531951,0.00036,0.0,2828.0,0.0030030392241036,-0.0217552860825342,0.6164167347362892,discharge
3.3691196425601135,-0.0008725249190301,14.695428719236974,0.0003733333333333,0.0,2829.0,0.0030030392241031,-0.021755286082536,0.6164166135522727,discharge
3.372122681784217,-0.0008600047486299,14.67367343315444,0.0003866666666666,0.0,2830.0,0.0030030392241036,-0.0217552860825342,0.6164164941071688,discharge
3.3751257210083208,-0.0008474845782298,14.651918147071903,0.0004,0.0,2831.0,0.0030030392241036,-0.021755286082536,0.6164163764009774,discharge
3.3774505655408436,-0.0008047887380097,14.619286652439676,0.0004,0.0,2832.0,0.0023248445325227,-0.032631494632227,0.6164162646247637,discharge
3.379775410073367,-0.0007620928977897,14.586655157807447,0.0004,0.0,2833.0,0.0023248445325232,-0.0326314946322288,0.616416158778528,discharge
3.3821002546058896,-0.0007193970575697,14.55402366317522,0.0004,0.0,2834.0,0.0023248445325227,-0.032631494632227,0.6164160588622699,discharge
3.384425099138413,-0.0006767012173496,14.521392168542992,0.0004,0.0,2835.0,0.0023248445325232,-0.0326314946322288,0.6164159648759897,discharge
3.3867499436709356,-0.0006340053771296,14.488760673910765,0.0004,0.0,2836.0,0.0023248445325227,-0.032631494632227,0.6164158768196875,discharge
3.389074788203459,-0.0005913095369095,14.456129179278538,0.0004,0.0,2837.0,0.0023248445325232,-0.032631494632227,0.6164157946933628,discharge
3.3913996327359817,-0.0005486136966895,14.423497684646309,0.0004,0.0,2838.0,0.0023248445325227,-0.0326314946322288,0.616415718497016,discharge
3.393724477268505,-0.0005059178564695,14.390866190014082,0.0004,0.0,2839.0,0.0023248445325232,-0.032631494632227,0.6164156482306471,discharge
3.3960493218010277,-0.0004632220162494,14.358234695381851,0.0004,0.0,2840.0,0.0023248445325227,-0.0326314946322288,0.616415583894256,discharge
3.398374166333551,-0.0004205261760294,14.325603200749626,0.0004,0.0,2841.0,0.0023248445325232,-0.032631494632227,0.6164155254878426,discharge
3.4006990108660737,-0.0003778303358094,14.2929717061174,0.0004,0.0,2842.0,0.0023248445325227,-0.032631494632227,0.6164154730114071,discharge
3.403023855398597,-0.0003351344955894,14.26034021148517,0.0004,0.0,2843.0,0.0023248445325232,-0.0326314946322288,0.6164154264649493,discharge
3.40534869993112,-0.0002924386553693,14.227708716852945,0.0004,0.0,2844.0,0.0023248445325227,-0.032631494632227,0.6164153858484694,discharge
3.407673544463643,-0.0002497428151493,14.195077222220714,0.0004,0.0,2845.0,0.0023248445325232,-0.0326314946322288,0.6164153511619673,discharge
3.409998388996166,-0.0002070469749293,14.162445727588487,0.0004,0.0,2846.0,0.0023248445325227,-0.032631494632227,0.6164153224054431,discharge
3.4119076030733426,-0.0002134658792562,14.142786374932356,0.0004,0.0,2847.0,0.0019092140771768,-0.0196593526561326,0.6164152927574043,discharge
3.413816817150519,-0.0002198847835832,14.123127022276222,0.0004,0.0,2848.0,0.0019092140771768,-0.0196593526561326,0.6164152622178509,discharge
3.415726031227696,-0.0002263036879101,14.103467669620091,0.0004,0.0,2849.0,0.0019092140771768,-0.0196593526561308,0.6164152307867832,discharge
3.417635245304873,-0.0002327225922371,14.08380831696396,0.0004,0.0,2850.0,0.0019092140771768,-0.0196593526561326,0.6164151984642009,discharge
3.41954445938205,-0.000239141496564,14.064148964307826,0.0004,0.0,2851.0,0.0019092140771768,-0.0196593526561326,0.6164151652501042,discharge
3.4214536734592267,-0.000245560400891,14.044489611651692,0.0004,0.0,2852.0,0.0019092140771768,-0.0196593526561326,0.616415131144493,discharge
3.4233628875364035,-0.0002519793052179,14.02483025899556,0.0004,0.0,2853.0,0.0019092140771768,-0.0196593526561326,0.6164150961473673,discharge
3.4252721016135808,-0.0002583982095449,14.00517090633943,0.0004,0.0,2854.0,0.0019092140771772,-0.0196593526561308,0.616415060258727,discharge
3.4271813156907576,-0.0002648171138718,13.985511553683295,0.0004,0.0,2855.0,0.0019092140771768,-0.0196593526561326,0.6164150234785724,discharge
3.4290905297679344,-0.0002712360181988,13.965852201027165,0.0004,0.0,2856.0,0.0019092140771768,-0.0196593526561326,0.6164149858069031,discharge
3.430999743845111,-0.0002776549225257,13.946192848371032,0.0004,0.0,2857.0,0.0019092140771768,-0.0196593526561326,0.6164149472437195,discharge
3.432908957922288,-0.0002840738268527,13.9265334957149,0.0004,0.0,2858.0,0.0019092140771768,-0.0196593526561326,0.6164149077890212,discharge
3.434818171999465,-0.0002904927311796,13.906874143058769,0.0004,0.0,2859.0,0.0019092140771768,-0.0196593526561308,0.6164148674428086,discharge
3.4367273860766416,-0.0002969116355066,13.887214790402636,0.0004,0.0,2860.0,0.0019092140771768,-0.0196593526561326,0.6164148262050815,discharge
3.4386366001538184,-0.0003033305398336,13.867555437746503,0.0004,0.0,2861.0,0.0019092140771768,-0.0196593526561326,0.6164147840758398,discharge
3.4402345119825455,-0.0003198532097801,13.844022679478842,0.0004,0.0,2862.0,0.001597911828727,-0.0235327582676614,0.616414739651783,discharge
3.441832423811272,-0.0003363758797267,13.82048992121118,0.0004,0.0,2863.0,0.0015979118287265,-0.0235327582676614,0.6164146929329106,discharge
3.443430335639999,-0.0003528985496732,13.796957162943515,0.0004,0.0,2864.0,0.001597911828727,-0.0235327582676632,0.6164146439192233,discharge
3.445028247468726,-0.0003694212196198,13.773424404675856,0.0004,0.0,2865.0,0.001597911828727,-0.0235327582676614,0.6164145926107205,discharge
3.4466261592974528,-0.0003859438895664,13.749891646408194,0.0004,0.0,2866.0,0.0015979118287265,-0.0235327582676614,0.6164145390074025,discharge
3.44822407112618,-0.0004024665595129,13.726358888140531,0.0004,0.0,2867.0,0.001597911828727,-0.0235327582676614,0.6164144831092693,discharge
3.449821982954907,-0.0004189892294595,13.702826129872872,0.0004,0.0,2868.0,0.001597911828727,-0.0235327582676614,0.6164144249163208,discharge
3.4514198947836334,-0.000435511899406,13.679293371605208,0.0004,0.0,2869.0,0.0015979118287265,-0.0235327582676632,0.6164143644285569,discharge
3.4530178066123605,-0.0004520345693526,13.655760613337549,0.0004,0.0,2870.0,0.001597911828727,-0.0235327582676614,0.6164143016459779,discharge
3.4546157184410875,-0.0004685572392992,13.632227855069884,0.0004,0.0,2871.0,0.001597911828727,-0.0235327582676614,0.6164142365685835,discharge
3.456213630269814,-0.0004850799092457,13.608695096802224,0.0004,0.0,2872.0,0.0015979118287265,-0.0235327582676614,0.6164141691963739,discharge
3.457811542098541,-0.0005016025791923,13.585162338534564,0.0004,0.0,2873.0,0.001597911828727,-0.0235327582676614,0.616414099529349,discharge
3.459409453927268,-0.0005181252491388,13.5616295802669,0.0004,0.0,2874.0,0.001597911828727,-0.0235327582676632,0.6164140275675088,discharge
3.4610073657559948,-0.0005346479190854,13.538096821999238,0.0004,0.0,2875.0,0.0015979118287265,-0.0235327582676614,0.6164139533108535,discharge
3.462605277584722,-0.000551170589032,13.514564063731576,0.0004,0.0,2876.0,0.001597911828727,-0.0235327582676614,0.6164138767593828,discharge
3.463980978565298,-0.0005257653056223,13.488316054842022,0.0004,0.0,2877.0,0.0013757009805761,-0.0262480088895546,0.6164138037364236,discharge
3.465356679545874,-0.0005003600222127,13.462068045952469,0.0004,0.0,2878.0,0.0013757009805761,-0.0262480088895546,0.6164137342419761,discharge
3.4667323805264503,-0.000474954738803,13.435820037062912,0.0004,0.0,2879.0,0.0013757009805761,-0.0262480088895546,0.6164136682760402,discharge
3.468108081507027,-0.0004495494553934,13.40957202817336,0.0004,0.0,2880.0,0.0013757009805765,-0.0262480088895529,0.6164136058386158,discharge
3.469483782487603,-0.0004241441719837,13.383324019283805,0.0004,0.0,2881.0,0.0013757009805761,-0.0262480088895546,0.616413546929703,discharge
3.470859483468179,-0.0003987388885741,13.35707601039425,0.0004,0.0,2882.0,0.0013757009805761,-0.0262480088895546,0.6164134915493018,discharge
3.4722351844487553,-0.0003733336051644,13.330828001504695,0.0004,0.0,2883.0,0.0013757009805761,-0.0262480088895546,0.6164134396974121,discharge
3.4736108854293315,-0.0003479283217548,13.30457999261514,0.0004,0.0,2884.0,0.0013757009805761,-0.0262480088895546,0.6164133913740342,discharge
3.4749865864099077,-0.0003225230383451,13.278331983725586,0.0004,0.0,2885.0,0.0013757009805761,-0.0262480088895546,0.6164133465791677,discharge
3.476362287390484,-0.0002971177549355,13.252083974836031,0.0004,0.0,2886.0,0.0013757009805761,-0.0262480088895546,0.6164133053128128,discharge
3.47773798837106,-0.0002717124715258,13.225835965946477,0.0004,0.0,2887.0,0.0013757009805761,-0.0262480088895546,0.6164132675749695,discharge
3.479113689351637,-0.0002463071881162,13.199587957056924,0.0004,0.0,2888.0,0.0013757009805765,-0.0262480088895529,0.6164132333656378,discharge
3.4804893903322127,-0.0002209019047065,13.173339948167367,0.0004,0.0,2889.0,0.0013757009805761,-0.0262480088895546,0.6164132026848177,discharge
3.481865091312789,-0.0001954966212969,13.147091939277814,0.0004,0.0,2890.0,0.0013757009805761,-0.0262480088895546,0.6164131755325092,discharge
3.483240792293365,-0.0001700913378873,13.12084393038826,0.0004,0.0,2891.0,0.0013757009805761,-0.0262480088895546,0.6164131519087122,discharge
3.4844323138139934,-0.0001947814052541,13.10184760223358,0.0004,0.0,2892.0,0.0011915215206284,-0.0189963281546798,0.6164131248557392,discharge
3.485623835334622,-0.000219471472621,13.0828512740789,0.0004,0.0,2893.0,0.0011915215206284,-0.0189963281546798,0.6164130943735903,discharge
3.4868153568552502,-0.0002441615399879,13.06385494592422,0.0004,0.0,2894.0,0.0011915215206284,-0.0189963281546798,0.6164130604622653,discharge
3.488006878375879,-0.0002688516073547,13.044858617769542,0.0004,0.0,2895.0,0.0011915215206288,-0.0189963281546781,0.6164130231217642,discharge
3.4891983998965075,-0.0002935416747216,13.025862289614862,0.0004,0.0,2896.0,0.0011915215206284,-0.0189963281546798,0.6164129823520872,discharge
3.490389921417136,-0.0003182317420885,13.006865961460182,0.0004,0.0,2897.0,0.0011915215206284,-0.0189963281546798,0.6164129381532342,discharge
3.4915814429377643,-0.0003429218094553,12.987869633305502,0.0004,0.0,2898.0,0.0011915215206284,-0.0189963281546798,0.616412890525205,discharge
3.4927729644583927,-0.0003676118768222,12.968873305150822,0.0004,0.0,2899.0,0.0011915215206284,-0.0189963281546798,0.616412839468,discharge
3.493964485979021,-0.0003923019441891,12.949876976996142,0.0004,0.0,2900.0,0.0011915215206284,-0.0189963281546798,0.6164127849816188,discharge
3.4951560074996495,-0.0004169920115559,12.930880648841462,0.0004,0.0,2901.0,0.0011915215206284,-0.0189963281546798,0.6164127270660615,discharge
3.496347529020278,-0.0004416820789228,12.911884320686784,0.0004,0.0,2902.0,0.0011915215206284,-0.0189963281546798,0.6164126657213285,discharge
3.4975390505409067,-0.0004663721462897,12.892887992532104,0.0004,0.0,2903.0,0.0011915215206288,-0.0189963281546781,0.6164126009474192,discharge
3.498730572061535,-0.0004910622136565,12.873891664377425,0.0004,0.0,2904.0,0.0011915215206284,-0.0189963281546798,0.6164125327443339,discharge
3.4999220935821636,-0.0005157522810234,12.854895336222745,0.0004,0.0,2905.0,0.0011915215206284,-0.0189963281546798,0.6164124611120727,discharge
3.501113615102792,-0.0005404423483903,12.835899008068065,0.0004,0.0,2906.0,0.0011915215206284,-0.0189963281546798,0.6164123860506355,discharge
3.502156165323948,-0.0005492441176827,12.82962256026342,0.0004,0.0,2907.0,0.0010425502211561,-0.0062764478046446,0.6164123097667302,discharge
3.5031987155451043,-0.0005580458869752,12.823346112458776,0.0004,0.0,2908.0,0.0010425502211561,-0.0062764478046446,0.6164122322603571,discharge
3.504241265766261,-0.0005668476562677,12.817069664654133,0.0004,0.0,2909.0,0.0010425502211566,-0.0062764478046428,0.6164121535315159,discharge
3.505283815987417,-0.0005756494255602,12.810793216849488,0.0004,0.0,2910.0,0.0010425502211561,-0.0062764478046446,0.6164120735802068,discharge
3.5063263662085733,-0.0005844511948527,12.804516769044843,0.0004,0.0,2911.0,0.0010425502211561,-0.0062764478046446,0.6164119924064297,discharge
3.5073689164297295,-0.0005932529641452,12.7982403212402,0.0004,0.0,2912.0,0.0010425502211561,-0.0062764478046446,0.6164119100101848,discharge
3.5084114666508857,-0.0006020547334377,12.791963873435554,0.0004,0.0,2913.0,0.0010425502211561,-0.0062764478046446,0.6164118263914717,discharge
3.5094540168720423,-0.0006108565027302,12.785687425630911,0.0004,0.0,2914.0,0.0010425502211566,-0.0062764478046428,0.6164117415502908,discharge
3.5104965670931985,-0.0006196582720227,12.779410977826268,0.0004,0.0,2915.0,0.0010425502211561,-0.0062764478046446,0.6164116554866419,discharge
3.511539117314354,-0.0006284600413152,12.773134530021622,0.0004,0.0,2916.0,0.0010425502211561,-0.0062764478046446,0.6164115682005251,discharge
3.512581667535511,-0.0006372618106077,12.766858082216975,0.0004,0.0,2917.0,0.0010425502211561,-0.0062764478046446,0.6164114796919403,discharge
3.513624217756667,-0.0006460635799002,12.760581634412333,0.0004,0.0,2918.0,0.0010425502211561,-0.0062764478046446,0.6164113899608875,discharge
3.5146667679778236,-0.0006548653491927,12.75430518660769,0.0004,0.0,2919.0,0.0010425502211566,-0.0062764478046428,0.6164112990073668,discharge
3.51570931819898,-0.0006636671184852,12.748028738803043,0.0004,0.0,2920.0,0.0010425502211561,-0.0062764478046446,0.6164112068313782,discharge
3.516751868420136,-0.0006724688877777,12.7417522909984,0.0004,0.0,2921.0,0.0010425502211561,-0.0062764478046446,0.6164111134329215,discharge
3.5176144770493907,-0.0006983935266258,12.7352585851705,0.0004,0.0,2922.0,0.0008626086292546,-0.0064937058279017,0.6164110164338206,discharge
3.518477085678645,-0.0007243181654739,12.728764879342595,0.0004,0.0,2923.0,0.0008626086292542,-0.0064937058279017,0.6164109158340754,discharge
3.5193396943078996,-0.000750242804322,12.722271173514695,0.0004,0.0,2924.0,0.0008626086292546,-0.0064937058279017,0.6164108116336859,discharge
3.520202302937154,-0.0007761674431702,12.715777467686792,0.0004,0.0,2925.0,0.0008626086292542,-0.0064937058279017,0.6164107038326521,discharge
3.521064911566409,-0.0008020920820183,12.709283761858892,0.0004,0.0,2926.0,0.0008626086292546,-0.0064937058279017,0.6164105924309741,discharge
3.5219275201956632,-0.0008280167208664,12.70279005603099,0.0004,0.0,2927.0,0.0008626086292546,-0.0064937058279017,0.6164104774286517,discharge
3.5227901288249175,-0.0008539413597145,12.696296350203088,0.0004,0.0,2928.0,0.0008626086292542,-0.0064937058279017,0.6164103588256851,discharge
3.523652737454172,-0.0008798659985627,12.689802644375185,0.0004,0.0,2929.0,0.0008626086292546,-0.0064937058279035,0.6164102366220742,discharge
3.524515346083427,-0.0009057906374108,12.683308938547285,0.0004,0.0,2930.0,0.0008626086292546,-0.0064937058279017,0.616410110817819,discharge
3.525377954712681,-0.0009317152762589,12.67681523271938,0.0004,0.0,2931.0,0.0008626086292542,-0.0064937058279017,0.6164099814129196,discharge
3.526240563341936,-0.000957639915107,12.67032152689148,0.0004,0.0,2932.0,0.0008626086292546,-0.0064937058279017,0.6164098484073757,discharge
3.5271031719711905,-0.0009835645539552,12.663827821063578,0.0004,0.0,2933.0,0.0008626086292546,-0.0064937058279017,0.6164097118011878,discharge
3.5279657806004447,-0.0010094891928033,12.657334115235676,0.0004,0.0,2934.0,0.0008626086292542,-0.0064937058279017,0.6164095715943554,discharge
3.528828389229699,-0.0010354138316514,12.650840409407774,0.0004,0.0,2935.0,0.0008626086292546,-0.0064937058279017,0.6164094277868788,discharge
3.5296909978589537,-0.0010613384704995,12.644346703579872,0.0004,0.0,2936.0,0.0008626086292542,-0.0064937058279017,0.6164092803787579,discharge
3.5305536064882084,-0.0010872631093477,12.63785299775197,0.0004,0.0,2937.0,0.0008626086292546,-0.0064937058279017,0.6164091293699927,discharge
3.531400219806156,-0.0010740939684805,12.619162039350632,0.0004,0.0,2938.0,0.0008466133179476,-0.0186909584013381,0.6164089801902748,discharge
3.5322468331241037,-0.0010609248276133,12.600471080949296,0.0004,0.0,2939.0,0.0008466133179476,-0.0186909584013363,0.6164088328396045,discharge
3.5330934464420514,-0.0010477556867461,12.581780122547958,0.0004,0.0,2940.0,0.0008466133179476,-0.0186909584013381,0.6164086873179813,discharge
3.533940059759999,-0.001034586545879,12.56308916414662,0.0004,0.0,2941.0,0.0008466133179476,-0.0186909584013363,0.6164085436254054,discharge
3.5347866730779467,-0.0010214174050118,12.544398205745283,0.0004,0.0,2942.0,0.0008466133179476,-0.0186909584013381,0.616408401761877,discharge
3.5356332863958944,-0.0010082482641446,12.525707247343943,0.0004,0.0,2943.0,0.0008466133179476,-0.0186909584013381,0.6164082617273958,discharge
3.536479899713842,-0.0009950791232774,12.507016288942609,0.0004,0.0,2944.0,0.0008466133179476,-0.0186909584013363,0.6164081235219621,discharge
3.5373265130317897,-0.0009819099824103,12.48832533054127,0.0004,0.0,2945.0,0.0008466133179476,-0.0186909584013381,0.6164079871455757,discharge
3.538173126349738,-0.0009687408415431,12.469634372139934,0.0004,0.0,2946.0,0.0008466133179476,-0.0186909584013363,0.6164078525982366,discharge
3.539019739667685,-0.0009555717006759,12.450943413738596,0.0004,0.0,2947.0,0.0008466133179476,-0.0186909584013381,0.6164077198799448,discharge
3.5398663529856327,-0.0009424025598087,12.432252455337258,0.0004,0.0,2948.0,0.0008466133179476,-0.0186909584013381,0.6164075889907004,discharge
3.5407129663035803,-0.0009292334189416,12.41356149693592,0.0004,0.0,2949.0,0.0008466133179476,-0.0186909584013363,0.6164074599305034,discharge
3.541559579621528,-0.0009160642780744,12.394870538534583,0.0004,0.0,2950.0,0.0008466133179476,-0.0186909584013381,0.6164073326993535,discharge
3.5424061929394757,-0.0009028951372072,12.376179580133249,0.0004,0.0,2951.0,0.0008466133179476,-0.0186909584013363,0.6164072072972513,discharge
3.5432528062574233,-0.0008897259963401,12.357488621731909,0.0004,0.0,2952.0,0.0008466133179476,-0.0186909584013381,0.6164070837241962,discharge
3.544004762223505,-0.0008546568085476,12.345441303071125,0.0004,0.0,2953.0,0.0007519559660815,-0.0120473186607839,0.6164069650218617,discharge
3.544756718189587,-0.0008195876207551,12.333393984410344,0.0004,0.0,2954.0,0.000751955966082,-0.0120473186607821,0.6164068511902476,discharge
3.5455086741556685,-0.0007845184329626,12.32134666574956,0.0004,0.0,2955.0,0.0007519559660815,-0.0120473186607839,0.6164067422293542,discharge
3.5462606301217505,-0.0007494492451701,12.309299347088777,0.0004,0.0,2956.0,0.000751955966082,-0.0120473186607821,0.6164066381391813,discharge
3.547012586087832,-0.0007143800573777,12.297252028427993,0.0004,0.0,2957.0,0.0007519559660815,-0.0120473186607839,0.6164065389197289,discharge
3.5477645420539137,-0.0006793108695852,12.285204709767209,0.0004,0.0,2958.0,0.0007519559660815,-0.0120473186607839,0.6164064445709969,discharge
3.5485164980199957,-0.0006442416817927,12.273157391106428,0.0004,0.0,2959.0,0.000751955966082,-0.0120473186607821,0.6164063550929857,discharge
3.5492684539860773,-0.0006091724940002,12.261110072445645,0.0004,0.0,2960.0,0.0007519559660815,-0.0120473186607839,0.6164062704856947,discharge
3.5500204099521593,-0.0005741033062077,12.24906275378486,0.0004,0.0,2961.0,0.000751955966082,-0.0120473186607821,0.6164061907491245,discharge
3.550772365918241,-0.0005390341184153,12.237015435124077,0.0004,0.0,2962.0,0.0007519559660815,-0.0120473186607839,0.6164061158832748,discharge
3.5515243218843224,-0.0005039649306228,12.224968116463293,0.0004,0.0,2963.0,0.0007519559660815,-0.0120473186607839,0.6164060458881455,discharge
3.5522762778504045,-0.0004688957428303,12.21292079780251,0.0004,0.0,2964.0,0.000751955966082,-0.0120473186607821,0.6164059807637368,discharge
3.553028233816486,-0.0004338265550378,12.200873479141729,0.0004,0.0,2965.0,0.0007519559660815,-0.0120473186607839,0.6164059205100486,discharge
3.553780189782568,-0.0003987573672453,12.188826160480945,0.0004,0.0,2966.0,0.000751955966082,-0.0120473186607821,0.616405865127081,discharge
3.5545321457486496,-0.0003636881794529,12.17677884182016,0.0004,0.0,2967.0,0.0007519559660815,-0.0120473186607839,0.6164058146148338,discharge
3.5552195955236408,-0.0004486270846494,12.1649340518907,0.0004,0.0,2968.0,0.0006874497749911,-0.0118447899294622,0.6164057523055165,discharge
3.555907045298632,-0.000533565989846,12.153089261961238,0.0004,0.0,2969.0,0.0006874497749911,-0.0118447899294604,0.6164056781991291,discharge
3.556594495073623,-0.0006185048950426,12.141244472031776,0.0004,0.0,2970.0,0.0006874497749911,-0.0118447899294622,0.6164055922956714,discharge
3.557281944848614,-0.0007034438002392,12.129399682102315,0.0004,0.0,2971.0,0.0006874497749911,-0.0118447899294604,0.6164054945951436,discharge
3.5579693946236053,-0.0007883827054358,12.117554892172851,0.0004,0.0,2972.0,0.0006874497749911,-0.0118447899294622,0.6164053850975455,discharge
3.5586568443985964,-0.0008733216106324,12.10571010224339,0.0004,0.0,2973.0,0.0006874497749911,-0.0118447899294622,0.6164052638028774,discharge
3.5593442941735876,-0.000958260515829,12.09386531231393,0.0004,0.0,2974.0,0.0006874497749911,-0.0118447899294604,0.6164051307111391,discharge
3.5600317439485782,-0.0010431994210255,12.082020522384468,0.0004,0.0,2975.0,0.0006874497749906,-0.0118447899294622,0.6164049858223306,discharge
3.56071919372357,-0.0011281383262221,12.070175732455008,0.0004,0.0,2976.0,0.0006874497749911,-0.0118447899294604,0.616404829136452,discharge
3.5614066434985605,-0.0012130772314187,12.058330942525544,0.0004,0.0,2977.0,0.0006874497749911,-0.0118447899294622,0.6164046606535032,discharge
3.5620940932735516,-0.0012980161366153,12.046486152596083,0.0004,0.0,2978.0,0.0006874497749911,-0.0118447899294622,0.6164044803734843,discharge
3.5627815430485428,-0.0013829550418119,12.034641362666624,0.0004,0.0,2979.0,0.0006874497749911,-0.0118447899294604,0.6164042882963952,discharge
3.563468992823534,-0.0014678939470085,12.02279657273716,0.0004,0.0,2980.0,0.0006874497749911,-0.0118447899294622,0.6164040844222358,discharge
3.564156442598525,-0.0015528328522051,12.0109517828077,0.0004,0.0,2981.0,0.0006874497749911,-0.0118447899294604,0.6164038687510063,discharge
3.564843892373516,-0.0016377717574017,11.999106992878238,0.0004,0.0,2982.0,0.0006874497749911,-0.0118447899294622,0.6164036412827067,discharge
3.565449540703906,-0.0015685209043883,11.982568311142527,0.0003866666666666,0.0,2983.0,0.0006056483303904,-0.0165386817357102,0.616403423432581,discharge
3.5660551890342975,-0.0014992700513749,11.966029629406815,0.0003733333333333,0.0,2984.0,0.0006056483303908,-0.016538681735712,0.6164032152006296,discharge
3.566660837364688,-0.0014300191983616,11.949490947671103,0.00036,0.0,2985.0,0.0006056483303904,-0.0165386817357102,0.6164030165868519,discharge
3.567266485695079,-0.0013607683453482,11.932952265935391,0.0003466666666666,0.0,2986.0,0.0006056483303908,-0.016538681735712,0.6164028275912484,discharge
3.5678721340254693,-0.0012915174923348,11.916413584199685,0.0003333333333333,0.0,2987.0,0.0006056483303904,-0.0165386817357102,0.616402648213819,discharge
3.56847778235586,-0.0012222666393215,11.89987490246397,0.00032,0.0,2988.0,0.0006056483303904,-0.016538681735712,0.6164024784545634,discharge
3.5690834306862507,-0.0011530157863081,11.88333622072826,0.0003066666666666,0.0,2989.0,0.0006056483303908,-0.0165386817357102,0.616402318313482,discharge
3.569689079016641,-0.0010837649332947,11.866797538992548,0.0002933333333333,0.0,2990.0,0.0006056483303904,-0.016538681735712,0.6164021677905747,discharge
3.570294727347032,-0.0010145140802814,11.850258857256838,0.00028,0.0,2991.0,0.0006056483303908,-0.0165386817357102,0.6164020268858412,discharge
3.5709003756774225,-0.000945263227268,11.833720175521126,0.0002666666666666,0.0,2992.0,0.0006056483303904,-0.016538681735712,0.6164018955992819,discharge
3.571506024007813,-0.0008760123742546,11.817181493785416,0.0002533333333333,0.0,2993.0,0.0006056483303904,-0.0165386817357102,0.6164017739308967,discharge
3.572111672338204,-0.0008067615212413,11.800642812049704,0.00024,0.0,2994.0,0.0006056483303908,-0.016538681735712,0.6164016618806853,discharge
3.5727173206685943,-0.0007375106682279,11.784104130313994,0.0002266666666666,0.0,2995.0,0.0006056483303904,-0.0165386817357102,0.616401559448648,discharge
3.573322968998985,-0.0006682598152145,11.76756544857828,0.0002133333333333,0.0,2996.0,0.0006056483303908,-0.016538681735712,0.6164014666347848,discharge
3.5739286173293756,-0.0005990089622012,11.751026766842571,0.0002,0.0,2997.0,0.0006056483303904,-0.0165386817357102,0.6164013834390957,discharge
3.5744981133230973,-0.0007252832462918,11.74174668291726,0.0002133333333333,0.0,2998.0,0.0005694959937216,-0.0092800839253115,0.6164012827053115,discharge
3.5750676093168186,-0.0008515575303825,11.732466598991946,0.0002266666666666,0.0,2999.0,0.0005694959937212,-0.0092800839253133,0.6164011644334322,discharge
3.57563710531054,-0.0009778318144732,11.723186515066637,0.00024,0.0,3000.0,0.0005694959937216,-0.0092800839253115,0.616401028623458,discharge
3.576206601304262,-0.0011041060985639,11.71390643114132,0.0002533333333333,0.0,3001.0,0.0005694959937216,-0.0092800839253133,0.6164008752753888,discharge
3.576776097297983,-0.0012303803826546,11.70462634721601,0.0002666666666666,0.0,3002.0,0.0005694959937212,-0.0092800839253115,0.6164007043892246,discharge
3.577345593291705,-0.0013566546667453,11.695346263290698,0.00028,0.0,3003.0,0.0005694959937216,-0.0092800839253115,0.6164005159649653,discharge
3.5779150892854266,-0.001482928950836,11.686066179365383,0.0002933333333333,0.0,3004.0,0.0005694959937216,-0.0092800839253133,0.616400310002611,discharge
3.578484585279148,-0.0016092032349267,11.676786095440074,0.0003066666666666,0.0,3005.0,0.0005694959937212,-0.0092800839253115,0.6164000865021617,discharge
3.5790540812728695,-0.0017354775190174,11.66750601151476,0.00032,0.0,3006.0,0.0005694959937216,-0.0092800839253133,0.6163998454636173,discharge
3.579623577266591,-0.0018617518031081,11.658225927589449,0.0003333333333333,0.0,3007.0,0.0005694959937216,-0.0092800839253115,0.616399586886978,discharge
3.5801930732603124,-0.0019880260871988,11.648945843664135,0.0003466666666666,0.0,3008.0,0.0005694959937212,-0.0092800839253115,0.6163993107722436,discharge
3.580762569254034,-0.0021143003712895,11.639665759738824,0.00036,0.0,3009.0,0.0005694959937216,-0.0092800839253133,0.6163990171194144,discharge
3.581332065247756,-0.0022405746553802,11.630385675813512,0.0003733333333333,0.0,3010.0,0.0005694959937216,-0.0092800839253115,0.61639870592849,discharge
3.581901561241477,-0.0023668489394709,11.6211055918882,0.0003866666666666,0.0,3011.0,0.0005694959937212,-0.0092800839253133,0.6163983771994705,discharge
3.5824710572351988,-0.0024931232235616,11.611825507962887,0.0004,0.0,3012.0,0.0005694959937216,-0.0092800839253115,0.6163980309323562,discharge
3.582997078335114,-0.0025131658628828,11.598807670765774,0.0004,0.0,3013.0,0.0005260210999153,-0.013017837197113,0.6163976818815419,discharge
3.5835230994350296,-0.0025332085022041,11.585789833568665,0.0004,0.0,3014.0,0.0005260210999153,-0.0130178371971112,0.6163973300470277,discharge
3.584049120534945,-0.0025532511415254,11.57277199637155,0.0004,0.0,3015.0,0.0005260210999153,-0.013017837197113,0.6163969754288137,discharge
3.5845751416348604,-0.0025732937808467,11.559754159174435,0.0004,0.0,3016.0,0.0005260210999153,-0.013017837197113,0.6163966180268996,discharge
3.5851011627347757,-0.002593336420168,11.546736321977326,0.0004,0.0,3017.0,0.0005260210999153,-0.0130178371971112,0.6163962578412857,discharge
3.585627183834691,-0.0026133790594893,11.533718484780213,0.0004,0.0,3018.0,0.0005260210999153,-0.013017837197113,0.6163958948719719,discharge
3.5861532049346065,-0.0026334216988106,11.5207006475831,0.0004,0.0,3019.0,0.0005260210999153,-0.013017837197113,0.6163955291189582,discharge
3.5866792260345215,-0.0026534643381318,11.507682810385989,0.0004,0.0,3020.0,0.0005260210999149,-0.0130178371971112,0.6163951605822446,discharge
3.587205247134437,-0.0026735069774531,11.494664973188875,0.0004,0.0,3021.0,0.0005260210999153,-0.013017837197113,0.6163947892618311,discharge
3.5877312682343523,-0.0026935496167744,11.481647135991762,0.0004,0.0,3022.0,0.0005260210999153,-0.013017837197113,0.6163944151577176,discharge
3.5882572893342677,-0.0027135922560957,11.468629298794651,0.0004,0.0,3023.0,0.0005260210999153,-0.0130178371971112,0.6163940382699044,discharge
3.588783310434183,-0.002733634895417,11.455611461597538,0.0004,0.0,3024.0,0.0005260210999153,-0.013017837197113,0.6163936585983911,discharge
3.5893093315340985,-0.0027536775347383,11.442593624400423,0.0004,0.0,3025.0,0.0005260210999153,-0.013017837197113,0.616393276143178,discharge
3.589835352634014,-0.0027737201740596,11.429575787203314,0.0004,0.0,3026.0,0.0005260210999153,-0.0130178371971112,0.6163928909042649,discharge
3.5903613737339293,-0.0027937628133809,11.4165579500062,0.0004,0.0,3027.0,0.0005260210999153,-0.013017837197113,0.6163925028816519,discharge
3.590829038094245,-0.0027442044208969,11.403284492867092,0.0004,0.0,3028.0,0.0004676643603156,-0.0132734571391086,0.6163921217421491,discharge
3.59129670245456,-0.0026946460284129,11.390011035727984,0.0004,0.0,3029.0,0.0004676643603152,-0.0132734571391068,0.6163917474857562,discharge
3.591764366814876,-0.0026450876359289,11.376737578588877,0.0004,0.0,3030.0,0.0004676643603156,-0.0132734571391086,0.6163913801124734,discharge
3.5922320311751914,-0.002595529243445,11.363464121449768,0.0004,0.0,3031.0,0.0004676643603156,-0.0132734571391086,0.6163910196223008,discharge
3.5926996955355066,-0.002545970850961,11.35019066431066,0.0004,0.0,3032.0,0.0004676643603152,-0.0132734571391068,0.6163906660152381,discharge
3.5931673598958223,-0.002496412458477,11.336917207171552,0.0004,0.0,3033.0,0.0004676643603156,-0.0132734571391086,0.6163903192912855,discharge
3.593635024256138,-0.002446854065993,11.323643750032444,0.0004,0.0,3034.0,0.0004676643603156,-0.0132734571391086,0.616389979450443,discharge
3.594102688616453,-0.0023972956735091,11.310370292893335,0.0004,0.0,3035.0,0.0004676643603152,-0.0132734571391068,0.6163896464927106,discharge
3.5945703529767687,-0.0023477372810251,11.297096835754228,0.0004,0.0,3036.0,0.0004676643603156,-0.0132734571391086,0.6163893204180882,discharge
3.5950380173370844,-0.0022981788885411,11.28382337861512,0.0004,0.0,3037.0,0.0004676643603156,-0.0132734571391086,0.616389001226576,discharge
3.5955056816973996,-0.0022486204960571,11.270549921476013,0.0004,0.0,3038.0,0.0004676643603152,-0.0132734571391068,0.6163886889181738,discharge
3.5959733460577152,-0.0021990621035732,11.257276464336904,0.0004,0.0,3039.0,0.0004676643603156,-0.0132734571391086,0.6163883834928816,discharge
3.596441010418031,-0.0021495037110892,11.244003007197795,0.0004,0.0,3040.0,0.0004676643603156,-0.0132734571391086,0.6163880849506995,discharge
3.596908674778346,-0.0020999453186052,11.230729550058689,0.0004,0.0,3041.0,0.0004676643603152,-0.0132734571391068,0.6163877932916274,discharge
3.5973763391386617,-0.0020503869261213,11.21745609291958,0.0004,0.0,3042.0,0.0004676643603156,-0.0132734571391086,0.6163875085156655,discharge
3.5978155095980653,-0.0017936723860847,11.205235323918147,0.0004,0.0,3043.0,0.0004391704594035,-0.0122207690014324,0.6163872593945008,discharge
3.598254680057469,-0.0015369578460481,11.193014554916717,0.0004,0.0,3044.0,0.0004391704594035,-0.0122207690014306,0.6163870459281333,discharge
3.5986938505168724,-0.0012802433060115,11.180793785915284,0.0004,0.0,3045.0,0.0004391704594035,-0.0122207690014324,0.616386868116563,discharge
3.599133020976276,-0.001023528765975,11.168573016913852,0.0004,0.0,3046.0,0.0004391704594035,-0.0122207690014324,0.6163867259597899,discharge
3.5995721914356795,-0.0007668142259384,11.15635224791242,0.0004,0.0,3047.0,0.0004391704594035,-0.0122207690014306,0.616386619457814,discharge
3.600011361895083,-0.0005100996859019,11.144131478910989,0.0004,0.0,3048.0,0.0004391704594035,-0.0122207690014324,0.6163865486106355,discharge
3.600450532354486,-0.0002533851458653,11.131910709909556,0.0004,0.0,3049.0,0.0004391704594035,-0.0122207690014324,0.6163865134182541,discharge
3.60088970281389,3.3293941712332457e-06,11.119689940908126,0.0004,0.0,3050.0,0.0004391704594035,-0.0122207690014306,0.6163865138806699,discharge
3.6013288732732938,0.0002600439342077,11.107469171906692,0.0004,0.0,3051.0,0.0004391704594035,-0.0122207690014324,0.6163865499978831,discharge
3.6017680437326973,0.0005167584742443,11.09524840290526,0.0004,0.0,3052.0,0.0004391704594035,-0.0122207690014324,0.6163866217698933,discharge
3.602207214192101,0.0007734730142809,11.08302763390383,0.0004,0.0,3053.0,0.0004391704594035,-0.0122207690014306,0.6163867291967009,discharge
3.6026463846515044,0.0010301875543174,11.070806864902398,0.0004,0.0,3054.0,0.0004391704594035,-0.0122207690014324,0.6163868722783057,discharge
3.603085555110908,0.001286902094354,11.058586095900964,0.0004,0.0,3055.0,0.0004391704594035,-0.0122207690014324,0.6163870510147076,discharge
3.603524725570312,0.0015436166343906,11.046365326899537,0.0004,0.0,3056.0,0.0004391704594035,-0.0122207690014306,0.6163872654059069,discharge
3.603963896029715,0.0018003311744272,11.034144557898102,0.0004,0.0,3057.0,0.0004391704594035,-0.0122207690014324,0.6163875154519034,discharge
3.604358961168068,0.0021299308742612,11.02394407439056,0.0004,0.0,3058.0,0.000395065138353,-0.0102004835075408,0.6163878112756358,discharge
3.604754026306421,0.0024595305740953,11.013743590883022,0.0004,0.0,3059.0,0.0003950651383526,-0.0102004835075391,0.6163881528771045,discharge
3.605149091444774,0.0027891302739294,11.00354310737548,0.0004,0.0,3060.0,0.000395065138353,-0.0102004835075408,0.6163885402563092,discharge
3.605544156583127,0.0031187299737635,10.993342623867942,0.0004,0.0,3061.0,0.000395065138353,-0.0102004835075391,0.6163889734132499,discharge
3.60593922172148,0.0034483296735976,10.9831421403604,0.0004,0.0,3062.0,0.000395065138353,-0.0102004835075408,0.6163894523479269,discharge
3.6063342868598327,0.0037779293734316,10.972941656852862,0.0004,0.0,3063.0,0.0003950651383526,-0.0102004835075391,0.6163899770603398,discharge
3.606729351998186,0.0041075290732657,10.96274117334532,0.0004,0.0,3064.0,0.000395065138353,-0.0102004835075408,0.6163905475504889,discharge
3.607124417136539,0.0044371287730998,10.952540689837782,0.0004,0.0,3065.0,0.000395065138353,-0.0102004835075391,0.6163911638183741,discharge
3.607519482274892,0.0047667284729339,10.942340206330242,0.0004,0.0,3066.0,0.000395065138353,-0.0102004835075408,0.6163918258639953,discharge
3.607914547413245,0.005096328172768,10.932139722822702,0.0004,0.0,3067.0,0.0003950651383526,-0.0102004835075391,0.6163925336873526,discharge
3.6083096125515977,0.005425927872602,10.921939239315162,0.0004,0.0,3068.0,0.000395065138353,-0.0102004835075408,0.6163932872884461,discharge
3.6087046776899503,0.0057555275724361,10.911738755807622,0.0004,0.0,3069.0,0.000395065138353,-0.0102004835075391,0.6163940866672756,discharge
3.609099742828304,0.0060851272722702,10.901538272300082,0.0004,0.0,3070.0,0.000395065138353,-0.0102004835075408,0.6163949318238412,discharge
3.609494807966656,0.0064147269721043,10.891337788792542,0.0004,0.0,3071.0,0.0003950651383526,-0.0102004835075391,0.616395822758143,discharge
3.6098898731050095,0.0067443266719384,10.881137305285002,0.0004,0.0,3072.0,0.000395065138353,-0.0102004835075408,0.6163967594701807,discharge
3.6102710080760336,0.0063106363278679,10.870323202071011,0.0003866666666666,0.0,3073.0,0.000381134971024,-0.0108141032139883,0.6163976359474485,discharge
3.6106521430470577,0.0058769459837974,10.859509098857025,0.0003733333333333,0.0,3074.0,0.000381134971024,-0.0108141032139901,0.6163984521899462,discharge
3.6110332780180814,0.0054432556397269,10.848694995643037,0.00036,0.0,3075.0,0.0003811349710236,-0.0108141032139883,0.6163992081976739,discharge
3.6114144129891055,0.0050095652956564,10.837880892429045,0.0003466666666666,0.0,3076.0,0.000381134971024,-0.0108141032139901,0.6163999039706316,discharge
3.6117955479601296,0.0045758749515859,10.827066789215056,0.0003333333333333,0.0,3077.0,0.000381134971024,-0.0108141032139883,0.6164005395088195,discharge
3.6121766829311537,0.0041421846075154,10.816252686001068,0.00032,0.0,3078.0,0.000381134971024,-0.0108141032139883,0.616401114812237,discharge
3.612557817902178,0.0037084942634449,10.805438582787078,0.0003066666666666,0.0,3079.0,0.000381134971024,-0.0108141032139901,0.6164016298808848,discharge
3.6129389528732014,0.0032748039193744,10.79462447957309,0.0002933333333333,0.0,3080.0,0.0003811349710236,-0.0108141032139883,0.6164020847147624,discharge
3.6133200878442255,0.0028411135753039,10.7838103763591,0.00028,0.0,3081.0,0.000381134971024,-0.0108141032139901,0.6164024793138702,discharge
3.6137012228152496,0.0024074232312334,10.772996273145113,0.0002666666666666,0.0,3082.0,0.000381134971024,-0.0108141032139883,0.6164028136782078,discharge
3.6140823577862737,0.0019737328871629,10.762182169931124,0.0002533333333333,0.0,3083.0,0.000381134971024,-0.0108141032139883,0.6164030878077755,discharge
3.614463492757298,0.0015400425430924,10.751368066717133,0.00024,0.0,3084.0,0.000381134971024,-0.0108141032139901,0.6164033017025732,discharge
3.6148446277283215,0.0011063521990219,10.740553963503144,0.0002266666666666,0.0,3085.0,0.0003811349710236,-0.0108141032139883,0.6164034553626008,discharge
3.6152257626993456,0.0006726618549514,10.729739860289154,0.0002133333333333,0.0,3086.0,0.000381134971024,-0.0108141032139901,0.6164035487878583,discharge
3.6156068976703697,0.0002389715108809,10.718925757075166,0.0002,0.0,3087.0,0.000381134971024,-0.0108141032139883,0.616403581978346,discharge
3.615941459547858,0.0001948576937438,10.709507513703729,0.0002133333333333,0.0,3088.0,0.0003345618774881,-0.0094182433714369,0.6164036090419145,discharge
3.616276021425346,0.0001507438766068,10.70008927033229,0.0002266666666666,0.0,3089.0,0.0003345618774881,-0.0094182433714387,0.616403629978564,discharge
3.6166105833028337,0.0001066300594698,10.690671026960851,0.00024,0.0,3090.0,0.0003345618774877,-0.0094182433714369,0.6164036447882946,discharge
3.616945145180322,6.251624233284664e-05,10.681252783589416,0.0002533333333333,0.0,3091.0,0.0003345618774881,-0.0094182433714369,0.616403653471106,discharge
3.61727970705781,1.8402425195833303e-05,10.67183454021798,0.0002666666666666,0.0,3092.0,0.0003345618774881,-0.0094182433714369,0.6164036560269984,discharge
3.617614268935298,-2.571139194118003e-05,10.66241629684654,0.00028,0.0,3093.0,0.0003345618774881,-0.0094182433714387,0.6164036524559717,discharge
3.6179488308127863,-6.982520907819337e-05,10.652998053475104,0.0002933333333333,0.0,3094.0,0.0003345618774881,-0.0094182433714369,0.616403642758026,discharge
3.618283392690274,-0.0001139390262152,10.643579810103668,0.0003066666666666,0.0,3095.0,0.0003345618774877,-0.0094182433714369,0.6164036269331613,discharge
3.618617954567762,-0.0001580528433522,10.63416156673223,0.00032,0.0,3096.0,0.0003345618774881,-0.0094182433714369,0.6164036049813775,discharge
3.6189525164452503,-0.0002021666604892,10.624743323360793,0.0003333333333333,0.0,3097.0,0.0003345618774881,-0.0094182433714387,0.6164035769026747,discharge
3.6192870783227384,-0.0002462804776262,10.615325079989354,0.0003466666666666,0.0,3098.0,0.0003345618774881,-0.0094182433714369,0.6164035426970527,discharge
3.6196216402002266,-0.0002903942947632,10.605906836617915,0.00036,0.0,3099.0,0.0003345618774881,-0.0094182433714369,0.6164035023645118,discharge
3.6199562020777143,-0.0003345081119002,10.59648859324648,0.0003733333333333,0.0,3100.0,0.0003345618774877,-0.0094182433714369,0.6164034559050519,discharge
3.6202907639552024,-0.0003786219290372,10.587070349875042,0.0003866666666666,0.0,3101.0,0.0003345618774881,-0.0094182433714387,0.6164034033186728,discharge
3.6206253258326906,-0.0004227357461743,10.577652106503605,0.0004,0.0,3102.0,0.0003345618774881,-0.0094182433714369,0.6164033446053747,discharge
3.62095884448105,-0.0004604378596862,10.565631337277074,0.0004,0.0,3103.0,0.0003335186483592,-0.012020769226531,0.6164032806556721,discharge
3.621292363129409,-0.0004981399731982,10.553610568050544,0.0004,0.0,3104.0,0.0003335186483592,-0.012020769226531,0.6164032114695646,discharge
3.621625881777769,-0.0005358420867102,10.541589798824011,0.0004,0.0,3105.0,0.0003335186483592,-0.012020769226531,0.6164031370470526,discharge
3.621959400426128,-0.0005735442002221,10.52956902959748,0.0004,0.0,3106.0,0.0003335186483592,-0.012020769226531,0.6164030573881358,discharge
3.622292919074487,-0.0006112463137341,10.51754826037095,0.0004,0.0,3107.0,0.0003335186483592,-0.012020769226531,0.6164029724928145,discharge
3.6226264377228463,-0.0006489484272461,10.505527491144418,0.0004,0.0,3108.0,0.0003335186483592,-0.012020769226531,0.6164028823610885,discharge
3.6229599563712056,-0.0006866505407581,10.493506721917887,0.0004,0.0,3109.0,0.0003335186483592,-0.012020769226531,0.6164027869929578,discharge
3.623293475019565,-0.00072435265427,10.481485952691358,0.0004,0.0,3110.0,0.0003335186483592,-0.0120207692265292,0.6164026863884224,discharge
3.623626993667924,-0.000762054767782,10.469465183464829,0.0004,0.0,3111.0,0.0003335186483592,-0.012020769226531,0.6164025805474826,discharge
3.623960512316283,-0.000799756881294,10.457444414238296,0.0004,0.0,3112.0,0.0003335186483592,-0.012020769226531,0.616402469470138,discharge
3.624294030964643,-0.000837458994806,10.445423645011765,0.0004,0.0,3113.0,0.0003335186483592,-0.012020769226531,0.6164023531563887,discharge
3.624627549613002,-0.0008751611083179,10.433402875785234,0.0004,0.0,3114.0,0.0003335186483592,-0.012020769226531,0.6164022316062348,discharge
3.6249610682613618,-0.0009128632218299,10.421382106558704,0.0004,0.0,3115.0,0.0003335186483592,-0.012020769226531,0.6164021048196762,discharge
3.6252945869097206,-0.0009505653353419,10.409361337332172,0.0004,0.0,3116.0,0.0003335186483592,-0.012020769226531,0.6164019727967129,discharge
3.62562810555808,-0.0009882674488539,10.39734056810564,0.0004,0.0,3117.0,0.0003335186483592,-0.012020769226531,0.616401835537345,discharge
3.625904330054087,-0.0011236108197214,10.388169900879364,0.0004,0.0,3118.0,0.000276224496007,-0.009170667226277,0.6164016794802867,discharge
3.626180554550094,-0.001258954190589,10.378999233653088,0.0004,0.0,3119.0,0.000276224496007,-0.009170667226277,0.616401504625538,discharge
3.626456779046101,-0.0013942975614565,10.36982856642681,0.0004,0.0,3120.0,0.000276224496007,-0.009170667226277,0.6164013109730988,discharge
3.626733003542108,-0.0015296409323241,10.360657899200532,0.0004,0.0,3121.0,0.0002762244960066,-0.009170667226277,0.6164010985229693,discharge
3.627009228038115,-0.0016649843031917,10.351487231974255,0.0004,0.0,3122.0,0.000276224496007,-0.009170667226277,0.6164008672751495,discharge
3.627285452534122,-0.0018003276740592,10.342316564747978,0.0004,0.0,3123.0,0.000276224496007,-0.009170667226277,0.6164006172296392,discharge
3.627561677030129,-0.0019356710449268,10.3331458975217,0.0004,0.0,3124.0,0.000276224496007,-0.009170667226277,0.6164003483864384,discharge
3.627837901526136,-0.0020710144157943,10.323975230295424,0.0004,0.0,3125.0,0.000276224496007,-0.0091706672262787,0.6164000607455473,discharge
3.628114126022143,-0.0022063577866619,10.314804563069146,0.0004,0.0,3126.0,0.000276224496007,-0.009170667226277,0.6163997543069659,discharge
3.62839035051815,-0.0023417011575295,10.305633895842869,0.0004,0.0,3127.0,0.000276224496007,-0.009170667226277,0.616399429070694,discharge
3.628666575014157,-0.002477044528397,10.296463228616592,0.0004,0.0,3128.0,0.000276224496007,-0.009170667226277,0.6163990850367318,discharge
3.628942799510164,-0.0026123878992646,10.287292561390316,0.0004,0.0,3129.0,0.0002762244960066,-0.009170667226277,0.6163987222050791,discharge
3.629219024006171,-0.0027477312701321,10.278121894164038,0.0004,0.0,3130.0,0.000276224496007,-0.009170667226277,0.6163983405757361,discharge
3.629495248502178,-0.0028830746409997,10.26895122693776,0.0004,0.0,3131.0,0.000276224496007,-0.009170667226277,0.6163979401487025,discharge
3.629771472998185,-0.0030184180118673,10.259780559711484,0.0004,0.0,3132.0,0.000276224496007,-0.009170667226277,0.6163975209239787,discharge
3.6300455640760454,-0.0028155885951021,10.250313905089522,0.0004,0.0,3133.0,0.0002740910778604,-0.0094666546219617,0.616397129870007,discharge
3.6303196551539063,-0.002612759178337,10.240847250467562,0.0004,0.0,3134.0,0.0002740910778609,-0.0094666546219599,0.6163967669867879,discharge
3.630593746231767,-0.0024099297615719,10.2313805958456,0.0004,0.0,3135.0,0.0002740910778604,-0.0094666546219617,0.616396432274321,discharge
3.6308678373096273,-0.0022071003448068,10.221913941223638,0.0004,0.0,3136.0,0.0002740910778604,-0.0094666546219617,0.6163961257326065,discharge
3.631141928387488,-0.0020042709280417,10.212447286601677,0.0004,0.0,3137.0,0.0002740910778604,-0.0094666546219617,0.6163958473616442,discharge
3.6314160194653486,-0.0018014415112765,10.202980631979717,0.0004,0.0,3138.0,0.0002740910778609,-0.0094666546219599,0.6163955971614343,discharge
3.631690110543209,-0.0015986120945114,10.193513977357757,0.0004,0.0,3139.0,0.0002740910778604,-0.0094666546219617,0.6163953751319768,discharge
3.6319642016210696,-0.0013957826777463,10.184047322735791,0.0004,0.0,3140.0,0.0002740910778604,-0.0094666546219617,0.6163951812732715,discharge
3.63223829269893,-0.0011929532609812,10.174580668113832,0.0004,0.0,3141.0,0.0002740910778604,-0.0094666546219617,0.6163950155853186,discharge
3.632512383776791,-0.0009901238442161,10.165114013491872,0.0004,0.0,3142.0,0.0002740910778609,-0.0094666546219599,0.6163948780681181,discharge
3.632786474854651,-0.000787294427451,10.15564735886991,0.0004,0.0,3143.0,0.0002740910778604,-0.0094666546219617,0.6163947687216698,discharge
3.633060565932512,-0.0005844650106858,10.146180704247948,0.0004,0.0,3144.0,0.0002740910778604,-0.0094666546219617,0.6163946875459738,discharge
3.633334657010373,-0.0003816355939207,10.136714049625986,0.0004,0.0,3145.0,0.0002740910778604,-0.0094666546219617,0.6163946345410303,discharge
3.6336087480882338,-0.0001788061771556,10.127247395004026,0.0004,0.0,3146.0,0.0002740910778609,-0.0094666546219599,0.6163946097068389,discharge
3.633882839166094,2.4023239609461585e-05,10.117780740382065,0.0004,0.0,3147.0,0.0002740910778604,-0.0094666546219617,0.6163946130433999,discharge
3.6341210226407448,-4.4912049673204765e-05,10.111685649782787,0.0004,0.0,3148.0,0.0002381834746509,-0.0060950905992775,0.6163946068056153,discharge
3.6343592061153953,-0.0001138473389558,10.105590559183508,0.0004,0.0,3149.0,0.0002381834746505,-0.0060950905992793,0.6163945909934849,discharge
3.634597389590046,-0.0001827826282385,10.09949546858423,0.0004,0.0,3150.0,0.0002381834746505,-0.0060950905992775,0.6163945656070088,discharge
3.634835573064697,-0.0002517179175212,10.09340037798495,0.0004,0.0,3151.0,0.0002381834746509,-0.0060950905992793,0.6163945306461869,discharge
3.635073756539348,-0.0003206532068038,10.087305287385671,0.0004,0.0,3152.0,0.0002381834746509,-0.0060950905992775,0.6163944861110193,discharge
3.6353119400139984,-0.0003895884960865,10.081210196786394,0.0004,0.0,3153.0,0.0002381834746505,-0.0060950905992793,0.616394432001506,discharge
3.635550123488649,-0.0004585237853692,10.075115106187116,0.0004,0.0,3154.0,0.0002381834746505,-0.0060950905992775,0.6163943683176469,discharge
3.6357883069633,-0.0005274590746518,10.06902001558784,0.0004,0.0,3155.0,0.0002381834746509,-0.0060950905992775,0.6163942950594421,discharge
3.636026490437951,-0.0005963943639345,10.06292492498856,0.0004,0.0,3156.0,0.0002381834746509,-0.0060950905992793,0.6163942122268915,discharge
3.6362646739126014,-0.0006653296532172,10.056829834389282,0.0004,0.0,3157.0,0.0002381834746505,-0.0060950905992775,0.6163941198199951,discharge
3.636502857387252,-0.0007342649424998,10.050734743790002,0.0004,0.0,3158.0,0.0002381834746505,-0.0060950905992793,0.6163940178387532,discharge
3.636741040861903,-0.0008032002317825,10.044639653190725,0.0004,0.0,3159.0,0.0002381834746509,-0.0060950905992775,0.6163939062831654,discharge
3.636979224336554,-0.0008721355210652,10.038544562591444,0.0004,0.0,3160.0,0.0002381834746509,-0.0060950905992793,0.616393785153232,discharge
3.637217407811205,-0.0009410708103478,10.032449471992168,0.0004,0.0,3161.0,0.0002381834746505,-0.0060950905992775,0.6163936544489528,discharge
3.637455591285855,-0.0010100060996305,10.026354381392888,0.0004,0.0,3162.0,0.0002381834746505,-0.0060950905992793,0.6163935141703278,discharge
3.637693774760506,-0.0010789413889132,10.02025929079361,0.0004,0.0,3163.0,0.0002381834746509,-0.0060950905992775,0.6163933643173571,discharge
3.6379412125226223,-0.0010481004041171,10.00990220464908,0.0004,0.0,3164.0,0.0002474377621162,-0.0103570861445305,0.6163932187478565,discharge
3.6381886502847385,-0.0010172594193211,9.999545118504548,0.0004,0.0,3165.0,0.0002474377621162,-0.0103570861445323,0.616393077461826,discharge
3.6384360880468543,-0.0009864184345251,9.989188032360016,0.0004,0.0,3166.0,0.0002474377621157,-0.0103570861445305,0.6163929404592657,discharge
3.6386835258089705,-0.000955577449729,9.978830946215488,0.0004,0.0,3167.0,0.0002474377621162,-0.0103570861445305,0.6163928077401755,discharge
3.6389309635710863,-0.000924736464933,9.968473860070954,0.0004,0.0,3168.0,0.0002474377621162,-0.0103570861445323,0.6163926793045553,discharge
3.639178401333203,-0.000893895480137,9.958116773926424,0.0004,0.0,3169.0,0.0002474377621162,-0.0103570861445305,0.6163925551524053,discharge
3.639425839095319,-0.000863054495341,9.947759687781891,0.0004,0.0,3170.0,0.0002474377621162,-0.0103570861445305,0.6163924352837253,discharge
3.639673276857435,-0.0008322135105449,9.93740260163736,0.0004,0.0,3171.0,0.0002474377621157,-0.0103570861445323,0.6163923196985157,discharge
3.639920714619551,-0.0008013725257489,9.92704551549283,0.0004,0.0,3172.0,0.0002474377621162,-0.0103570861445305,0.616392208396776,discharge
3.6401681523816674,-0.0007705315409529,9.9166884293483,0.0004,0.0,3173.0,0.0002474377621162,-0.0103570861445305,0.6163921013785063,discharge
3.640415590143784,-0.0007396905561569,9.906331343203767,0.0004,0.0,3174.0,0.0002474377621162,-0.0103570861445323,0.616391998643707,discharge
3.6406630279059,-0.0007088495713608,9.895974257059237,0.0004,0.0,3175.0,0.0002474377621162,-0.0103570861445305,0.6163919001923776,discharge
3.640910465668016,-0.0006780085865648,9.885617170914706,0.0004,0.0,3176.0,0.0002474377621157,-0.0103570861445305,0.6163918060245184,discharge
3.641157903430132,-0.0006471676017688,9.875260084770174,0.0004,0.0,3177.0,0.0002474377621162,-0.0103570861445323,0.6163917161401291,discharge
3.641405341192248,-0.0006163266169728,9.864902998625643,0.0004,0.0,3178.0,0.0002474377621162,-0.0103570861445305,0.6163916305392101,discharge
3.641631123818065,-0.0005319647952143,9.856074097939866,0.0004,0.0,3179.0,0.0002257826258165,-0.0088289006857777,0.6163915566552107,discharge
3.641856906443881,-0.0004476029734559,9.847245197254088,0.0004,0.0,3180.0,0.0002257826258165,-0.0088289006857777,0.6163914944881311,discharge
3.6420826890696976,-0.0003632411516974,9.83841629656831,0.0004,0.0,3181.0,0.0002257826258165,-0.0088289006857777,0.6163914440379712,discharge
3.6423084716955136,-0.000278879329939,9.829587395882532,0.0004,0.0,3182.0,0.000225782625816,-0.0088289006857777,0.6163914053047309,discharge
3.64253425432133,-0.0001945175081805,9.820758495196754,0.0004,0.0,3183.0,0.0002257826258165,-0.0088289006857777,0.6163913782884103,discharge
3.6427600369471462,-0.0001101556864221,9.811929594510977,0.0004,0.0,3184.0,0.0002257826258165,-0.0088289006857777,0.6163913629890094,discharge
3.642985819572963,-2.579386466371998e-05,9.8031006938252,0.0004,0.0,3185.0,0.0002257826258165,-0.0088289006857777,0.6163913594065282,discharge
3.64321160219878,5.856795709472003e-05,9.79427179313942,0.0004,0.0,3186.0,0.0002257826258165,-0.0088289006857777,0.6163913675409667,discharge
3.643437384824596,0.0001429297788531,9.785442892453643,0.0004,0.0,3187.0,0.0002257826258165,-0.0088289006857777,0.616391387392325,discharge
3.6436631674504127,0.0002272916006116,9.776613991767864,0.0004,0.0,3188.0,0.0002257826258165,-0.0088289006857777,0.6163914189606028,discharge
3.6438889500762297,0.00031165342237,9.767785091082088,0.0004,0.0,3189.0,0.0002257826258165,-0.0088289006857777,0.6163914622458004,discharge
3.644114732702046,0.0003960152441284,9.75895619039631,0.0004,0.0,3190.0,0.000225782625816,-0.0088289006857777,0.6163915172479175,discharge
3.644340515327862,0.0004803770658869,9.750127289710532,0.0004,0.0,3191.0,0.0002257826258165,-0.0088289006857777,0.6163915839669545,discharge
3.6445662979536784,0.0005647388876453,9.741298389024754,0.0004,0.0,3192.0,0.0002257826258165,-0.0088289006857777,0.6163916624029111,discharge
3.644792080579495,0.0006491007094038,9.732469488338976,0.0004,0.0,3193.0,0.0002257826258165,-0.0088289006857777,0.6163917525557874,discharge
3.6449928748040192,0.0005801582627829,9.724990044598188,0.0004,0.0,3194.0,0.0002007942245243,-0.0074794437407899,0.6163918331333239,discharge
3.645193669028543,0.0005112158161621,9.717510600857397,0.0004,0.0,3195.0,0.0002007942245239,-0.0074794437407899,0.6163919041355206,discharge
3.645394463253067,0.0004422733695412,9.710031157116608,0.0004,0.0,3196.0,0.0002007942245243,-0.0074794437407899,0.6163919655623775,discharge
3.645595257477592,0.0003733309229204,9.702551713375817,0.0004,0.0,3197.0,0.0002007942245243,-0.0074794437407899,0.6163920174138946,discharge
3.645796051702116,0.0003043884762995,9.695072269635029,0.0004,0.0,3198.0,0.0002007942245243,-0.0074794437407899,0.6163920596900718,discharge
3.64599684592664,0.0002354460296787,9.687592825894235,0.0004,0.0,3199.0,0.0002007942245239,-0.0074794437407899,0.6163920923909093,discharge
3.646197640151165,0.0001665035830578,9.680113382153449,0.0004,0.0,3200.0,0.0002007942245243,-0.0074794437407899,0.6163921155164069,discharge
3.646398434375689,9.756113643702674e-05,9.672633938412655,0.0004,0.0,3201.0,0.0002007942245243,-0.0074794437407916,0.6163921290665648,discharge
3.646599228600213,2.861868981618008e-05,9.665154494671864,0.0004,0.0,3202.0,0.0002007942245243,-0.0074794437407899,0.6163921330413829,discharge
3.646800022824737,-4.032375680466658e-05,9.657675050931076,0.0004,0.0,3203.0,0.0002007942245239,-0.0074794437407899,0.616392127440861,discharge
3.6470008170492614,-0.0001092662034255,9.650195607190286,0.0004,0.0,3204.0,0.0002007942245243,-0.0074794437407899,0.6163921122649993,discharge
3.6472016112737857,-0.0001782086500463,9.642716163449496,0.0004,0.0,3205.0,0.0002007942245243,-0.0074794437407899,0.616392087513798,discharge
3.64740240549831,-0.0002471510966672,9.635236719708706,0.0004,0.0,3206.0,0.0002007942245243,-0.0074794437407899,0.6163920531872569,discharge
3.647603199722834,-0.000316093543288,9.627757275967916,0.0004,0.0,3207.0,0.0002007942245239,-0.0074794437407899,0.6163920092853759,discharge
3.6478039939473583,-0.0003850359899089,9.620277832227126,0.0004,0.0,3208.0,0.0002007942245243,-0.0074794437407899,0.616391955808155,discharge
3.6479957106047025,-0.0003843641921626,9.613119593700045,0.0004,0.0,3209.0,0.0001917166573441,-0.0071582385270829,0.6163919024242395,discharge
3.648187427262047,-0.0003836923944163,9.60596135517296,0.0004,0.0,3210.0,0.0001917166573446,-0.0071582385270829,0.6163918491336291,discharge
3.6483791439193913,-0.00038302059667,9.598803116645875,0.0004,0.0,3211.0,0.0001917166573441,-0.0071582385270829,0.6163917959363241,discharge
3.648570860576736,-0.0003823487989238,9.591644878118794,0.0004,0.0,3212.0,0.0001917166573446,-0.0071582385270829,0.6163917428323242,discharge
3.64876257723408,-0.0003816770011775,9.584486639591711,0.0004,0.0,3213.0,0.0001917166573441,-0.0071582385270829,0.6163916898216295,discharge
3.648954293891424,-0.0003810052034312,9.577328401064628,0.0004,0.0,3214.0,0.0001917166573441,-0.0071582385270829,0.6163916369042401,discharge
3.649146010548769,-0.0003803334056849,9.570170162537543,0.0004,0.0,3215.0,0.0001917166573446,-0.0071582385270829,0.616391584080156,discharge
3.649337727206113,-0.0003796616079387,9.563011924010464,0.0004,0.0,3216.0,0.0001917166573441,-0.0071582385270811,0.6163915313493771,discharge
3.649529443863458,-0.0003789898101924,9.55585368548338,0.0004,0.0,3217.0,0.0001917166573446,-0.0071582385270829,0.6163914787119036,discharge
3.649721160520802,-0.0003783180124461,9.548695446956298,0.0004,0.0,3218.0,0.0001917166573441,-0.0071582385270829,0.6163914261677351,discharge
3.649912877178146,-0.0003776462146998,9.541537208429215,0.0004,0.0,3219.0,0.0001917166573441,-0.0071582385270829,0.616391373716872,discharge
3.650104593835491,-0.0003769744169536,9.534378969902132,0.0004,0.0,3220.0,0.0001917166573446,-0.0071582385270829,0.6163913213593141,discharge
3.650296310492835,-0.0003763026192073,9.52722073137505,0.0004,0.0,3221.0,0.0001917166573441,-0.0071582385270829,0.6163912690950615,discharge
3.650488027150179,-0.000375630821461,9.520062492847966,0.0004,0.0,3222.0,0.0001917166573446,-0.0071582385270829,0.6163912169241139,discharge
3.650679743807524,-0.0003749590237148,9.512904254320883,0.0004,0.0,3223.0,0.0001917166573441,-0.0071582385270829,0.6163911648464717,discharge
3.650865435532698,-0.0004613846144792,9.5050865264683,0.0004,0.0,3224.0,0.0001856917251741,-0.0078177278525828,0.6163911007652754,discharge
3.651051127257872,-0.0005478102052436,9.497268798615718,0.0004,0.0,3225.0,0.0001856917251736,-0.0078177278525828,0.6163910246805246,discharge
3.6512368189830458,-0.0006342357960081,9.489451070763137,0.0004,0.0,3226.0,0.0001856917251741,-0.007817727852581,0.6163909365922196,discharge
3.651422510708219,-0.0007206613867725,9.481633342910554,0.0004,0.0,3227.0,0.0001856917251736,-0.0078177278525828,0.6163908365003603,discharge
3.6516082024333936,-0.000807086977537,9.47381561505797,0.0004,0.0,3228.0,0.0001856917251741,-0.0078177278525828,0.6163907244049467,discharge
3.651793894158568,-0.0008935125683014,9.465997887205388,0.0004,0.0,3229.0,0.0001856917251741,-0.0078177278525828,0.6163906003059789,discharge
3.6519795858837414,-0.0009799381590658,9.458180159352803,0.0004,0.0,3230.0,0.0001856917251736,-0.0078177278525828,0.6163904642034568,discharge
3.652165277608915,-0.0010663637498303,9.450362431500224,0.0004,0.0,3231.0,0.0001856917251741,-0.007817727852581,0.6163903160973805,discharge
3.652350969334089,-0.0011527893405947,9.44254470364764,0.0004,0.0,3232.0,0.0001856917251736,-0.0078177278525828,0.6163901559877498,discharge
3.6525366610592633,-0.0012392149313592,9.434726975795058,0.0004,0.0,3233.0,0.0001856917251741,-0.0078177278525828,0.6163899838745648,discharge
3.6527223527844375,-0.0013256405221236,9.426909247942476,0.0004,0.0,3234.0,0.0001856917251741,-0.0078177278525828,0.6163897997578256,discharge
3.652908044509611,-0.001412066112888,9.419091520089893,0.0004,0.0,3235.0,0.0001856917251736,-0.0078177278525828,0.6163896036375323,discharge
3.6530937362347857,-0.0014984917036525,9.411273792237312,0.0004,0.0,3236.0,0.0001856917251741,-0.007817727852581,0.6163893955136844,discharge
3.653279427959959,-0.0015849172944169,9.403456064384727,0.0004,0.0,3237.0,0.0001856917251736,-0.0078177278525828,0.6163891753862825,discharge
3.653465119685133,-0.0016713428851814,9.395638336532146,0.0004,0.0,3238.0,0.0001856917251741,-0.0078177278525828,0.616388943255326,discharge
3.653639497914051,-0.0016662026365772,9.389162811579368,0.0004,0.0,3239.0,0.0001743782289178,-0.0064755249527781,0.6163887118382932,discharge
3.653813876142969,-0.001661062387973,9.382687286626588,0.0004,0.0,3240.0,0.0001743782289178,-0.0064755249527799,0.6163884811351839,discharge
3.6539882543718862,-0.0016559221393688,9.37621176167381,0.0004,0.0,3241.0,0.0001743782289178,-0.0064755249527781,0.6163882511459977,discharge
3.654162632600805,-0.0016507818907646,9.36973623672103,0.0004,0.0,3242.0,0.0001743782289178,-0.0064755249527799,0.6163880218707352,discharge
3.6543370108297224,-0.0016456416421605,9.363260711768252,0.0004,0.0,3243.0,0.0001743782289178,-0.0064755249527781,0.616387793309396,discharge
3.65451138905864,-0.0016405013935563,9.356785186815474,0.0004,0.0,3244.0,0.0001743782289178,-0.0064755249527781,0.6163875654619801,discharge
3.654685767287558,-0.0016353611449521,9.350309661862694,0.0004,0.0,3245.0,0.0001743782289178,-0.0064755249527799,0.6163873383284879,discharge
3.654860145516477,-0.0016302208963479,9.343834136909916,0.0004,0.0,3246.0,0.0001743782289183,-0.0064755249527781,0.6163871119089189,discharge
3.6550345237453943,-0.0016250806477437,9.337358611957136,0.0004,0.0,3247.0,0.0001743782289178,-0.0064755249527799,0.6163868862032733,discharge
3.655208901974312,-0.0016199403991396,9.330883087004358,0.0004,0.0,3248.0,0.0001743782289178,-0.0064755249527781,0.6163866612115513,discharge
3.65538328020323,-0.0016148001505354,9.32440756205158,0.0004,0.0,3249.0,0.0001743782289178,-0.0064755249527781,0.6163864369337526,discharge
3.655557658432148,-0.0016096599019312,9.3179320370988,0.0004,0.0,3250.0,0.0001743782289178,-0.0064755249527799,0.6163862133698773,discharge
3.6557320366610657,-0.001604519653327,9.31145651214602,0.0004,0.0,3251.0,0.0001743782289178,-0.0064755249527781,0.6163859905199255,discharge
3.655906414889984,-0.0015993794047228,9.30498098719324,0.0004,0.0,3252.0,0.0001743782289178,-0.0064755249527799,0.6163857683838971,discharge
3.6560807931189014,-0.0015942391561187,9.298505462240463,0.0004,0.0,3253.0,0.0001743782289178,-0.0064755249527781,0.616385546961792,discharge
3.656249601496031,-0.001506816627679,9.293808844257002,0.0003866666666666,0.0,3254.0,0.00016880837713,-0.0046966179834608,0.6163853376817049,discharge
3.656418409873162,-0.0014193940992393,9.289112226273543,0.0003733333333333,0.0,3255.0,0.0001688083771305,-0.0046966179834591,0.6163851405436356,discharge
3.656587218250292,-0.0013319715707996,9.284415608290082,0.00036,0.0,3256.0,0.00016880837713,-0.0046966179834608,0.616384955547584,discharge
3.656756026627422,-0.0012445490423599,9.279718990306623,0.0003466666666666,0.0,3257.0,0.00016880837713,-0.0046966179834591,0.6163847826935503,discharge
3.656924835004552,-0.0011571265139201,9.275022372323162,0.0003333333333333,0.0,3258.0,0.00016880837713,-0.0046966179834608,0.6163846219815345,discharge
3.6570936433816823,-0.0010697039854805,9.270325754339702,0.00032,0.0,3259.0,0.0001688083771305,-0.0046966179834608,0.6163844734115365,discharge
3.657262451758813,-0.0009822814570408,9.265629136356242,0.0003066666666666,0.0,3260.0,0.00016880837713,-0.0046966179834591,0.6163843369835563,discharge
3.657431260135943,-0.0008948589286011,9.260932518372782,0.0002933333333333,0.0,3261.0,0.00016880837713,-0.0046966179834608,0.616384212697594,discharge
3.657600068513073,-0.0008074364001614,9.256235900389322,0.00028,0.0,3262.0,0.00016880837713,-0.0046966179834591,0.6163841005536497,discharge
3.657768876890203,-0.0007200138717217,9.251539282405862,0.0002666666666666,0.0,3263.0,0.0001688083771305,-0.0046966179834608,0.6163840005517229,discharge
3.6579376852673335,-0.000632591343282,9.2468426644224,0.0002533333333333,0.0,3264.0,0.00016880837713,-0.0046966179834608,0.6163839126918143,discharge
3.658106493644464,-0.0005451688148423,9.242146046438942,0.00024,0.0,3265.0,0.00016880837713,-0.0046966179834591,0.6163838369739233,discharge
3.6582753020215937,-0.0004577462864026,9.23744942845548,0.0002266666666666,0.0,3266.0,0.00016880837713,-0.0046966179834608,0.6163837733980502,discharge
3.658444110398724,-0.0003703237579629,9.232752810472022,0.0002133333333333,0.0,3267.0,0.0001688083771305,-0.0046966179834591,0.6163837219641949,discharge
3.6586129187758543,-0.0002829012295232,9.22805619248856,0.0002,0.0,3268.0,0.00016880837713,-0.0046966179834608,0.6163836826723574,discharge
3.658767106236828,-0.0002377719590791,9.221286488480334,0.0002,0.0,3269.0,0.0001541874609736,-0.0067697040082261,0.6163836496484743,discharge
3.6589212936978015,-0.0001926426886351,9.21451678447211,0.0002,0.0,3270.0,0.0001541874609736,-0.0067697040082244,0.6163836228925452,discharge
3.659075481158775,-0.0001475134181911,9.207747080463884,0.0002,0.0,3271.0,0.0001541874609736,-0.0067697040082261,0.6163836024045706,discharge
3.659229668619748,-0.000102384147747,9.200977376455658,0.0002,0.0,3272.0,0.0001541874609731,-0.0067697040082261,0.61638358818455,discharge
3.659383856080722,-5.7254877303033325e-05,9.194207672447432,0.0002,0.0,3273.0,0.0001541874609736,-0.0067697040082244,0.6163835802324837,discharge
3.659538043541695,-1.2125606858999992e-05,9.187437968439207,0.0002,0.0,3274.0,0.0001541874609736,-0.0067697040082261,0.6163835785483716,discharge
3.659692231002669,3.300366358503334e-05,9.18066826443098,0.0002,0.0,3275.0,0.0001541874609736,-0.0067697040082261,0.6163835831322138,discharge
3.659846418463643,7.813293402906667e-05,9.173898560422757,0.0002,0.0,3276.0,0.0001541874609736,-0.0067697040082244,0.6163835939840102,discharge
3.660000605924616,0.0001232622044731,9.16712885641453,0.0002,0.0,3277.0,0.0001541874609736,-0.0067697040082261,0.6163836111037608,discharge
3.66015479338559,0.0001683914749171,9.160359152406304,0.0002,0.0,3278.0,0.0001541874609736,-0.0067697040082261,0.6163836344914657,discharge
3.660308980846563,0.0002135207453611,9.15358944839808,0.0002,0.0,3279.0,0.0001541874609736,-0.0067697040082244,0.6163836641471248,discharge
3.660463168307537,0.0002586500158052,9.146819744389854,0.0002,0.0,3280.0,0.0001541874609731,-0.0067697040082261,0.6163837000707381,discharge
3.6606173557685104,0.0003037792862492,9.140050040381627,0.0002,0.0,3281.0,0.0001541874609736,-0.0067697040082261,0.6163837422623055,discharge
3.660771543229484,0.0003489085566932,9.133280336373405,0.0002,0.0,3282.0,0.0001541874609736,-0.0067697040082244,0.6163837907218274,discharge
3.6609257306904577,0.0003940378271373,9.126510632365177,0.0002,0.0,3283.0,0.0001541874609736,-0.0067697040082261,0.6163838454493034,discharge
3.6610761818488857,0.0002432941652187,9.119348413698852,0.0002,0.0,3284.0,0.000150451158428,-0.0071622186663233,0.6163838792401596,discharge
3.6612266330073138,9.255050330022002e-05,9.11218619503253,0.0002,0.0,3285.0,0.000150451158428,-0.0071622186663233,0.6163838920943961,discharge
3.661377084165742,-5.819315861831998e-05,9.105023976366208,0.0002,0.0,3286.0,0.0001504511584276,-0.0071622186663216,0.616383884012013,discharge
3.6615275353241694,-0.0002089368205368,9.097861757699883,0.0002,0.0,3287.0,0.000150451158428,-0.0071622186663233,0.6163838549930102,discharge
3.6616779864825975,-0.0003596804824554,9.090699539033562,0.0002,0.0,3288.0,0.000150451158428,-0.0071622186663233,0.6163838050373877,discharge
3.6618284376410255,-0.0005104241443739,9.083537320367238,0.0002,0.0,3289.0,0.000150451158428,-0.0071622186663233,0.6163837341451454,discharge
3.6619788887994535,-0.0006611678062924,9.076375101700917,0.0002,0.0,3290.0,0.000150451158428,-0.0071622186663233,0.6163836423162834,discharge
3.662129339957881,-0.000811911468211,9.069212883034591,0.0002,0.0,3291.0,0.0001504511584276,-0.0071622186663216,0.6163835295508017,discharge
3.662279791116309,-0.0009626551301295,9.06205066436827,0.0002,0.0,3292.0,0.000150451158428,-0.0071622186663233,0.6163833958487003,discharge
3.6624302422747377,-0.0011133987920481,9.054888445701948,0.0002,0.0,3293.0,0.000150451158428,-0.0071622186663233,0.6163832412099792,discharge
3.6625806934331657,-0.0012641424539666,9.047726227035623,0.0002,0.0,3294.0,0.000150451158428,-0.0071622186663233,0.6163830656346383,discharge
3.6627311445915938,-0.0014148861158851,9.0405640083693,0.0002,0.0,3295.0,0.000150451158428,-0.0071622186663233,0.6163828691226778,discharge
3.662881595750021,-0.0015656297778037,9.033401789702978,0.0002,0.0,3296.0,0.0001504511584276,-0.0071622186663216,0.6163826516740976,discharge
3.663032046908449,-0.0017163734397222,9.026239571036657,0.0002,0.0,3297.0,0.000150451158428,-0.0071622186663233,0.6163824132888975,discharge
3.663182498066877,-0.0018671171016408,9.019077352370331,0.0002,0.0,3298.0,0.000150451158428,-0.0071622186663233,0.616382153967078,discharge
3.6633037929177568,-0.0017681931434242,9.013414006006233,0.0002133333333333,0.0,3299.0,0.0001212948508797,-0.0056633463641002,0.6163819083846969,discharge
3.663425087768637,-0.0016692691852075,9.00775065964213,0.0002266666666666,0.0,3300.0,0.0001212948508801,-0.0056633463641002,0.6163816765417545,discharge
3.6635463826195167,-0.001570345226991,9.00208731327803,0.00024,0.0,3301.0,0.0001212948508797,-0.0056633463641002,0.6163814584382508,discharge
3.663667677470397,-0.0014714212687744,8.996423966913929,0.0002533333333333,0.0,3302.0,0.0001212948508797,-0.005663346364102,0.6163812540741856,discharge
3.663788972321276,-0.0013724973105577,8.990760620549828,0.0002666666666666,0.0,3303.0,0.0001212948508797,-0.0056633463641002,0.6163810634495592,discharge
3.663910267172157,-0.0012735733523412,8.985097274185728,0.00028,0.0,3304.0,0.0001212948508801,-0.0056633463641002,0.6163808865643714,discharge
3.664031562023036,-0.0011746493941246,8.979433927821628,0.0002933333333333,0.0,3305.0,0.0001212948508797,-0.0056633463641002,0.6163807234186222,discharge
3.664152856873916,-0.0010757254359079,8.973770581457527,0.0003066666666666,0.0,3306.0,0.0001212948508797,-0.0056633463641002,0.6163805740123116,discharge
3.664274151724795,-0.0009768014776914,8.968107235093427,0.00032,0.0,3307.0,0.0001212948508797,-0.0056633463641002,0.6163804383454397,discharge
3.664395446575676,-0.0008778775194748,8.962443888729327,0.0003333333333333,0.0,3308.0,0.0001212948508801,-0.0056633463641002,0.6163803164180064,discharge
3.664516741426555,-0.0007789535612581,8.956780542365227,0.0003466666666666,0.0,3309.0,0.0001212948508797,-0.0056633463641002,0.6163802082300118,discharge
3.6646380362774353,-0.0006800296030415,8.951117196001125,0.00036,0.0,3310.0,0.0001212948508797,-0.005663346364102,0.6163801137814557,discharge
3.664759331128315,-0.000581105644825,8.945453849637024,0.0003733333333333,0.0,3311.0,0.0001212948508797,-0.0056633463641002,0.6163800330723385,discharge
3.6648806259791953,-0.0004821816866083,8.939790503272924,0.0003866666666666,0.0,3312.0,0.0001212948508801,-0.0056633463641002,0.6163799661026599,discharge
3.665001920830075,-0.0003832577283918,8.934127156908824,0.0004,0.0,3313.0,0.0001212948508797,-0.0056633463641002,0.6163799128724197,discharge
3.665136153984957,-0.0004327807636931,8.929018281071183,0.0004,0.0,3314.0,0.0001342331548821,-0.0051088758376405,0.6163798527639803,discharge
3.6652703871398393,-0.0004823037989944,8.923909405233545,0.0004,0.0,3315.0,0.0001342331548821,-0.0051088758376387,0.6163797857773416,discharge
3.6654046202947215,-0.0005318268342958,8.918800529395906,0.0004,0.0,3316.0,0.0001342331548821,-0.0051088758376387,0.6163797119125034,discharge
3.665538853449603,-0.0005813498695971,8.913691653558265,0.0004,0.0,3317.0,0.0001342331548821,-0.0051088758376405,0.616379631169466,discharge
3.6656730866044858,-0.0006308729048985,8.908582777720625,0.0004,0.0,3318.0,0.0001342331548821,-0.0051088758376405,0.6163795435482292,discharge
3.665807319759368,-0.0006803959401998,8.903473901882986,0.0004,0.0,3319.0,0.0001342331548821,-0.0051088758376387,0.616379449048793,discharge
3.66594155291425,-0.0007299189755012,8.898365026045347,0.0004,0.0,3320.0,0.0001342331548821,-0.0051088758376387,0.6163793476711577,discharge
3.666075786069132,-0.0007794420108025,8.893256150207707,0.0004,0.0,3321.0,0.0001342331548817,-0.0051088758376405,0.6163792394153228,discharge
3.666210019224014,-0.0008289650461038,8.888147274370066,0.0004,0.0,3322.0,0.0001342331548821,-0.0051088758376405,0.6163791242812886,discharge
3.666344252378896,-0.0008784880814052,8.883038398532427,0.0004,0.0,3323.0,0.0001342331548821,-0.0051088758376387,0.6163790022690551,discharge
3.666478485533778,-0.0009280111167065,8.877929522694789,0.0004,0.0,3324.0,0.0001342331548821,-0.0051088758376387,0.6163788733786222,discharge
3.66661271868866,-0.0009775341520079,8.872820646857148,0.0004,0.0,3325.0,0.0001342331548821,-0.0051088758376405,0.6163787376099901,discharge
3.6667469518435425,-0.0010270571873092,8.867711771019508,0.0004,0.0,3326.0,0.0001342331548821,-0.0051088758376405,0.6163785949631584,discharge
3.6668811849984246,-0.0010765802226106,8.862602895181869,0.0004,0.0,3327.0,0.0001342331548821,-0.0051088758376387,0.6163784454381275,discharge
3.667015418153307,-0.0011261032579119,8.85749401934423,0.0004,0.0,3328.0,0.0001342331548821,-0.0051088758376387,0.6163782890348972,discharge
3.667149651308189,-0.0011756262932133,8.85238514350659,0.0004,0.0,3329.0,0.0001342331548821,-0.0051088758376405,0.6163781257534676,discharge
3.6672852513624594,-0.0010708915302456,8.848204038343157,0.0003866666666666,0.0,3330.0,0.0001356000542704,-0.0041811051634326,0.6163779770185329,discharge
3.66742085141673,-0.0009661567672779,8.844022933179724,0.0003733333333333,0.0,3331.0,0.0001356000542704,-0.0041811051634326,0.616377842830093,discharge
3.667556451471,-0.0008614220043102,8.839841828016292,0.00036,0.0,3332.0,0.0001356000542704,-0.0041811051634326,0.616377723188148,discharge
3.6676920515252704,-0.0007566872413426,8.835660722852857,0.0003466666666666,0.0,3333.0,0.00013560005427,-0.0041811051634343,0.6163776180926978,discharge
3.667827651579541,-0.0006519524783749,8.831479617689425,0.0003333333333333,0.0,3334.0,0.0001356000542704,-0.0041811051634326,0.6163775275437424,discharge
3.667963251633811,-0.0005472177154072,8.827298512525992,0.00032,0.0,3335.0,0.0001356000542704,-0.0041811051634326,0.616377451541282,discharge
3.668098851688082,-0.0004424829524395,8.82311740736256,0.0003066666666666,0.0,3336.0,0.0001356000542704,-0.0041811051634326,0.6163773900853163,discharge
3.668234451742352,-0.0003377481894719,8.818936302199127,0.0002933333333333,0.0,3337.0,0.0001356000542704,-0.0041811051634326,0.6163773431758456,discharge
3.668370051796623,-0.0002330134265042,8.814755197035694,0.00028,0.0,3338.0,0.0001356000542704,-0.0041811051634326,0.6163773108128696,discharge
3.6685056518508934,-0.0001282786635365,8.810574091872262,0.0002666666666666,0.0,3339.0,0.0001356000542704,-0.0041811051634326,0.6163772929963887,discharge
3.668641251905164,-2.354390056889321e-05,8.806392986708829,0.0002533333333333,0.0,3340.0,0.0001356000542704,-0.0041811051634326,0.6163772897264024,discharge
3.668776851959434,8.119086239878013e-05,8.802211881545395,0.00024,0.0,3341.0,0.00013560005427,-0.0041811051634343,0.6163773010029111,discharge
3.668912452013704,0.0001859256253664,8.798030776381962,0.0002266666666666,0.0,3342.0,0.0001356000542704,-0.0041811051634326,0.6163773268259147,discharge
3.669048052067975,0.0002906603883341,8.79384967121853,0.0002133333333333,0.0,3343.0,0.0001356000542704,-0.0041811051634326,0.616377367195413,discharge
3.6691836521222454,0.0003953951513018,8.789668566055097,0.0002,0.0,3344.0,0.0001356000542704,-0.0041811051634326,0.6163774221114062,discharge
3.6692940515285866,0.0004010127212202,8.785319247923866,0.0002133333333333,0.0,3345.0,0.0001103994063411,-0.004349318131231,0.6163774778076175,discharge
3.669404450934928,0.0004066302911387,8.780969929792633,0.0002266666666666,0.0,3346.0,0.0001103994063411,-0.0043493181312328,0.616377534284047,discharge
3.669514850341269,0.0004122478610571,8.776620611661402,0.00024,0.0,3347.0,0.0001103994063411,-0.004349318131231,0.6163775915406944,discharge
3.66962524974761,0.0004178654309756,8.77227129353017,0.0002533333333333,0.0,3348.0,0.0001103994063411,-0.004349318131231,0.6163776495775597,discharge
3.6697356491539512,0.0004234830008941,8.767921975398938,0.0002666666666666,0.0,3349.0,0.0001103994063411,-0.0043493181312328,0.6163777083946431,discharge
3.669846048560293,0.0004291005708125,8.763572657267707,0.00028,0.0,3350.0,0.0001103994063411,-0.004349318131231,0.6163777679919447,discharge
3.6699564479666336,0.000434718140731,8.759223339136476,0.0002933333333333,0.0,3351.0,0.0001103994063411,-0.004349318131231,0.6163778283694641,discharge
3.6700668473729743,0.0004403357106494,8.754874021005243,0.0003066666666666,0.0,3352.0,0.0001103994063407,-0.0043493181312328,0.6163778895272017,discharge
3.670177246779315,0.0004459532805679,8.750524702874012,0.00032,0.0,3353.0,0.0001103994063411,-0.004349318131231,0.6163779514651574,discharge
3.6702876461856566,0.0004515708504864,8.74617538474278,0.0003333333333333,0.0,3354.0,0.0001103994063411,-0.004349318131231,0.616378014183331,discharge
3.670398045591998,0.0004571884204048,8.741826066611548,0.0003466666666666,0.0,3355.0,0.0001103994063411,-0.0043493181312328,0.6163780776817228,discharge
3.670508444998339,0.0004628059903233,8.737476748480317,0.00036,0.0,3356.0,0.0001103994063411,-0.004349318131231,0.6163781419603327,discharge
3.67061884440468,0.0004684235602417,8.733127430349086,0.0003733333333333,0.0,3357.0,0.0001103994063411,-0.004349318131231,0.6163782070191604,discharge
3.6707292438110217,0.0004740411301602,8.728778112217853,0.0003866666666666,0.0,3358.0,0.0001103994063411,-0.0043493181312328,0.6163782728582062,discharge
3.6708396432173624,0.0004796587000787,8.724428794086622,0.0004,0.0,3359.0,0.0001103994063411,-0.004349318131231,0.6163783394774701,discharge
3.6709452960846,0.0003558633385353,8.717536160914769,0.0004,0.0,3360.0,0.0001056528672371,-0.0068926331718532,0.6163783889029337,discharge
3.671050948951837,0.000232067976992,8.710643527742915,0.0004,0.0,3361.0,0.0001056528672371,-0.0068926331718532,0.6163784211345973,discharge
3.6711566018190744,0.0001082726154487,8.703750894571064,0.0004,0.0,3362.0,0.0001056528672376,-0.0068926331718515,0.6163784361724605,discharge
3.671262254686312,-1.5522746094606688e-05,8.69685826139921,0.0004,0.0,3363.0,0.0001056528672371,-0.0068926331718532,0.6163784340165235,discharge
3.671367907553549,-0.0001393181076379,8.689965628227357,0.0004,0.0,3364.0,0.0001056528672371,-0.0068926331718532,0.6163784146667863,discharge
3.671473560420786,-0.0002631134691812,8.683072995055504,0.0004,0.0,3365.0,0.0001056528672371,-0.0068926331718532,0.6163783781232489,discharge
3.671579213288023,-0.0003869088307245,8.67618036188365,0.0004,0.0,3366.0,0.0001056528672371,-0.0068926331718532,0.6163783243859113,discharge
3.671684866155261,-0.0005107041922679,8.669287728711799,0.0004,0.0,3367.0,0.0001056528672376,-0.0068926331718515,0.6163782534547735,discharge
3.671790519022498,-0.0006344995538112,8.662395095539946,0.0004,0.0,3368.0,0.0001056528672371,-0.0068926331718532,0.6163781653298355,discharge
3.671896171889735,-0.0007582949153545,8.655502462368093,0.0004,0.0,3369.0,0.0001056528672371,-0.0068926331718532,0.6163780600110973,discharge
3.672001824756972,-0.0008820902768978,8.64860982919624,0.0004,0.0,3370.0,0.0001056528672371,-0.0068926331718532,0.6163779374985587,discharge
3.6721074776242095,-0.0010058856384412,8.641717196024386,0.0004,0.0,3371.0,0.0001056528672371,-0.0068926331718532,0.6163777977922201,discharge
3.672213130491447,-0.0011296809999845,8.634824562852534,0.0004,0.0,3372.0,0.0001056528672376,-0.0068926331718515,0.6163776408920812,discharge
3.672318783358684,-0.0012534763615278,8.627931929680681,0.0004,0.0,3373.0,0.0001056528672371,-0.0068926331718532,0.6163774667981422,discharge
3.6724244362259215,-0.0013772717230712,8.621039296508828,0.0004,0.0,3374.0,0.0001056528672371,-0.0068926331718532,0.6163772755104029,discharge
3.672532879979782,-0.0013031839993873,8.616765042294782,0.0004,0.0,3375.0,0.0001084437538603,-0.0042742542140459,0.6163770945126252,discharge
3.672641323733642,-0.0012290962757035,8.612490788080736,0.0004,0.0,3376.0,0.0001084437538603,-0.0042742542140459,0.6163769238048091,discharge
3.6727497674875025,-0.0011550085520196,8.60821653386669,0.0004,0.0,3377.0,0.0001084437538603,-0.0042742542140459,0.6163767633869547,discharge
3.6728582112413624,-0.0010809208283358,8.603942279652646,0.0004,0.0,3378.0,0.0001084437538598,-0.0042742542140441,0.6163766132590618,discharge
3.6729666549952222,-0.0010068331046519,8.5996680254386,0.0004,0.0,3379.0,0.0001084437538603,-0.0042742542140459,0.6163764734211306,discharge
3.673075098749083,-0.0009327453809681,8.595393771224554,0.0004,0.0,3380.0,0.0001084437538603,-0.0042742542140459,0.6163763438731611,discharge
3.6731835425029433,-0.0008586576572842,8.591119517010508,0.0004,0.0,3381.0,0.0001084437538603,-0.0042742542140459,0.6163762246151531,discharge
3.673291986256803,-0.0007845699336004,8.586845262796462,0.0004,0.0,3382.0,0.0001084437538603,-0.0042742542140459,0.6163761156471067,discharge
3.673400430010664,-0.0007104822099165,8.582571008582416,0.0004,0.0,3383.0,0.0001084437538603,-0.0042742542140459,0.616376016969022,discharge
3.673508873764524,-0.0006363944862327,8.57829675436837,0.0004,0.0,3384.0,0.0001084437538603,-0.0042742542140459,0.616375928580899,discharge
3.6736173175183846,-0.0005623067625488,8.574022500154324,0.0004,0.0,3385.0,0.0001084437538603,-0.0042742542140459,0.6163758504827375,discharge
3.673725761272245,-0.000488219038865,8.56974824594028,0.0004,0.0,3386.0,0.0001084437538598,-0.0042742542140441,0.6163757826745376,discharge
3.673834205026105,-0.0004141313151811,8.565473991726234,0.0004,0.0,3387.0,0.0001084437538603,-0.0042742542140459,0.6163757251562993,discharge
3.673942648779965,-0.0003400435914973,8.561199737512188,0.0004,0.0,3388.0,0.0001084437538603,-0.0042742542140459,0.6163756779280227,discharge
3.6740510925338254,-0.0002659558678135,8.556925483298143,0.0004,0.0,3389.0,0.0001084437538603,-0.0042742542140459,0.6163756409897079,discharge
3.6741558759162145,-0.0002377951087866,8.55252799273059,0.0004,0.0,3390.0,0.000104783382389,-0.0043974905675518,0.6163756079626094,discharge
3.674260659298603,-0.0002096343497598,8.548130502163037,0.0004,0.0,3391.0,0.000104783382389,-0.0043974905675536,0.6163755788467276,discharge
3.6743654426809926,-0.000181473590733,8.543733011595485,0.0004,0.0,3392.0,0.000104783382389,-0.0043974905675518,0.6163755536420621,discharge
3.6744702260633817,-0.0001533128317062,8.539335521027933,0.0004,0.0,3393.0,0.000104783382389,-0.0043974905675518,0.6163755323486133,discharge
3.674575009445771,-0.0001251520726794,8.534938030460381,0.0004,0.0,3394.0,0.000104783382389,-0.0043974905675518,0.616375514966381,discharge
3.67467979282816,-9.699131365262e-05,8.530540539892828,0.0004,0.0,3395.0,0.000104783382389,-0.0043974905675536,0.6163755014953652,discharge
3.674784576210549,-6.883055462580666e-05,8.526143049325276,0.0004,0.0,3396.0,0.000104783382389,-0.0043974905675518,0.616375491935566,discharge
3.6748893595929384,-4.066979559899333e-05,8.521745558757724,0.0004,0.0,3397.0,0.0001047833823895,-0.0043974905675518,0.6163754862869832,discharge
3.674994142975327,-1.2509036572179995e-05,8.517348068190172,0.0004,0.0,3398.0,0.000104783382389,-0.0043974905675518,0.6163754845496172,discharge
3.675098926357717,1.565172245463334e-05,8.512950577622618,0.0004,0.0,3399.0,0.000104783382389,-0.0043974905675536,0.6163754867234674,discharge
3.6752037097401056,4.381248148144667e-05,8.508553087055066,0.0004,0.0,3400.0,0.000104783382389,-0.0043974905675518,0.6163754928085343,discharge
3.675308493122494,7.197324050826e-05,8.504155596487514,0.0004,0.0,3401.0,0.000104783382389,-0.0043974905675518,0.6163755028048179,discharge
3.675413276504884,0.000100133999535,8.499758105919963,0.0004,0.0,3402.0,0.000104783382389,-0.0043974905675518,0.6163755167123177,discharge
3.6755180598872728,0.0001282947585618,8.495360615352409,0.0004,0.0,3403.0,0.000104783382389,-0.0043974905675536,0.6163755345310342,discharge
3.675622843269662,0.0001564555175887,8.490963124784857,0.0004,0.0,3404.0,0.000104783382389,-0.0043974905675518,0.6163755562609673,discharge
3.67571604866139,7.278061301933999e-05,8.484751152576992,0.0004,0.0,3405.0,9.320539172819052e-05,-0.0062119722078648,0.6163755663693857,discharge
3.675809254053118,-1.089429155002e-05,8.478539180369127,0.0004,0.0,3406.0,9.320539172863462e-05,-0.0062119722078648,0.6163755648562897,discharge
3.675902459444847,-9.456919611938e-05,8.472327208161262,0.0004,0.0,3407.0,9.320539172819052e-05,-0.0062119722078648,0.6163755517216791,discharge
3.675995664836575,-0.0001782441006887,8.466115235953398,0.0004,0.0,3408.0,9.320539172863462e-05,-0.0062119722078648,0.616375526965554,discharge
3.676088870228304,-0.0002619190052581,8.459903263745533,0.0004,0.0,3409.0,9.320539172819052e-05,-0.0062119722078648,0.6163754905879144,discharge
3.676182075620032,-0.0003455939098274,8.453691291537668,0.0004,0.0,3410.0,9.320539172819052e-05,-0.0062119722078648,0.6163754425887602,discharge
3.676275281011761,-0.0004292688143968,8.447479319329803,0.0004,0.0,3411.0,9.320539172863462e-05,-0.0062119722078648,0.6163753829680916,discharge
3.6763684864034887,-0.0005129437189661,8.441267347121938,0.0004,0.0,3412.0,9.320539172819052e-05,-0.0062119722078648,0.6163753117259083,discharge
3.6764616917952178,-0.0005966186235355,8.435055374914073,0.0004,0.0,3413.0,9.320539172863462e-05,-0.0062119722078648,0.6163752288622106,discharge
3.6765548971869455,-0.0006802935281049,8.428843402706208,0.0004,0.0,3414.0,9.320539172819052e-05,-0.0062119722078648,0.6163751343769983,discharge
3.6766481025786737,-0.0007639684326742,8.422631430498344,0.0004,0.0,3415.0,9.320539172819052e-05,-0.0062119722078648,0.6163750282702716,discharge
3.6767413079704023,-0.0008476433372436,8.416419458290479,0.0004,0.0,3416.0,9.320539172863462e-05,-0.0062119722078648,0.6163749105420304,discharge
3.6768345133621305,-0.0009313182418129,8.410207486082614,0.0004,0.0,3417.0,9.320539172819052e-05,-0.0062119722078648,0.6163747811922746,discharge
3.676927718753859,-0.0010149931463823,8.403995513874749,0.0004,0.0,3418.0,9.320539172863462e-05,-0.0062119722078648,0.6163746402210042,discharge
3.6770209241455873,-0.0010986680509517,8.397783541666884,0.0004,0.0,3419.0,9.320539172819052e-05,-0.0062119722078648,0.6163744876282193,discharge
3.67710906508336,-0.0011323401896687,8.393845118389457,0.0004,0.0,3420.0,8.81409377724296e-05,-0.0039384232774271,0.6163743303587486,discharge
3.677197206021132,-0.0011660123283858,8.389906695112032,0.0004,0.0,3421.0,8.81409377724296e-05,-0.0039384232774253,0.6163741684125918,discharge
3.6772853469589046,-0.0011996844671029,8.385968271834605,0.0004,0.0,3422.0,8.81409377724296e-05,-0.0039384232774271,0.6163740017897492,discharge
3.677373487896677,-0.00123335660582,8.382029848557178,0.0004,0.0,3423.0,8.81409377724296e-05,-0.0039384232774271,0.6163738304902207,discharge
3.6774616288344495,-0.0012670287445371,8.378091425279752,0.0004,0.0,3424.0,8.81409377724296e-05,-0.0039384232774253,0.6163736545140062,discharge
3.677549769772222,-0.0013007008832542,8.374153002002325,0.0004,0.0,3425.0,8.81409377724296e-05,-0.0039384232774271,0.6163734738611057,discharge
3.6776379107099944,-0.0013343730219713,8.370214578724898,0.0004,0.0,3426.0,8.81409377724296e-05,-0.0039384232774271,0.6163732885315193,discharge
3.677726051647767,-0.0013680451606883,8.366276155447473,0.0004,0.0,3427.0,8.81409377724296e-05,-0.0039384232774253,0.6163730985252469,discharge
3.677814192585539,-0.0014017172994054,8.362337732170046,0.0004,0.0,3428.0,8.81409377724296e-05,-0.0039384232774271,0.6163729038422887,discharge
3.677902333523312,-0.0014353894381225,8.358399308892619,0.0004,0.0,3429.0,8.81409377724296e-05,-0.0039384232774271,0.6163727044826446,discharge
3.677990474461084,-0.0014690615768396,8.354460885615193,0.0004,0.0,3430.0,8.81409377724296e-05,-0.0039384232774253,0.6163725004463145,discharge
3.678078615398857,-0.0015027337155567,8.350522462337766,0.0004,0.0,3431.0,8.81409377724296e-05,-0.0039384232774271,0.6163722917332984,discharge
3.678166756336629,-0.0015364058542738,8.346584039060339,0.0004,0.0,3432.0,8.81409377724296e-05,-0.0039384232774271,0.6163720783435964,discharge
3.678254897274402,-0.0015700779929909,8.342645615782914,0.0004,0.0,3433.0,8.81409377724296e-05,-0.0039384232774253,0.6163718602772085,discharge
3.678343038212174,-0.001603750131708,8.338707192505487,0.0004,0.0,3434.0,8.81409377724296e-05,-0.0039384232774271,0.6163716375341346,discharge
3.6784448092287056,-0.0015422706161254,8.335372438576501,0.0004,0.0,3435.0,0.0001017710165318,-0.0033347539289856,0.6163714233298824,discharge
3.6785465802452375,-0.0014807911005428,8.332037684647513,0.0004,0.0,3436.0,0.0001017710165318,-0.0033347539289874,0.6163712176644518,discharge
3.67864835126177,-0.0014193115849602,8.328702930718528,0.0004,0.0,3437.0,0.0001017710165323,-0.0033347539289856,0.6163710205378428,discharge
3.6787501222783017,-0.0013578320693776,8.32536817678954,0.0004,0.0,3438.0,0.0001017710165318,-0.0033347539289874,0.6163708319500553,discharge
3.6788518932948335,-0.0012963525537951,8.322033422860555,0.0004,0.0,3439.0,0.0001017710165318,-0.0033347539289856,0.6163706519010894,discharge
3.6789536643113654,-0.0012348730382125,8.318698668931567,0.0004,0.0,3440.0,0.0001017710165318,-0.0033347539289874,0.6163704803909453,discharge
3.6790554353278977,-0.0011733935226299,8.315363915002582,0.0004,0.0,3441.0,0.0001017710165318,-0.0033347539289856,0.6163703174196227,discharge
3.6791572063444296,-0.0011119140070473,8.312029161073594,0.0004,0.0,3442.0,0.0001017710165323,-0.0033347539289874,0.6163701629871217,discharge
3.6792589773609614,-0.0010504344914647,8.308694407144609,0.0004,0.0,3443.0,0.0001017710165318,-0.0033347539289856,0.6163700170934423,discharge
3.6793607483774937,-0.0009889549758822,8.305359653215621,0.0004,0.0,3444.0,0.0001017710165318,-0.0033347539289874,0.6163698797385846,discharge
3.679462519394025,-0.0009274754602996,8.302024899286636,0.0004,0.0,3445.0,0.0001017710165318,-0.0033347539289856,0.6163697509225484,discharge
3.679564290410557,-0.000865995944717,8.298690145357648,0.0004,0.0,3446.0,0.0001017710165318,-0.0033347539289874,0.6163696306453339,discharge
3.6796660614270897,-0.0008045164291344,8.295355391428663,0.0004,0.0,3447.0,0.0001017710165323,-0.0033347539289856,0.6163695189069409,discharge
3.679767832443621,-0.0007430369135518,8.292020637499675,0.0004,0.0,3448.0,0.0001017710165318,-0.0033347539289874,0.6163694157073696,discharge
3.679869603460153,-0.0006815573979693,8.28868588357069,0.0004,0.0,3449.0,0.0001017710165318,-0.0033347539289856,0.6163693210466199,discharge
3.679943930962624,-0.0007156622508053,8.28583214211455,0.0004,0.0,3450.0,7.432750247104991e-05,-0.0028537414561391,0.616369221649085,discharge
3.680018258465095,-0.0007497671036413,8.282978400658411,0.0004,0.0,3451.0,7.432750247104991e-05,-0.0028537414561391,0.6163691175147651,discharge
3.680092585967566,-0.0007838719564774,8.280124659202274,0.0004,0.0,3452.0,7.432750247104991e-05,-0.0028537414561373,0.61636900864366,discharge
3.680166913470037,-0.0008179768093134,8.277270917746135,0.0004,0.0,3453.0,7.432750247104991e-05,-0.0028537414561391,0.6163688950357697,discharge
3.680241240972508,-0.0008520816621494,8.274417176289996,0.0004,0.0,3454.0,7.432750247104991e-05,-0.0028537414561391,0.6163687766910945,discharge
3.6803155684749793,-0.0008861865149855,8.271563434833858,0.0004,0.0,3455.0,7.432750247104991e-05,-0.0028537414561373,0.6163686536096341,discharge
3.6803898959774504,-0.0009202913678215,8.268709693377719,0.0004,0.0,3456.0,7.432750247104991e-05,-0.0028537414561391,0.6163685257913886,discharge
3.6804642234799214,-0.0009543962206576,8.26585595192158,0.0004,0.0,3457.0,7.432750247104991e-05,-0.0028537414561391,0.616368393236358,discharge
3.680538550982393,-0.0009885010734936,8.26300221046544,0.0004,0.0,3458.0,7.4327502471494e-05,-0.0028537414561391,0.6163682559445421,discharge
3.680612878484864,-0.0010226059263296,8.260148469009302,0.0004,0.0,3459.0,7.432750247104991e-05,-0.0028537414561391,0.6163681139159413,discharge
3.680687205987335,-0.0010567107791657,8.257294727553164,0.0004,0.0,3460.0,7.432750247104991e-05,-0.0028537414561373,0.6163679671505553,discharge
3.680761533489806,-0.0010908156320017,8.254440986097025,0.0004,0.0,3461.0,7.432750247104991e-05,-0.0028537414561391,0.6163678156483842,discharge
3.680835860992277,-0.0011249204848377,8.251587244640886,0.0004,0.0,3462.0,7.432750247104991e-05,-0.0028537414561391,0.616367659409428,discharge
3.680910188494748,-0.0011590253376738,8.248733503184749,0.0004,0.0,3463.0,7.432750247104991e-05,-0.0028537414561373,0.6163674984336867,discharge
3.680984515997219,-0.0011931301905098,8.24587976172861,0.0004,0.0,3464.0,7.432750247104991e-05,-0.0028537414561391,0.6163673327211601,discharge
3.6810588434996903,-0.0012272350433459,8.24302602027247,0.0004,0.0,3465.0,7.432750247104991e-05,-0.0028537414561391,0.6163671622718485,discharge
3.6811445583795654,-0.0011795416698046,8.239092152419175,0.0004,0.0,3466.0,8.571487987518722e-05,-0.0039338678532949,0.6163669984466167,discharge
3.68123027325944,-0.0011318482962633,8.23515828456588,0.0004,0.0,3467.0,8.571487987474313e-05,-0.0039338678532949,0.6163668412454644,discharge
3.6813159881393154,-0.001084154922722,8.231224416712585,0.0004,0.0,3468.0,8.571487987518722e-05,-0.0039338678532949,0.6163666906683918,discharge
3.6814017030191906,-0.0010364615491807,8.227290548859289,0.0004,0.0,3469.0,8.571487987518722e-05,-0.0039338678532967,0.6163665467153989,discharge
3.6814874178990658,-0.0009887681756394,8.223356681005994,0.0004,0.0,3470.0,8.571487987474313e-05,-0.0039338678532949,0.6163664093864856,discharge
3.681573132778941,-0.0009410748020981,8.219422813152699,0.0004,0.0,3471.0,8.571487987518722e-05,-0.0039338678532949,0.616366278681652,discharge
3.681658847658816,-0.0008933814285568,8.215488945299404,0.0004,0.0,3472.0,8.571487987518722e-05,-0.0039338678532949,0.616366154600898,discharge
3.6817445625386904,-0.0008456880550156,8.211555077446109,0.0004,0.0,3473.0,8.571487987474313e-05,-0.0039338678532949,0.6163660371442237,discharge
3.6818302774185656,-0.0007979946814743,8.207621209592814,0.0004,0.0,3474.0,8.571487987518722e-05,-0.0039338678532949,0.616365926311629,discharge
3.681915992298441,-0.000750301307933,8.203687341739519,0.0004,0.0,3475.0,8.571487987518722e-05,-0.0039338678532949,0.6163658221031141,discharge
3.682001707178315,-0.0007026079343917,8.199753473886224,0.0004,0.0,3476.0,8.571487987474313e-05,-0.0039338678532949,0.6163657245186787,discharge
3.6820874220581903,-0.0006549145608504,8.195819606032927,0.0004,0.0,3477.0,8.571487987518722e-05,-0.0039338678532967,0.616365633558323,discharge
3.682173136938066,-0.0006072211873091,8.191885738179632,0.0004,0.0,3478.0,8.571487987518722e-05,-0.0039338678532949,0.616365549222047,discharge
3.6822588518179407,-0.0005595278137678,8.187951870326337,0.0004,0.0,3479.0,8.571487987474313e-05,-0.0039338678532949,0.6163654715098507,discharge
3.682344566697816,-0.0005118344402266,8.184018002473042,0.0004,0.0,3480.0,8.571487987518722e-05,-0.0039338678532949,0.6163654004217339,discharge
3.68242053645955,-0.0004886397899001,8.180642734274512,0.0004,0.0,3481.0,7.596976173429582e-05,-0.0033752681985301,0.6163653325550964,discharge
3.682496506221285,-0.0004654451395737,8.177267466075984,0.0004,0.0,3482.0,7.596976173429582e-05,-0.0033752681985284,0.6163652679099382,discharge
3.6825724759830183,-0.0004422504892473,8.173892197877453,0.0004,0.0,3483.0,7.596976173429582e-05,-0.0033752681985301,0.616365206486259,discharge
3.6826484457447526,-0.0004190558389208,8.170516929678925,0.0004,0.0,3484.0,7.596976173385173e-05,-0.0033752681985284,0.6163651482840593,discharge
3.682724415506487,-0.0003958611885944,8.167141661480395,0.0004,0.0,3485.0,7.596976173429582e-05,-0.0033752681985301,0.6163650933033387,discharge
3.682800385268221,-0.000372666538268,8.163766393281866,0.0004,0.0,3486.0,7.596976173429582e-05,-0.0033752681985284,0.6163650415440971,discharge
3.682876355029955,-0.0003494718879415,8.160391125083336,0.0004,0.0,3487.0,7.596976173429582e-05,-0.0033752681985301,0.616364993006335,discharge
3.6829523247916898,-0.0003262772376151,8.157015856884808,0.0004,0.0,3488.0,7.596976173429582e-05,-0.0033752681985284,0.6163649476900519,discharge
3.683028294553424,-0.0003030825872887,8.153640588686278,0.0004,0.0,3489.0,7.596976173429582e-05,-0.0033752681985301,0.6163649055952481,discharge
3.6831042643151584,-0.0002798879369622,8.15026532048775,0.0004,0.0,3490.0,7.596976173429582e-05,-0.0033752681985284,0.6163648667219236,discharge
3.6831802340768927,-0.0002566932866358,8.14689005228922,0.0004,0.0,3491.0,7.596976173429582e-05,-0.0033752681985301,0.6163648310700782,discharge
3.6832562038386265,-0.0002334986363094,8.14351478409069,0.0004,0.0,3492.0,7.596976173385173e-05,-0.0033752681985284,0.616364798639712,discharge
3.683332173600361,-0.0002103039859829,8.14013951589216,0.0004,0.0,3493.0,7.596976173429582e-05,-0.0033752681985301,0.6163647694308252,discharge
3.683408143362095,-0.0001871093356565,8.136764247693632,0.0004,0.0,3494.0,7.596976173429582e-05,-0.0033752681985284,0.6163647434434174,discharge
3.6834841131238294,-0.0001639146853301,8.133388979495102,0.0004,0.0,3495.0,7.596976173429582e-05,-0.0033752681985301,0.6163647206774889,discharge
3.683562046521962,-0.0002306806614356,8.129434416516554,0.0003866666666666,0.0,3496.0,7.793339813266797e-05,-0.0039545629785475,0.6163646886385081,discharge
3.6836399799200943,-0.0002974466375411,8.125479853538007,0.0003733333333333,0.0,3497.0,7.793339813222389e-05,-0.0039545629785475,0.6163646473264752,discharge
3.683717913318227,-0.0003642126136466,8.12152529055946,0.00036,0.0,3498.0,7.793339813266797e-05,-0.0039545629785475,0.61636459674139,discharge
3.68379584671636,-0.0004309785897521,8.117570727580913,0.0003466666666666,0.0,3499.0,7.793339813266797e-05,-0.0039545629785457,0.6163645368832524,discharge
3.683873780114492,-0.0004977445658576,8.113616164602366,0.0003333333333333,0.0,3500.0,7.793339813222389e-05,-0.0039545629785475,0.6163644677520628,discharge
3.683951713512625,-0.0005645105419631,8.109661601623818,0.00032,0.0,3501.0,7.793339813266797e-05,-0.0039545629785475,0.6163643893478208,discharge
3.684029646910757,-0.0006312765180686,8.10570703864527,0.0003066666666666,0.0,3502.0,7.793339813266797e-05,-0.0039545629785475,0.6163643016705267,discharge
3.6841075803088894,-0.0006980424941742,8.101752475666723,0.0002933333333333,0.0,3503.0,7.793339813222389e-05,-0.0039545629785475,0.6163642047201803,discharge
3.684185513707022,-0.0007648084702797,8.097797912688176,0.00028,0.0,3504.0,7.793339813266797e-05,-0.0039545629785475,0.6163640984967815,discharge
3.6842634471051543,-0.0008315744463852,8.093843349709628,0.0002666666666666,0.0,3505.0,7.793339813266797e-05,-0.0039545629785475,0.6163639830003307,discharge
3.684341380503287,-0.0008983404224907,8.08988878673108,0.0002533333333333,0.0,3506.0,7.793339813222389e-05,-0.0039545629785475,0.6163638582308276,discharge
3.684419313901419,-0.0009651063985962,8.085934223752535,0.00024,0.0,3507.0,7.793339813266797e-05,-0.0039545629785457,0.6163637241882722,discharge
3.684497247299552,-0.0010318723747017,8.081979660773987,0.0002266666666666,0.0,3508.0,7.793339813266797e-05,-0.0039545629785475,0.6163635808726646,discharge
3.684575180697685,-0.0010986383508072,8.07802509779544,0.0002133333333333,0.0,3509.0,7.793339813222389e-05,-0.0039545629785475,0.6163634282840048,discharge
3.684653114095817,-0.0011654043269128,8.074070534816892,0.0002,0.0,3510.0,7.793339813266797e-05,-0.0039545629785475,0.6163632664222927,discharge
3.6847301229401186,-0.0011761501074364,8.071228519391441,0.0002133333333333,0.0,3511.0,7.70088443013961e-05,-0.0028420154254504,0.6163631030681112,discharge
3.68480713178442,-0.00118689588796,8.06838650396599,0.0002266666666666,0.0,3512.0,7.70088443013961e-05,-0.0028420154254522,0.6163629382214599,discharge
3.6848841406287214,-0.0011976416684837,8.065544488540539,0.00024,0.0,3513.0,7.70088443013961e-05,-0.0028420154254504,0.6163627718823395,discharge
3.6849611494730232,-0.0012083874490073,8.062702473115086,0.0002533333333333,0.0,3514.0,7.700884430184018e-05,-0.0028420154254522,0.6163626040507493,discharge
3.6850381583173246,-0.001219133229531,8.059860457689636,0.0002666666666666,0.0,3515.0,7.70088443013961e-05,-0.0028420154254504,0.6163624347266896,discharge
3.685115167161626,-0.0012298790100546,8.057018442264184,0.00028,0.0,3516.0,7.70088443013961e-05,-0.0028420154254522,0.6163622639101605,discharge
3.6851921760059274,-0.0012406247905783,8.054176426838733,0.0002933333333333,0.0,3517.0,7.70088443013961e-05,-0.0028420154254504,0.6163620916011617,discharge
3.685269184850229,-0.0012513705711019,8.051334411413281,0.0003066666666666,0.0,3518.0,7.70088443013961e-05,-0.0028420154254522,0.6163619177996935,discharge
3.68534619369453,-0.0012621163516256,8.04849239598783,0.00032,0.0,3519.0,7.70088443013961e-05,-0.0028420154254504,0.6163617425057558,discharge
3.685423202538832,-0.0012728621321492,8.045650380562378,0.0003333333333333,0.0,3520.0,7.70088443013961e-05,-0.0028420154254522,0.6163615657193486,discharge
3.685500211383133,-0.0012836079126729,8.042808365136928,0.0003466666666666,0.0,3521.0,7.70088443013961e-05,-0.0028420154254504,0.6163613874404719,discharge
3.685577220227435,-0.0012943536931965,8.039966349711476,0.00036,0.0,3522.0,7.700884430184018e-05,-0.0028420154254522,0.6163612076691256,discharge
3.685654229071736,-0.0013050994737202,8.037124334286025,0.0003733333333333,0.0,3523.0,7.70088443013961e-05,-0.0028420154254504,0.6163610264053097,discharge
3.6857312379160376,-0.0013158452542438,8.034282318860573,0.0003866666666666,0.0,3524.0,7.70088443013961e-05,-0.0028420154254522,0.6163608436490244,discharge
3.685808246760339,-0.0013265910347675,8.031440303435122,0.0004,0.0,3525.0,7.70088443013961e-05,-0.0028420154254504,0.6163606594002695,discharge
3.685873787442435,-0.001332249441345,8.02790384116021,0.0003866666666666,0.0,3526.0,6.554068209574382e-05,-0.0035364622749121,0.6163604743656249,discharge
3.68593932812453,-0.0013379078479225,8.024367378885298,0.0003733333333333,0.0,3527.0,6.554068209529973e-05,-0.0035364622749121,0.6163602885450905,discharge
3.686004868806626,-0.0013435662545,8.020830916610386,0.00036,0.0,3528.0,6.554068209574382e-05,-0.0035364622749121,0.6163601019386662,discharge
3.686070409488721,-0.0013492246610775,8.017294454335474,0.0003466666666666,0.0,3529.0,6.554068209529973e-05,-0.0035364622749121,0.6163599145463522,discharge
3.686135950170817,-0.001354883067655,8.013757992060562,0.0003333333333333,0.0,3530.0,6.554068209574382e-05,-0.0035364622749121,0.6163597263681484,discharge
3.686201490852912,-0.0013605414742325,8.01022152978565,0.00032,0.0,3531.0,6.554068209529973e-05,-0.0035364622749121,0.6163595374040547,discharge
3.686267031535008,-0.00136619988081,8.006685067510737,0.0003066666666666,0.0,3532.0,6.554068209574382e-05,-0.0035364622749121,0.6163593476540712,discharge
3.686332572217103,-0.0013718582873876,8.003148605235825,0.0002933333333333,0.0,3533.0,6.554068209529973e-05,-0.0035364622749121,0.6163591571181981,discharge
3.686398112899199,-0.0013775166939651,7.999612142960914,0.00028,0.0,3534.0,6.554068209574382e-05,-0.0035364622749112,0.616358965796435,discharge
3.6864636535812942,-0.0013831751005426,7.996075680686002,0.0002666666666666,0.0,3535.0,6.554068209529973e-05,-0.0035364622749121,0.6163587736887821,discharge
3.68652919426339,-0.0013888335071201,7.99253921841109,0.0002533333333333,0.0,3536.0,6.554068209574382e-05,-0.0035364622749121,0.6163585807952394,discharge
3.6865947349454857,-0.0013944919136976,7.989002756136178,0.00024,0.0,3537.0,6.554068209529973e-05,-0.0035364622749121,0.6163583871158069,discharge
3.686660275627581,-0.0014001503202751,7.985466293861266,0.0002266666666666,0.0,3538.0,6.554068209574382e-05,-0.0035364622749121,0.6163581926504846,discharge
3.686725816309676,-0.0014058087268526,7.981929831586354,0.0002133333333333,0.0,3539.0,6.554068209529973e-05,-0.0035364622749121,0.6163579973992727,discharge
3.686791356991772,-0.0014114671334302,7.9783933693114415,0.0002,0.0,3540.0,6.554068209574382e-05,-0.0035364622749121,0.6163578013621708,discharge
3.686851975088845,-0.0013994828069268,7.975403642901389,0.0002133333333333,0.0,3541.0,6.0618097073028565e-05,-0.0029897264100524,0.6163576069895587,discharge
3.686912593185918,-0.0013874984804235,7.9724139164913375,0.0002266666666666,0.0,3542.0,6.0618097073028565e-05,-0.0029897264100515,0.6163574142814365,discharge
3.686973211282991,-0.0013755141539202,7.969424190081285,0.00024,0.0,3543.0,6.0618097073028565e-05,-0.0029897264100524,0.616357223237804,discharge
3.687033829380064,-0.0013635298274168,7.966434463671232,0.0002533333333333,0.0,3544.0,6.0618097073028565e-05,-0.0029897264100524,0.6163570338586613,discharge
3.687094447477137,-0.0013515455009135,7.96344473726118,0.0002666666666666,0.0,3545.0,6.0618097073028565e-05,-0.0029897264100524,0.6163568461440084,discharge
3.6871550655742102,-0.0013395611744102,7.960455010851128,0.00028,0.0,3546.0,6.0618097073028565e-05,-0.0029897264100515,0.6163566600938453,discharge
3.6872156836712833,-0.0013275768479068,7.957465284441076,0.0002933333333333,0.0,3547.0,6.0618097073028565e-05,-0.0029897264100524,0.616356475708172,discharge
3.687276301768356,-0.0013155925214035,7.954475558031024,0.0003066666666666,0.0,3548.0,6.061809707258448e-05,-0.0029897264100524,0.6163562929869885,discharge
3.687336919865429,-0.0013036081949002,7.951485831620971,0.00032,0.0,3549.0,6.0618097073028565e-05,-0.0029897264100524,0.6163561119302947,discharge
3.687397537962502,-0.0012916238683968,7.94849610521092,0.0003333333333333,0.0,3550.0,6.0618097073028565e-05,-0.0029897264100515,0.6163559325380907,discharge
3.687458156059575,-0.0012796395418935,7.945506378800867,0.0003466666666666,0.0,3551.0,6.0618097073028565e-05,-0.0029897264100524,0.6163557548103766,discharge
3.687518774156648,-0.0012676552153902,7.942516652390815,0.00036,0.0,3552.0,6.0618097073028565e-05,-0.0029897264100524,0.6163555787471522,discharge
3.687579392253721,-0.0012556708888868,7.939526925980762,0.0003733333333333,0.0,3553.0,6.0618097073028565e-05,-0.0029897264100524,0.6163554043484176,discharge
3.687640010350794,-0.0012436865623835,7.936537199570711,0.0003866666666666,0.0,3554.0,6.0618097073028565e-05,-0.0029897264100515,0.6163552316141729,discharge
3.687700628447867,-0.0012317022358802,7.933547473160658,0.0004,0.0,3555.0,6.0618097073028565e-05,-0.0029897264100524,0.6163550605444179,discharge
3.687773925983837,-0.0012404677224063,7.930931158412684,0.0004,0.0,3556.0,7.329753597007382e-05,-0.002616314747974,0.6163548882572343,discharge
3.6878472235198063,-0.0012492332089324,7.92831484366471,0.0004,0.0,3557.0,7.329753596962973e-05,-0.002616314747974,0.6163547147526219,discharge
3.687920521055777,-0.0012579986954585,7.925698528916736,0.0004,0.0,3558.0,7.329753597007382e-05,-0.002616314747974,0.6163545400305809,discharge
3.687993818591747,-0.0012667641819846,7.923082214168761,0.0004,0.0,3559.0,7.329753597007382e-05,-0.0026163147479749,0.6163543640911112,discharge
3.688067116127717,-0.0012755296685108,7.920465899420787,0.0004,0.0,3560.0,7.329753596962973e-05,-0.002616314747974,0.6163541869342128,discharge
3.6881404136636866,-0.0012842951550369,7.917849584672813,0.0004,0.0,3561.0,7.329753597007382e-05,-0.002616314747974,0.6163540085598858,discharge
3.6882137111996567,-0.001293060641563,7.915233269924839,0.0004,0.0,3562.0,7.329753597007382e-05,-0.002616314747974,0.6163538289681298,discharge
3.6882870087356263,-0.0013018261280891,7.912616955176865,0.0004,0.0,3563.0,7.329753596962973e-05,-0.002616314747974,0.6163536481589456,discharge
3.688360306271597,-0.0013105916146152,7.910000640428891,0.0004,0.0,3564.0,7.329753597007382e-05,-0.002616314747974,0.6163534661323323,discharge
3.6884336038075665,-0.0013193571011414,7.907384325680916,0.0004,0.0,3565.0,7.329753597007382e-05,-0.002616314747974,0.6163532828882905,discharge
3.688506901343536,-0.0013281225876675,7.904768010932942,0.0004,0.0,3566.0,7.329753596962973e-05,-0.002616314747974,0.61635309842682,discharge
3.688580198879506,-0.0013368880741936,7.902151696184967,0.0004,0.0,3567.0,7.329753597007382e-05,-0.0026163147479749,0.6163529127479208,discharge
3.688653496415476,-0.0013456535607197,7.899535381436993,0.0004,0.0,3568.0,7.329753597007382e-05,-0.002616314747974,0.6163527258515928,discharge
3.688726793951446,-0.0013544190472458,7.896919066689019,0.0004,0.0,3569.0,7.329753596962973e-05,-0.002616314747974,0.6163525377378363,discharge
3.688800091487416,-0.001363184533772,7.894302751941045,0.0004,0.0,3570.0,7.329753597007382e-05,-0.002616314747974,0.6163523484066511,discharge
3.688864684357036,-0.0012944883332418,7.891754233189803,0.0004,0.0,3571.0,6.459286962012811e-05,-0.0025485187512419,0.6163521686166048,discharge
3.688929277226656,-0.0012257921327116,7.889205714438561,0.0004,0.0,3572.0,6.459286961968402e-05,-0.0025485187512419,0.6163519983676975,discharge
3.688993870096276,-0.0011570959321814,7.886657195687319,0.0004,0.0,3573.0,6.459286962012811e-05,-0.0025485187512419,0.6163518376599291,discharge
3.689058462965896,-0.0010883997316512,7.884108676936078,0.0004,0.0,3574.0,6.459286962012811e-05,-0.002548518751241,0.6163516864932997,discharge
3.689123055835516,-0.001019703531121,7.881560158184836,0.0004,0.0,3575.0,6.459286962012811e-05,-0.0025485187512419,0.6163515448678093,discharge
3.689187648705136,-0.0009510073305908,7.879011639433594,0.0004,0.0,3576.0,6.459286961968402e-05,-0.0025485187512419,0.6163514127834578,discharge
3.689252241574756,-0.0008823111300606,7.876463120682352,0.0004,0.0,3577.0,6.459286962012811e-05,-0.0025485187512419,0.6163512902402453,discharge
3.689316834444376,-0.0008136149295305,7.87391460193111,0.0004,0.0,3578.0,6.459286962012811e-05,-0.0025485187512419,0.6163511772381718,discharge
3.689381427313996,-0.0007449187290003,7.871366083179868,0.0004,0.0,3579.0,6.459286962012811e-05,-0.0025485187512419,0.6163510737772371,discharge
3.689446020183616,-0.0006762225284701,7.868817564428627,0.0004,0.0,3580.0,6.459286961968402e-05,-0.0025485187512419,0.6163509798574416,discharge
3.689510613053236,-0.0006075263279399,7.866269045677384,0.0004,0.0,3581.0,6.459286962012811e-05,-0.0025485187512419,0.6163508954787849,discharge
3.689575205922856,-0.0005388301274097,7.863720526926143,0.0004,0.0,3582.0,6.459286962012811e-05,-0.002548518751241,0.6163508206412672,discharge
3.689639798792476,-0.0004701339268795,7.861172008174901,0.0004,0.0,3583.0,6.459286962012811e-05,-0.0025485187512419,0.6163507553448885,discharge
3.689704391662096,-0.0004014377263493,7.8586234894236595,0.0004,0.0,3584.0,6.459286961968402e-05,-0.0025485187512419,0.6163506995896487,discharge
3.689768984531716,-0.0003327415258192,7.856074970672418,0.0004,0.0,3585.0,6.459286962012811e-05,-0.0025485187512419,0.616350653375548,discharge
3.6898364651522897,-0.0002790886954848,7.854002034148004,0.0004,0.0,3586.0,6.748062057315707e-05,-0.0020729365244136,0.6163506146132292,discharge
3.689903945772863,-0.0002254358651504,7.851929097623589,0.0004,0.0,3587.0,6.748062057360116e-05,-0.0020729365244145,0.6163505833026923,discharge
3.689971426393436,-0.000171783034816,7.849856161099176,0.0004,0.0,3588.0,6.748062057315707e-05,-0.0020729365244136,0.6163505594439375,discharge
3.6900389070140096,-0.0001181302044816,7.847783224574761,0.0004,0.0,3589.0,6.748062057360116e-05,-0.0020729365244145,0.6163505430369647,discharge
3.6901063876345823,-6.447737414723332e-05,7.8457102880503475,0.0004,0.0,3590.0,6.748062057315707e-05,-0.0020729365244136,0.6163505340817738,discharge
3.690173868255156,-1.0824543812839993e-05,7.843637351525933,0.0004,0.0,3591.0,6.748062057315707e-05,-0.0020729365244145,0.6163505325783649,discharge
3.6902413488757295,4.282828652155334e-05,7.841564415001519,0.0004,0.0,3592.0,6.748062057360116e-05,-0.0020729365244136,0.616350538526738,discharge
3.6903088294963022,9.648111685594669e-05,7.839491478477105,0.0004,0.0,3593.0,6.748062057315707e-05,-0.0020729365244145,0.6163505519268931,discharge
3.690376310116876,0.0001501339471903,7.837418541952691,0.0004,0.0,3594.0,6.748062057360116e-05,-0.0020729365244136,0.6163505727788303,discharge
3.6904437907374494,0.0002037867775247,7.835345605428277,0.0004,0.0,3595.0,6.748062057315707e-05,-0.0020729365244145,0.6163506010825494,discharge
3.6905112713580226,0.0002574396078591,7.833272668903863,0.0004,0.0,3596.0,6.748062057315707e-05,-0.0020729365244136,0.6163506368380505,discharge
3.690578751978596,0.0003110924381935,7.831199732379448,0.0004,0.0,3597.0,6.748062057360116e-05,-0.0020729365244145,0.6163506800453336,discharge
3.69064623259917,0.0003647452685279,7.829126795855035,0.0004,0.0,3598.0,6.748062057315707e-05,-0.0020729365244136,0.6163507307043986,discharge
3.690713713219743,0.0004183980988623,7.82705385933062,0.0004,0.0,3599.0,6.748062057360116e-05,-0.0020729365244145,0.6163507888152456,discharge
3.690781193840316,0.0004720509291967,7.824980922806207,0.0004,0.0,3600.0,6.748062057315707e-05,-0.0020729365244136,0.6163508543778746,discharge
3.69083850522858,0.0003841597794204,7.8234644270143185,0.0004,0.0,3601.0,5.731138826359228e-05,-0.001516495791888,0.6163509077333996,discharge
3.6908958166168433,0.0002962686296442,7.82194793122243,0.0004,0.0,3602.0,5.731138826359228e-05,-0.0015164957918889,0.6163509488818204,discharge
3.690953128005107,0.000208377479868,7.820431435430541,0.0004,0.0,3603.0,5.731138826359228e-05,-0.001516495791888,0.6163509778231371,discharge
3.69101043939337,0.0001204863300918,7.818914939638653,0.0004,0.0,3604.0,5.731138826314819e-05,-0.001516495791888,0.6163509945573495,discharge
3.6910677507816336,3.259518031566665e-05,7.817398443846765,0.0004,0.0,3605.0,5.731138826359228e-05,-0.001516495791888,0.616350999084458,discharge
3.691125062169897,-5.529596946054002e-05,7.8158819480548765,0.0004,0.0,3606.0,5.731138826359228e-05,-0.0015164957918889,0.6163509914044623,discharge
3.691182373558161,-0.0001431871192367,7.814365452262988,0.0004,0.0,3607.0,5.731138826359228e-05,-0.001516495791888,0.6163509715173623,discharge
3.691239684946424,-0.0002310782690129,7.8128489564711,0.0004,0.0,3608.0,5.731138826359228e-05,-0.001516495791888,0.6163509394231583,discharge
3.691296996334688,-0.0003189694187891,7.811332460679212,0.0004,0.0,3609.0,5.731138826359228e-05,-0.001516495791888,0.6163508951218502,discharge
3.691354307722952,-0.0004068605685653,7.809815964887323,0.0004,0.0,3610.0,5.731138826359228e-05,-0.0015164957918889,0.6163508386134378,discharge
3.691411619111215,-0.0004947517183415,7.808299469095435,0.0004,0.0,3611.0,5.731138826359228e-05,-0.001516495791888,0.6163507698979214,discharge
3.6914689304994783,-0.0005826428681177,7.806782973303547,0.0004,0.0,3612.0,5.731138826314819e-05,-0.001516495791888,0.6163506889753008,discharge
3.691526241887742,-0.0006705340178939,7.805266477511659,0.0004,0.0,3613.0,5.731138826359228e-05,-0.001516495791888,0.6163505958455762,discharge
3.6915835532760055,-0.0007584251676701,7.80374998171977,0.0004,0.0,3614.0,5.731138826359228e-05,-0.0015164957918889,0.6163504905087474,discharge
3.691640864664269,-0.0008463163174464,7.802233485927882,0.0004,0.0,3615.0,5.731138826359228e-05,-0.001516495791888,0.6163503729648143,discharge
3.691695732572694,-0.0009141985149641,7.800780424699382,0.0003866666666666,0.0,3616.0,5.486790842423872e-05,-0.0014530612285001,0.6163502459927983,discharge
3.6917506004811176,-0.0009820807124819,7.799327363470883,0.0003733333333333,0.0,3617.0,5.486790842423872e-05,-0.0014530612284993,0.6163501095926993,discharge
3.6918054683895414,-0.0010499629099997,7.797874302242382,0.00036,0.0,3618.0,5.486790842379463e-05,-0.0014530612285001,0.6163499637645173,discharge
3.6918603362979656,-0.0011178451075175,7.796421241013883,0.0003466666666666,0.0,3619.0,5.486790842423872e-05,-0.0014530612284993,0.6163498085082524,discharge
3.69191520420639,-0.0011857273050352,7.794968179785383,0.0003333333333333,0.0,3620.0,5.486790842423872e-05,-0.0014530612285001,0.6163496438239044,discharge
3.691970072114814,-0.001253609502553,7.793515118556884,0.00032,0.0,3621.0,5.486790842423872e-05,-0.0014530612284993,0.6163494697114735,discharge
3.6920249400232383,-0.0013214917000708,7.792062057328383,0.0003066666666666,0.0,3622.0,5.486790842423872e-05,-0.0014530612285001,0.6163492861709596,discharge
3.692079807931662,-0.0013893738975886,7.790608996099884,0.0002933333333333,0.0,3623.0,5.486790842379463e-05,-0.0014530612284993,0.6163490932023628,discharge
3.6921346758400864,-0.0014572560951064,7.789155934871384,0.00028,0.0,3624.0,5.486790842423872e-05,-0.0014530612285001,0.6163488908056829,discharge
3.6921895437485106,-0.0015251382926242,7.787702873642885,0.0002666666666666,0.0,3625.0,5.486790842423872e-05,-0.0014530612284993,0.61634867898092,discharge
3.692244411656935,-0.0015930204901419,7.786249812414384,0.0002533333333333,0.0,3626.0,5.486790842423872e-05,-0.0014530612285001,0.6163484577280742,discharge
3.692299279565359,-0.0016609026876597,7.784796751185885,0.00024,0.0,3627.0,5.486790842423872e-05,-0.0014530612284993,0.6163482270471454,discharge
3.692354147473783,-0.0017287848851775,7.783343689957385,0.0002266666666666,0.0,3628.0,5.486790842379463e-05,-0.0014530612285001,0.6163479869381336,discharge
3.692409015382207,-0.0017966670826953,7.781890628728886,0.0002133333333333,0.0,3629.0,5.486790842423872e-05,-0.0014530612284993,0.6163477374010389,discharge
3.6924638832906314,-0.0018645492802131,7.780437567500385,0.0002,0.0,3630.0,5.486790842423872e-05,-0.0014530612285001,0.6163474784358611,discharge
3.692521287936009,-0.0018567592704505,7.778186588319016,0.0002133333333333,0.0,3631.0,5.7404645377179264e-05,-0.0022509791813689,0.616347220552629,discharge
3.6925786925813857,-0.0018489692606879,7.775935609137648,0.0002266666666666,0.0,3632.0,5.7404645376735175e-05,-0.002250979181368,0.6163469637513428,discharge
3.6926360972267624,-0.0018411792509254,7.773684629956279,0.00024,0.0,3633.0,5.7404645377179264e-05,-0.0022509791813689,0.6163467080320024,discharge
3.692693501872139,-0.0018333892411628,7.77143365077491,0.0002533333333333,0.0,3634.0,5.7404645376735175e-05,-0.0022509791813689,0.6163464533946079,discharge
3.692750906517517,-0.0018255992314002,7.769182671593542,0.0002666666666666,0.0,3635.0,5.7404645377179264e-05,-0.002250979181368,0.6163461998391591,discharge
3.6928083111628935,-0.0018178092216377,7.766931692412173,0.00028,0.0,3636.0,5.7404645377179264e-05,-0.0022509791813689,0.6163459473656561,discharge
3.6928657158082703,-0.0018100192118751,7.764680713230804,0.0002933333333333,0.0,3637.0,5.7404645376735175e-05,-0.0022509791813689,0.6163456959740988,discharge
3.692923120453647,-0.0018022292021125,7.762429734049436,0.0003066666666666,0.0,3638.0,5.7404645377179264e-05,-0.002250979181368,0.6163454456644875,discharge
3.692980525099024,-0.00179443919235,7.760178754868067,0.00032,0.0,3639.0,5.7404645376735175e-05,-0.0022509791813689,0.6163451964368218,discharge
3.693037929744402,-0.0017866491825874,7.757927775686698,0.0003333333333333,0.0,3640.0,5.7404645377179264e-05,-0.0022509791813689,0.616344948291102,discharge
3.6930953343897786,-0.0017788591728248,7.75567679650533,0.0003466666666666,0.0,3641.0,5.7404645377179264e-05,-0.002250979181368,0.616344701227328,discharge
3.6931527390351553,-0.0017710691630623,7.753425817323961,0.00036,0.0,3642.0,5.7404645376735175e-05,-0.0022509791813689,0.6163444552454997,discharge
3.693210143680533,-0.0017632791532997,7.751174838142592,0.0003733333333333,0.0,3643.0,5.7404645377179264e-05,-0.0022509791813689,0.6163442103456174,discharge
3.693267548325909,-0.0017554891435371,7.748923858961224,0.0003866666666666,0.0,3644.0,5.7404645376735175e-05,-0.002250979181368,0.6163439665276808,discharge
3.6933249529712864,-0.0017476991337746,7.746672879779855,0.0004,0.0,3645.0,5.7404645377179264e-05,-0.0022509791813689,0.61634372379169,discharge
3.6933652751076407,-0.0017260019575976,7.745058290749171,0.0003875,0.0,3646.0,4.0322136354298266e-05,-0.0016145890306846,0.6163434840691958,discharge
3.6934055972439945,-0.0017043047814206,7.743443701718487,0.000375,0.0,3647.0,4.0322136353854177e-05,-0.0016145890306837,0.6163432473601984,discharge
3.693445919380349,-0.0016826076052436,7.741829112687802,0.0003625,0.0,3648.0,4.0322136354298266e-05,-0.0016145890306846,0.6163430136646977,discharge
3.6934862415167022,-0.0016609104290666,7.740214523657118,0.00035,0.0,3649.0,4.0322136353854177e-05,-0.0016145890306846,0.6163427829826936,discharge
3.693526563653057,-0.0016392132528896,7.738599934626434,0.0003375,0.0,3650.0,4.0322136354298266e-05,-0.0016145890306837,0.6163425553141864,discharge
3.693566885789411,-0.0016175160767126,7.736985345595749,0.000325,0.0,3651.0,4.0322136353854177e-05,-0.0016145890306846,0.6163423306591755,discharge
3.693607207925765,-0.0015958189005356,7.735370756565065,0.0003125,0.0,3652.0,4.0322136354298266e-05,-0.0016145890306837,0.6163421090176617,discharge
3.693647530062119,-0.0015741217243586,7.733756167534381,0.0003,0.0,3653.0,4.0322136353854177e-05,-0.0016145890306846,0.6163418903896444,discharge
3.6936878521984737,-0.0015524245481816,7.732141578503696,0.0002875,0.0,3654.0,4.0322136354298266e-05,-0.0016145890306846,0.6163416747751238,discharge
3.693728174334827,-0.0015307273720046,7.730526989473012,0.000275,0.0,3655.0,4.0322136354298266e-05,-0.0016145890306837,0.6163414621740999,discharge
3.6937684964711814,-0.0015090301958276,7.728912400442328,0.0002625,0.0,3656.0,4.0322136353854177e-05,-0.0016145890306846,0.6163412525865727,discharge
3.693808818607536,-0.0014873330196506,7.727297811411644,0.00025,0.0,3657.0,4.0322136354298266e-05,-0.0016145890306837,0.6163410460125422,discharge
3.6938491407438896,-0.0014656358434736,7.725683222380959,0.0002375,0.0,3658.0,4.0322136353854177e-05,-0.0016145890306846,0.6163408424520084,discharge
3.693889462880244,-0.0014439386672966,7.724068633350274,0.000225,0.0,3659.0,4.0322136354298266e-05,-0.0016145890306846,0.6163406419049713,discharge
3.6939297850165977,-0.0014222414911196,7.722454044319591,0.0002125,0.0,3660.0,4.0322136353854177e-05,-0.0016145890306837,0.6163404443714309,discharge
3.693970107152952,-0.0014005443149426,7.720839455288906,0.0002,0.0,3661.0,4.0322136354298266e-05,-0.0016145890306846,0.616340249851387,discharge
3.694018842947128,-0.0013598255149254,7.718373717160965,0.0002133333333333,0.0,3662.0,4.873579417585816e-05,-0.0024657381279409,0.6163400609867322,discharge
3.694067578741304,-0.0013191067149083,7.715907979033023,0.0002266666666666,0.0,3663.0,4.873579417585816e-05,-0.0024657381279418,0.6163398777774662,discharge
3.69411631453548,-0.0012783879148912,7.713442240905082,0.00024,0.0,3664.0,4.873579417585816e-05,-0.0024657381279409,0.6163397002235892,discharge
3.694165050329655,-0.0012376691148741,7.710976502777141,0.0002533333333333,0.0,3665.0,4.873579417541407e-05,-0.0024657381279409,0.616339528325101,discharge
3.694213786123831,-0.001196950314857,7.7085107646492,0.0002666666666666,0.0,3666.0,4.873579417585816e-05,-0.0024657381279409,0.6163393620820017,discharge
3.6942625219180063,-0.0011562315148398,7.706045026521259,0.00028,0.0,3667.0,4.873579417585816e-05,-0.0024657381279418,0.6163392014942913,discharge
3.6943112577121826,-0.0011155127148227,7.703579288393318,0.0002933333333333,0.0,3668.0,4.873579417585816e-05,-0.0024657381279409,0.6163390465619698,discharge
3.6943599935063585,-0.0010747939148056,7.701113550265377,0.0003066666666666,0.0,3669.0,4.873579417585816e-05,-0.0024657381279409,0.6163388972850372,discharge
3.6944087293005343,-0.0010340751147885,7.698647812137436,0.00032,0.0,3670.0,4.873579417585816e-05,-0.0024657381279409,0.6163387536634934,discharge
3.69445746509471,-0.0009933563147714,7.696182074009494,0.0003333333333333,0.0,3671.0,4.873579417585816e-05,-0.0024657381279418,0.6163386156973387,discharge
3.694506200888886,-0.0009526375147542,7.693716335881553,0.0003466666666666,0.0,3672.0,4.873579417585816e-05,-0.0024657381279409,0.6163384833865728,discharge
3.6945549366830615,-0.0009119187147371,7.691250597753612,0.00036,0.0,3673.0,4.873579417541407e-05,-0.0024657381279409,0.6163383567311957,discharge
3.6946036724772378,-0.00087119991472,7.688784859625671,0.0003733333333333,0.0,3674.0,4.873579417585816e-05,-0.0024657381279409,0.6163382357312075,discharge
3.694652408271413,-0.0008304811147029,7.686319121497729,0.0003866666666666,0.0,3675.0,4.873579417585816e-05,-0.0024657381279418,0.6163381203866083,discharge
3.694701144065589,-0.0007897623146858,7.683853383369788,0.0004,0.0,3676.0,4.873579417585816e-05,-0.0024657381279409,0.6163380106973979,discharge
3.69475997260609,-0.0007728554981997,7.682439361392975,0.0004,0.0,3677.0,5.8828540500321935e-05,-0.0014140219768137,0.6163379033563565,discharge
3.69481880114659,-0.0007559486817136,7.68102533941616,0.0004,0.0,3678.0,5.8828540500766024e-05,-0.0014140219768146,0.616337798363484,discharge
3.6948776296870904,-0.0007390418652275,7.679611317439346,0.0004,0.0,3679.0,5.8828540500321935e-05,-0.0014140219768137,0.6163376957187805,discharge
3.694936458227591,-0.0007221350487415,7.678197295462533,0.0004,0.0,3680.0,5.8828540500766024e-05,-0.0014140219768137,0.616337595422246,discharge
3.694995286768091,-0.0007052282322554,7.676783273485719,0.0004,0.0,3681.0,5.8828540500321935e-05,-0.0014140219768137,0.6163374974738804,discharge
3.695054115308592,-0.0006883214157693,7.675369251508904,0.0004,0.0,3682.0,5.8828540500766024e-05,-0.0014140219768146,0.6163374018736837,discharge
3.6951129438490926,-0.0006714145992832,7.673955229532091,0.0004,0.0,3683.0,5.8828540500321935e-05,-0.0014140219768137,0.616337308621656,discharge
3.6951717723895934,-0.0006545077827972,7.672541207555277,0.0004,0.0,3684.0,5.8828540500766024e-05,-0.0014140219768137,0.6163372177177973,discharge
3.6952306009300937,-0.0006376009663111,7.671127185578463,0.0004,0.0,3685.0,5.8828540500321935e-05,-0.0014140219768137,0.6163371291621076,discharge
3.6952894294705945,-0.000620694149825,7.669713163601648,0.0004,0.0,3686.0,5.8828540500766024e-05,-0.0014140219768146,0.6163370429545867,discharge
3.695348258011095,-0.0006037873333389,7.668299141624835,0.0004,0.0,3687.0,5.8828540500321935e-05,-0.0014140219768137,0.6163369590952349,discharge
3.695407086551595,-0.0005868805168529,7.666885119648021,0.0004,0.0,3688.0,5.8828540500766024e-05,-0.0014140219768137,0.616336877584052,discharge
3.695465915092096,-0.0005699737003668,7.665471097671207,0.0004,0.0,3689.0,5.8828540500321935e-05,-0.0014140219768137,0.6163367984210381,discharge
3.6955247436325966,-0.0005530668838807,7.664057075694393,0.0004,0.0,3690.0,5.8828540500766024e-05,-0.0014140219768146,0.616336721606193,discharge
3.695583572173097,-0.0005361600673947,7.662643053717579,0.0004,0.0,3691.0,5.8828540500321935e-05,-0.0014140219768137,0.6163366471395171,discharge
3.695623375060722,-0.0005655069616608,7.661138536869934,0.0004,0.0,3692.0,3.980288762495121e-05,-0.0015045168476452,0.6163365685968835,discharge
3.6956631779483473,-0.0005948538559269,7.659634020022288,0.0004,0.0,3693.0,3.98028876253953e-05,-0.0015045168476452,0.6163364859782923,discharge
3.695702980835972,-0.000624200750193,7.658129503174642,0.0004,0.0,3694.0,3.980288762495121e-05,-0.0015045168476461,0.6163363992837436,discharge
3.695742783723597,-0.0006535476444591,7.656624986326997,0.0004,0.0,3695.0,3.980288762495121e-05,-0.0015045168476452,0.6163363085132375,discharge
3.6957825866112226,-0.0006828945387252,7.655120469479352,0.0004,0.0,3696.0,3.98028876253953e-05,-0.0015045168476452,0.6163362136667738,discharge
3.695822389498848,-0.0007122414329913,7.653615952631706,0.0004,0.0,3697.0,3.980288762495121e-05,-0.0015045168476452,0.6163361147443525,discharge
3.695862192386473,-0.0007415883272574,7.652111435784061,0.0004,0.0,3698.0,3.980288762495121e-05,-0.0015045168476452,0.6163360117459737,discharge
3.695901995274098,-0.0007709352215236,7.650606918936415,0.0004,0.0,3699.0,3.98028876253953e-05,-0.0015045168476461,0.6163359046716373,discharge
3.695941798161723,-0.0008002821157897,7.6491024020887695,0.0004,0.0,3700.0,3.980288762495121e-05,-0.0015045168476452,0.6163357935213435,discharge
3.695981601049348,-0.0008296290100558,7.647597885241124,0.0004,0.0,3701.0,3.980288762495121e-05,-0.0015045168476452,0.6163356782950921,discharge
3.696021403936973,-0.0008589759043219,7.646093368393479,0.0004,0.0,3702.0,3.98028876253953e-05,-0.0015045168476452,0.6163355589928832,discharge
3.696061206824598,-0.000888322798588,7.644588851545834,0.0004,0.0,3703.0,3.980288762495121e-05,-0.0015045168476452,0.6163354356147166,discharge
3.696101009712223,-0.0009176696928541,7.643084334698187,0.0004,0.0,3704.0,3.980288762495121e-05,-0.0015045168476461,0.6163353081605926,discharge
3.696140812599849,-0.0009470165871202,7.641579817850542,0.0004,0.0,3705.0,3.98028876253953e-05,-0.0015045168476452,0.616335176630511,discharge
3.6961806154874735,-0.0009763634813864,7.640075301002897,0.0004,0.0,3706.0,3.980288762495121e-05,-0.0015045168476452,0.616335041024472,discharge
3.6962422441079794,-0.0010333394117759,7.6386392023373,0.0004,0.0,3707.0,6.162862050596019e-05,-0.0014360986655965,0.6163348975051093,discharge
3.696303872728486,-0.0010903153421655,7.637203103671704,0.0004,0.0,3708.0,6.162862050596019e-05,-0.0014360986655956,0.6163347460724229,discharge
3.6963655013489913,-0.0011472912725551,7.635767005006108,0.0004,0.0,3709.0,6.162862050596019e-05,-0.0014360986655965,0.6163345867264127,discharge
3.6964271299694977,-0.0012042672029446,7.634330906340511,0.0004,0.0,3710.0,6.162862050596019e-05,-0.0014360986655965,0.616334419467079,discharge
3.6964887585900033,-0.0012612431333342,7.632894807674916,0.0004,0.0,3711.0,6.162862050596019e-05,-0.0014360986655956,0.6163342442944217,discharge
3.696550387210509,-0.0013182190637238,7.631458709009319,0.0004,0.0,3712.0,6.162862050596019e-05,-0.0014360986655965,0.6163340612084406,discharge
3.696612015831015,-0.0013751949941133,7.630022610343723,0.0004,0.0,3713.0,6.162862050596019e-05,-0.0014360986655965,0.6163338702091359,discharge
3.6966736444515216,-0.0014321709245029,7.628586511678127,0.0004,0.0,3714.0,6.162862050640427e-05,-0.0014360986655956,0.6163336712965075,discharge
3.696735273072027,-0.0014891468548925,7.62715041301253,0.0004,0.0,3715.0,6.162862050596019e-05,-0.0014360986655965,0.6163334644705554,discharge
3.6967969016925335,-0.001546122785282,7.625714314346934,0.0004,0.0,3716.0,6.162862050596019e-05,-0.0014360986655965,0.6163332497312797,discharge
3.696858530313039,-0.0016030987156716,7.624278215681338,0.0004,0.0,3717.0,6.162862050596019e-05,-0.0014360986655956,0.6163330270786802,discharge
3.6969201589335454,-0.0016600746460612,7.622842117015741,0.0004,0.0,3718.0,6.162862050596019e-05,-0.0014360986655965,0.6163327965127572,discharge
3.6969817875540514,-0.0017170505764507,7.621406018350145,0.0004,0.0,3719.0,6.162862050596019e-05,-0.0014360986655965,0.6163325580335104,discharge
3.697043416174558,-0.0017740265068403,7.619969919684549,0.0004,0.0,3720.0,6.162862050596019e-05,-0.0014360986655956,0.6163323116409399,discharge
3.6971050447950633,-0.0018310024372299,7.618533821018953,0.0004,0.0,3721.0,6.162862050596019e-05,-0.0014360986655965,0.6163320573350459,discharge
3.697146427621748,-0.0016862183375852,7.617366314738172,0.0004,0.0,3722.0,4.138282668453286e-05,-0.0011675062807805,0.6163318231380546,discharge
3.697187810448432,-0.0015414342379405,7.616198808457392,0.0004,0.0,3723.0,4.138282668453286e-05,-0.0011675062807805,0.616331609049966,discharge
3.697229193275117,-0.0013966501382958,7.615031302176611,0.0004,0.0,3724.0,4.138282668453286e-05,-0.0011675062807805,0.6163314150707802,discharge
3.6972705761018014,-0.0012518660386512,7.61386379589583,0.0004,0.0,3725.0,4.138282668453286e-05,-0.0011675062807805,0.616331241200497,discharge
3.697311958928486,-0.0011070819390065,7.61269628961505,0.0004,0.0,3726.0,4.138282668453286e-05,-0.0011675062807805,0.6163310874391166,discharge
3.6973533417551705,-0.0009622978393618,7.611528783334269,0.0004,0.0,3727.0,4.138282668453286e-05,-0.0011675062807805,0.6163309537866388,discharge
3.697394724581855,-0.0008175137397171,7.610361277053489,0.0004,0.0,3728.0,4.138282668453286e-05,-0.0011675062807805,0.6163308402430638,discharge
3.697436107408539,-0.0006727296400725,7.609193770772707,0.0004,0.0,3729.0,4.138282668453286e-05,-0.0011675062807814,0.6163307468083916,discharge
3.697477490235224,-0.0005279455404278,7.608026264491927,0.0004,0.0,3730.0,4.138282668453286e-05,-0.0011675062807805,0.6163306734826222,discharge
3.6975188730619086,-0.0003831614407831,7.606858758211146,0.0004,0.0,3731.0,4.138282668453286e-05,-0.0011675062807805,0.6163306202657554,discharge
3.697560255888593,-0.0002383773411384,7.605691251930366,0.0004,0.0,3732.0,4.138282668453286e-05,-0.0011675062807805,0.6163305871577913,discharge
3.6976016387152777,-9.359324149382004e-05,7.604523745649585,0.0004,0.0,3733.0,4.138282668453286e-05,-0.0011675062807805,0.6163305741587299,discharge
3.6976430215419622,5.119085815085328e-05,7.603356239368805,0.0004,0.0,3734.0,4.138282668453286e-05,-0.0011675062807805,0.6163305812685714,discharge
3.6976844043686463,0.0001959749577955,7.602188733088024,0.0004,0.0,3735.0,4.138282668453286e-05,-0.0011675062807805,0.6163306084873156,discharge
3.6977257871953313,0.0003407590574402,7.6010212268072435,0.0004,0.0,3736.0,4.138282668453286e-05,-0.0011675062807805,0.6163306558149624,discharge
3.697769579478019,0.0003204708614515,7.599545673834399,0.0004,0.0,3737.0,4.379228268813762e-05,-0.0014755529728445,0.6163307003248043,discharge
3.697813371760707,0.0003001826654628,7.598070120861554,0.0004,0.0,3738.0,4.379228268769353e-05,-0.0014755529728445,0.6163307420168411,discharge
3.6978571640433953,0.0002798944694741,7.59659456788871,0.0004,0.0,3739.0,4.379228268813762e-05,-0.0014755529728445,0.616330780891073,discharge
3.697900956326083,0.0002596062734854,7.595119014915865,0.0004,0.0,3740.0,4.379228268769353e-05,-0.0014755529728445,0.6163308169474999,discharge
3.697944748608771,0.0002393180774967,7.593643461943021,0.0004,0.0,3741.0,4.379228268813762e-05,-0.0014755529728445,0.6163308501861218,discharge
3.697988540891459,0.000219029881508,7.592167908970176,0.0004,0.0,3742.0,4.379228268769353e-05,-0.0014755529728445,0.6163308806069386,discharge
3.698032333174147,0.0001987416855194,7.590692355997332,0.0004,0.0,3743.0,4.379228268813762e-05,-0.0014755529728445,0.6163309082099505,discharge
3.6980761254568346,0.0001784534895307,7.589216803024486,0.0004,0.0,3744.0,4.379228268769353e-05,-0.0014755529728454,0.6163309329951574,discharge
3.698119917739523,0.000158165293542,7.587741250051642,0.0004,0.0,3745.0,4.379228268813762e-05,-0.0014755529728445,0.6163309549625593,discharge
3.6981637100222104,0.0001378770975533,7.586265697078797,0.0004,0.0,3746.0,4.379228268769353e-05,-0.0014755529728445,0.6163309741121562,discharge
3.6982075023048986,0.0001175889015646,7.584790144105953,0.0004,0.0,3747.0,4.379228268813762e-05,-0.0014755529728445,0.616330990443948,discharge
3.6982512945875863,9.730070557599283e-05,7.583314591133108,0.0004,0.0,3748.0,4.379228268769353e-05,-0.0014755529728445,0.6163310039579349,discharge
3.6982950868702744,7.70125095873089e-05,7.581839038160264,0.0004,0.0,3749.0,4.379228268813762e-05,-0.0014755529728445,0.6163310146541169,discharge
3.698338879152962,5.6724313598624974e-05,7.580363485187419,0.0004,0.0,3750.0,4.379228268769353e-05,-0.0014755529728445,0.6163310225324938,discharge
3.6983826714356502,3.6436117609941014e-05,7.578887932214575,0.0004,0.0,3751.0,4.379228268813762e-05,-0.0014755529728445,0.6163310275930656,discharge
3.698421638915843,0.0001064859744527,7.5781094948961405,0.0004,0.0,3752.0,3.8967480193274895e-05,-0.0007784373184342,0.6163310423827844,discharge
3.698460606396037,0.0001765358312955,7.577331057577706,0.0004,0.0,3753.0,3.8967480193274895e-05,-0.0007784373184342,0.6163310669016497,discharge
3.69849957387623,0.0002465856881383,7.576552620259272,0.0004,0.0,3754.0,3.8967480193274895e-05,-0.0007784373184342,0.6163311011496619,discharge
3.6985385413564233,0.0003166355449811,7.575774182940838,0.0004,0.0,3755.0,3.8967480193274895e-05,-0.0007784373184342,0.616331145126821,discharge
3.6985775088366166,0.0003866854018238,7.574995745622403,0.0004,0.0,3756.0,3.8967480193274895e-05,-0.0007784373184342,0.6163311988331268,discharge
3.69861647631681,0.0004567352586666,7.574217308303969,0.0004,0.0,3757.0,3.8967480193274895e-05,-0.0007784373184342,0.6163312622685794,discharge
3.698655443797003,0.0005267851155094,7.573438870985535,0.0004,0.0,3758.0,3.8967480193274895e-05,-0.0007784373184342,0.6163313354331788,discharge
3.698694411277196,0.0005968349723522,7.5726604336670995,0.0004,0.0,3759.0,3.8967480192830806e-05,-0.0007784373184351,0.616331418326925,discharge
3.6987333787573897,0.000666884829195,7.571881996348665,0.0004,0.0,3760.0,3.8967480193274895e-05,-0.0007784373184342,0.6163315109498179,discharge
3.6987723462375826,0.0007369346860378,7.571103559030231,0.0004,0.0,3761.0,3.8967480193274895e-05,-0.0007784373184342,0.6163316133018576,discharge
3.698811313717776,0.0008069845428806,7.570325121711797,0.0004,0.0,3762.0,3.8967480193274895e-05,-0.0007784373184342,0.616331725383044,discharge
3.698850281197969,0.0008770343997234,7.569546684393362,0.0004,0.0,3763.0,3.8967480193274895e-05,-0.0007784373184342,0.6163318471933774,discharge
3.6988892486781624,0.0009470842565662,7.568768247074928,0.0004,0.0,3764.0,3.8967480193274895e-05,-0.0007784373184342,0.6163319787328575,discharge
3.698928216158356,0.001017134113409,7.567989809756494,0.0004,0.0,3765.0,3.8967480193274895e-05,-0.0007784373184342,0.6163321200014844,discharge
3.698967183638549,0.0010871839702518,7.567211372438059,0.0004,0.0,3766.0,3.8967480193274895e-05,-0.0007784373184342,0.616332270999258,discharge
3.6990095420870386,0.0008962206051919,7.565994285270259,0.0004,0.0,3767.0,4.235844848965442e-05,-0.0012170871678005,0.616332395474342,discharge
3.699051900535528,0.0007052572401321,7.564777198102457,0.0004,0.0,3768.0,4.235844848965442e-05,-0.0012170871678014,0.6163324934267365,discharge
3.699094258984018,0.0005142938750723,7.563560110934657,0.0004,0.0,3769.0,4.235844848965442e-05,-0.0012170871678005,0.6163325648564413,discharge
3.699136617432507,0.0003233305100125,7.562343023766855,0.0004,0.0,3770.0,4.235844848921033e-05,-0.0012170871678014,0.6163326097634567,discharge
3.6991789758809968,0.0001323671449526,7.561125936599055,0.0004,0.0,3771.0,4.235844848965442e-05,-0.0012170871678005,0.6163326281477823,discharge
3.6992213343294864,-5.8596220107120145e-05,7.559908849431253,0.0004,0.0,3772.0,4.235844848965442e-05,-0.0012170871678014,0.6163326200094184,discharge
3.699263692777976,-0.0002495595851669,7.558691762263453,0.0004,0.0,3773.0,4.235844848965442e-05,-0.0012170871678005,0.616332585348365,discharge
3.6993060512264657,-0.0004405229502267,7.557474675095651,0.0004,0.0,3774.0,4.235844848965442e-05,-0.0012170871678014,0.6163325241646218,discharge
3.6993484096749554,-0.0006314863152865,7.556257587927851,0.0004,0.0,3775.0,4.235844848965442e-05,-0.0012170871678005,0.6163324364581892,discharge
3.699390768123445,-0.0008224496803464,7.555040500760049,0.0004,0.0,3776.0,4.235844848965442e-05,-0.0012170871678014,0.6163323222290669,discharge
3.6994331265719342,-0.0010134130454062,7.553823413592249,0.0004,0.0,3777.0,4.235844848965442e-05,-0.0012170871678005,0.6163321814772551,discharge
3.699475485020424,-0.001204376410466,7.552606326424447,0.0004,0.0,3778.0,4.235844848921033e-05,-0.0012170871678014,0.6163320142027535,discharge
3.6995178434689135,-0.0013953397755258,7.551389239256647,0.0004,0.0,3779.0,4.235844848965442e-05,-0.0012170871678005,0.6163318204055626,discharge
3.699560201917403,-0.0015863031405856,7.550172152088845,0.0004,0.0,3780.0,4.235844848965442e-05,-0.0012170871678014,0.6163316000856819,discharge
3.699602560365893,-0.0017772665056455,7.548955064921045,0.0004,0.0,3781.0,4.235844848965442e-05,-0.0012170871678005,0.6163313532431116,discharge
3.699638341972974,-0.0016217739957486,7.548164469252743,0.0004,0.0,3782.0,3.578160708128664e-05,-0.0007905956683016,0.6163311279967234,discharge
3.699674123580056,-0.0014662814858517,7.547373873584442,0.0004,0.0,3783.0,3.5781607081730726e-05,-0.0007905956683007,0.6163309243465169,discharge
3.699709905187137,-0.0013107889759549,7.546583277916141,0.0004,0.0,3784.0,3.578160708128664e-05,-0.0007905956683016,0.6163307422924925,discharge
3.6997456867942184,-0.001155296466058,7.545792682247839,0.0004,0.0,3785.0,3.578160708128664e-05,-0.0007905956683016,0.6163305818346501,discharge
3.6997814684013,-0.0009998039561612,7.545002086579538,0.0004,0.0,3786.0,3.5781607081730726e-05,-0.0007905956683007,0.6163304429729894,discharge
3.6998172500083815,-0.0008443114462643,7.544211490911237,0.0004,0.0,3787.0,3.578160708128664e-05,-0.0007905956683016,0.6163303257075108,discharge
3.6998530316154623,-0.0006888189363675,7.543420895242935,0.0004,0.0,3788.0,3.578160708128664e-05,-0.0007905956683016,0.6163302300382141,discharge
3.699888813222545,-0.0005333264264706,7.542630299574634,0.0004,0.0,3789.0,3.5781607081730726e-05,-0.0007905956683007,0.6163301559650992,discharge
3.6999245948296258,-0.0003778339165738,7.541839703906333,0.0004,0.0,3790.0,3.578160708128664e-05,-0.0007905956683016,0.6163301034881664,discharge
3.699960376436707,-0.0002223414066769,7.541049108238031,0.0004,0.0,3791.0,3.578160708128664e-05,-0.0007905956683016,0.6163300726074155,discharge
3.699996158043789,-6.684889678011343e-05,7.54025851256973,0.0004,0.0,3792.0,3.5781607081730726e-05,-0.0007905956683007,0.6163300633228465,discharge
3.70003193965087,8.86436131167399e-05,7.539467916901429,0.0004,0.0,3793.0,3.578160708128664e-05,-0.0007905956683016,0.6163300756344594,discharge
3.7000677212579514,0.0002441361230135,7.538677321233127,0.0004,0.0,3794.0,3.578160708128664e-05,-0.0007905956683016,0.6163301095422542,discharge
3.700103502865033,0.0003996286329104,7.537886725564826,0.0004,0.0,3795.0,3.5781607081730726e-05,-0.0007905956683007,0.6163301650462311,discharge
3.7001392844721144,0.0005551211428073,7.537096129896525,0.0004,0.0,3796.0,3.578160708128664e-05,-0.0007905956683016,0.6163302421463898,discharge
3.700182700413882,0.0005108350727898,7.536691925615062,0.0004,0.0,3797.0,4.341594176748842e-05,-0.0004042042814624,0.6163303130957054,discharge
3.700226116355649,0.0004665490027723,7.536287721333599,0.0004,0.0,3798.0,4.341594176704433e-05,-0.0004042042814633,0.616330377894178,discharge
3.700269532297416,0.0004222629327549,7.535883517052136,0.0004,0.0,3799.0,4.341594176748842e-05,-0.0004042042814624,0.6163304365418076,discharge
3.700312948239183,0.0003779768627374,7.535479312770674,0.0004,0.0,3800.0,4.341594176704433e-05,-0.0004042042814624,0.6163304890385941,discharge
3.700356364180951,0.00033369079272,7.535075108489211,0.0004,0.0,3801.0,4.341594176748842e-05,-0.0004042042814624,0.6163305353845374,discharge
3.7003997801227184,0.0002894047227025,7.534670904207748,0.0004,0.0,3802.0,4.341594176748842e-05,-0.0004042042814633,0.6163305755796378,discharge
3.7004431960644855,0.000245118652685,7.534266699926285,0.0004,0.0,3803.0,4.341594176704433e-05,-0.0004042042814624,0.6163306096238952,discharge
3.700486612006253,0.0002008325826676,7.533862495644823,0.0004,0.0,3804.0,4.341594176748842e-05,-0.0004042042814624,0.6163306375173094,discharge
3.70053002794802,0.0001565465126501,7.53345829136336,0.0004,0.0,3805.0,4.341594176704433e-05,-0.0004042042814624,0.6163306592598807,discharge
3.700573443889787,0.0001122604426327,7.533054087081897,0.0004,0.0,3806.0,4.341594176748842e-05,-0.0004042042814633,0.6163306748516089,discharge
3.700616859831555,6.797437261524004e-05,7.532649882800435,0.0004,0.0,3807.0,4.341594176748842e-05,-0.0004042042814624,0.6163306842924938,discharge
3.700660275773322,2.368830259778004e-05,7.532245678518972,0.0004,0.0,3808.0,4.341594176704433e-05,-0.0004042042814624,0.6163306875825358,discharge
3.7007036917150895,-2.059776741967995e-05,7.53184147423751,0.0004,0.0,3809.0,4.341594176748842e-05,-0.0004042042814624,0.6163306847217349,discharge
3.700747107656857,-6.488383743713995e-05,7.531437269956046,0.0004,0.0,3810.0,4.341594176704433e-05,-0.0004042042814633,0.6163306757100908,discharge
3.700790523598624,-0.0001091699074546,7.531033065674584,0.0004,0.0,3811.0,4.341594176748842e-05,-0.0004042042814624,0.6163306605476037,discharge
3.700825791430407,-6.258181870698001e-05,7.530257906452173,0.0004,0.0,3812.0,3.526783178342541e-05,-0.0007751592224112,0.6163306518556844,discharge
3.700861059262191,-1.599372995936e-05,7.529482747229762,0.0004,0.0,3813.0,3.526783178342541e-05,-0.0007751592224103,0.616330649634333,discharge
3.7008963270939743,3.059435878826e-05,7.528707588007351,0.0004,0.0,3814.0,3.526783178342541e-05,-0.0007751592224112,0.6163306538835495,discharge
3.7009315949257577,7.718244753588e-05,7.52793242878494,0.0004,0.0,3815.0,3.526783178342541e-05,-0.0007751592224112,0.6163306646033339,discharge
3.700966862757541,0.0001237705362835,7.527157269562529,0.0004,0.0,3816.0,3.526783178342541e-05,-0.0007751592224112,0.6163306817936861,discharge
3.7010021305893246,0.0001703586250311,7.526382110340118,0.0004,0.0,3817.0,3.526783178342541e-05,-0.0007751592224103,0.6163307054546062,discharge
3.701037398421108,0.0002169467137787,7.525606951117707,0.0004,0.0,3818.0,3.526783178342541e-05,-0.0007751592224112,0.6163307355860943,discharge
3.701072666252892,0.0002635348025263,7.524831791895296,0.0004,0.0,3819.0,3.5267831783869497e-05,-0.0007751592224112,0.6163307721881501,discharge
3.7011079340846753,0.0003101228912739,7.524056632672885,0.0004,0.0,3820.0,3.526783178342541e-05,-0.0007751592224112,0.6163308152607739,discharge
3.7011432019164583,0.0003567109800216,7.523281473450474,0.0004,0.0,3821.0,3.526783178342541e-05,-0.0007751592224103,0.6163308648039656,discharge
3.701178469748242,0.0004032990687692,7.522506314228063,0.0004,0.0,3822.0,3.526783178342541e-05,-0.0007751592224112,0.6163309208177252,discharge
3.7012137375800256,0.0004498871575168,7.521731155005652,0.0004,0.0,3823.0,3.526783178342541e-05,-0.0007751592224112,0.6163309833020527,discharge
3.701249005411809,0.0004964752462644,7.520955995783241,0.0004,0.0,3824.0,3.526783178342541e-05,-0.0007751592224112,0.616331052256948,discharge
3.701284273243592,0.000543063335012,7.52018083656083,0.0004,0.0,3825.0,3.526783178342541e-05,-0.0007751592224103,0.616331127682411,discharge
3.701319541075376,0.0005896514237597,7.519405677338419,0.0004,0.0,3826.0,3.526783178342541e-05,-0.0007751592224112,0.6163312095784422,discharge
3.7013570329188674,0.0005377609037988,7.517681762012724,0.0004,0.0,3827.0,3.749184349155499e-05,-0.0017239153256953,0.6163312842674566,discharge
3.701394524762359,0.0004858703838379,7.515957846687028,0.0004,0.0,3828.0,3.749184349155499e-05,-0.0017239153256953,0.6163313517494544,discharge
3.7014320166058505,0.000433979863877,7.514233931361333,0.0004,0.0,3829.0,3.749184349155499e-05,-0.0017239153256953,0.6163314120244354,discharge
3.701469508449342,0.0003820893439161,7.512510016035637,0.0004,0.0,3830.0,3.749184349155499e-05,-0.0017239153256953,0.6163314650923999,discharge
3.7015070002928336,0.0003301988239552,7.510786100709942,0.0004,0.0,3831.0,3.749184349155499e-05,-0.0017239153256953,0.6163315109533476,discharge
3.701544492136325,0.0002783083039943,7.509062185384247,0.0004,0.0,3832.0,3.749184349155499e-05,-0.0017239153256953,0.6163315496072788,discharge
3.7015819839798167,0.0002264177840334,7.507338270058551,0.0004,0.0,3833.0,3.749184349155499e-05,-0.0017239153256953,0.6163315810541933,discharge
3.701619475823308,0.0001745272640726,7.505614354732855,0.0004,0.0,3834.0,3.74918434911109e-05,-0.0017239153256962,0.616331605294091,discharge
3.7016569676667994,0.0001226367441117,7.50389043940716,0.0004,0.0,3835.0,3.749184349155499e-05,-0.0017239153256953,0.6163316223269721,discharge
3.701694459510291,7.074622415083333e-05,7.502166524081464,0.0004,0.0,3836.0,3.749184349155499e-05,-0.0017239153256953,0.6163316321528366,discharge
3.7017319513537825,1.8855704189946655e-05,7.500442608755769,0.0004,0.0,3837.0,3.749184349155499e-05,-0.0017239153256953,0.6163316347716844,discharge
3.701769443197274,-3.303481577094001e-05,7.498718693430074,0.0004,0.0,3838.0,3.749184349155499e-05,-0.0017239153256953,0.6163316301835156,discharge
3.7018069350407656,-8.492533573182669e-05,7.496994778104378,0.0004,0.0,3839.0,3.749184349155499e-05,-0.0017239153256953,0.6163316183883301,discharge
3.701844426884257,-0.0001368158556927,7.495270862778683,0.0004,0.0,3840.0,3.749184349155499e-05,-0.0017239153256953,0.6163315993861279,discharge
3.7018819187277487,-0.0001887063756536,7.493546947452987,0.0004,0.0,3841.0,3.749184349155499e-05,-0.0017239153256953,0.616331573176909,discharge
3.701920876949424,-0.0001422389577802,7.484740605100027,0.0004,0.0,3842.0,3.895822167532259e-05,-0.00880634235296,0.6163315534214983,discharge
3.7019598351711,-9.577153990685332e-05,7.475934262747067,0.0004,0.0,3843.0,3.895822167576668e-05,-0.00880634235296,0.6163315401198954,discharge
3.701998793392775,-4.930412203348e-05,7.467127920394107,0.0004,0.0,3844.0,3.895822167532259e-05,-0.00880634235296,0.6163315332721008,discharge
3.702037751614451,-2.836704160106673e-06,7.458321578041148,0.0004,0.0,3845.0,3.895822167576668e-05,-0.0088063423529591,0.616331532878114,discharge
3.7020767098361262,4.3630713713266656e-05,7.449515235688188,0.0004,0.0,3846.0,3.895822167532259e-05,-0.00880634235296,0.6163315389379355,discharge
3.702115668057802,9.009813158663998e-05,7.440708893335228,0.0004,0.0,3847.0,3.895822167576668e-05,-0.00880634235296,0.6163315514515648,discharge
3.702154626279478,0.00013656554946,7.431902550982268,0.0004,0.0,3848.0,3.895822167532259e-05,-0.00880634235296,0.6163315704190022,discharge
3.702193584501153,0.0001830329673333,7.423096208629308,0.0004,0.0,3849.0,3.895822167576668e-05,-0.00880634235296,0.6163315958402478,discharge
3.702232542722829,0.0002295003852067,7.414289866276348,0.0004,0.0,3850.0,3.895822167532259e-05,-0.00880634235296,0.6163316277153013,discharge
3.702271500944504,0.0002759678030801,7.405483523923388,0.0004,0.0,3851.0,3.895822167576668e-05,-0.00880634235296,0.6163316660441628,discharge
3.702310459166179,0.0003224352209535,7.3966771815704275,0.0004,0.0,3852.0,3.895822167532259e-05,-0.00880634235296,0.6163317108268324,discharge
3.7023494173878553,0.0003689026388268,7.387870839217468,0.0004,0.0,3853.0,3.895822167576668e-05,-0.0088063423529591,0.61633176206331,discharge
3.7023883756095306,0.0004153700567002,7.379064496864508,0.0004,0.0,3854.0,3.895822167532259e-05,-0.00880634235296,0.6163318197535956,discharge
3.7024273338312064,0.0004618374745736,7.370258154511548,0.0004,0.0,3855.0,3.895822167576668e-05,-0.00880634235296,0.6163318838976892,discharge
3.7024662920528817,0.000508304892447,7.361451812158588,0.0004,0.0,3856.0,3.895822167532259e-05,-0.00880634235296,0.616331954495591,discharge
3.70251262482825,0.0004423064754764,7.335273383935904,0.0004,0.0,3857.0,4.633277536836289e-05,-0.0261784282226846,0.616332015927046,discharge
3.702558957603619,0.0003763080585058,7.30909495571322,0.0004,0.0,3858.0,4.633277536880698e-05,-0.0261784282226837,0.6163320681920541,discharge
3.7026052903789872,0.0003103096415352,7.282916527490535,0.0004,0.0,3859.0,4.633277536836289e-05,-0.0261784282226846,0.6163321112906154,discharge
3.702651623154355,0.0002443112245646,7.25673809926785,0.0004,0.0,3860.0,4.633277536836289e-05,-0.0261784282226846,0.6163321452227299,discharge
3.702697955929724,0.000178312807594,7.230559671045166,0.0004,0.0,3861.0,4.633277536836289e-05,-0.0261784282226846,0.6163321699883977,discharge
3.7027442887050928,0.0001123143906234,7.204381242822482,0.0004,0.0,3862.0,4.633277536880698e-05,-0.0261784282226837,0.6163321855876186,discharge
3.702790621480461,4.631597365289341e-05,7.178202814599797,0.0004,0.0,3863.0,4.633277536836289e-05,-0.0261784282226846,0.6163321920203927,discharge
3.7028369542558295,-1.9682443317693243e-05,7.1520243863771125,0.0004,0.0,3864.0,4.633277536836289e-05,-0.0261784282226846,0.61633218928672,discharge
3.702883287031198,-8.56808602882799e-05,7.125845958154428,0.0004,0.0,3865.0,4.633277536836289e-05,-0.0261784282226846,0.6163321773866005,discharge
3.702929619806566,-0.0001516792772588,7.099667529931744,0.0004,0.0,3866.0,4.633277536880698e-05,-0.0261784282226837,0.6163321563200342,discharge
3.702975952581935,-0.0002176776942294,7.073489101709059,0.0004,0.0,3867.0,4.633277536836289e-05,-0.0261784282226846,0.6163321260870211,discharge
3.7030222853573034,-0.0002836761112,7.047310673486375,0.0004,0.0,3868.0,4.633277536836289e-05,-0.0261784282226846,0.6163320866875612,discharge
3.703068618132672,-0.0003496745281706,7.02113224526369,0.0004,0.0,3869.0,4.633277536836289e-05,-0.0261784282226846,0.6163320381216546,discharge
3.703114950908041,-0.0004156729451412,6.994953817041006,0.0004,0.0,3870.0,4.633277536880698e-05,-0.0261784282226837,0.616331980389301,discharge
3.703161283683409,-0.0004816713621118,6.9687753888183215,0.0004,0.0,3871.0,4.633277536836289e-05,-0.0261784282226846,0.6163319134905008,discharge
3.703196204934733,-0.0005913238395185,6.956663416098841,0.0004,0.0,3872.0,3.4921251323982716e-05,-0.01211197271948,0.6163318313621897,discharge
3.703231126186057,-0.0007009763169253,6.944551443379361,0.0004,0.0,3873.0,3.4921251323982716e-05,-0.01211197271948,0.6163317340043679,discharge
3.703266047437381,-0.000810628794332,6.932439470659881,0.0004,0.0,3874.0,3.4921251323982716e-05,-0.01211197271948,0.6163316214170353,discharge
3.703300968688705,-0.0009202812717388,6.920327497940401,0.0004,0.0,3875.0,3.4921251323982716e-05,-0.01211197271948,0.616331493600192,discharge
3.703335889940029,-0.0010299337491455,6.908215525220921,0.0004,0.0,3876.0,3.4921251323982716e-05,-0.01211197271948,0.616331350553838,discharge
3.703370811191353,-0.0011395862265523,6.896103552501441,0.0004,0.0,3877.0,3.4921251323982716e-05,-0.01211197271948,0.6163311922779732,discharge
3.703405732442677,-0.001249238703959,6.883991579781961,0.0004,0.0,3878.0,3.4921251323982716e-05,-0.01211197271948,0.6163310187725977,discharge
3.703440653694,-0.0013588911813658,6.871879607062481,0.0004,0.0,3879.0,3.492125132353863e-05,-0.01211197271948,0.6163308300377113,discharge
3.703475574945324,-0.0014685436587725,6.859767634343001,0.0004,0.0,3880.0,3.4921251323982716e-05,-0.01211197271948,0.6163306260733143,discharge
3.703510496196648,-0.0015781961361793,6.847655661623521,0.0004,0.0,3881.0,3.4921251323982716e-05,-0.01211197271948,0.6163304068794064,discharge
3.703545417447972,-0.001687848613586,6.835543688904041,0.0004,0.0,3882.0,3.4921251323982716e-05,-0.01211197271948,0.616330172455988,discharge
3.703580338699296,-0.0017975010909928,6.823431716184561,0.0004,0.0,3883.0,3.4921251323982716e-05,-0.01211197271948,0.6163299228030586,discharge
3.70361525995062,-0.0019071535683995,6.811319743465081,0.0004,0.0,3884.0,3.4921251323982716e-05,-0.01211197271948,0.6163296579206186,discharge
3.703650181201944,-0.0020168060458063,6.799207770745601,0.0004,0.0,3885.0,3.4921251323982716e-05,-0.01211197271948,0.6163293778086678,discharge
3.703685102453268,-0.0021264585232131,6.787095798026121,0.0004,0.0,3886.0,3.4921251323982716e-05,-0.01211197271948,0.6163290824672061,discharge
3.7037208508834305,-0.0021093598118101,6.774191981663291,0.0004,0.0,3887.0,3.5748430162296785e-05,-0.0129038163628294,0.6163287895005657,discharge
3.703756599313593,-0.0020922611004071,6.761288165300463,0.0004,0.0,3888.0,3.5748430162296785e-05,-0.0129038163628285,0.6163284989087462,discharge
3.703792347743755,-0.0020751623890041,6.748384348937633,0.0004,0.0,3889.0,3.5748430162296785e-05,-0.0129038163628294,0.6163282106917478,discharge
3.703828096173917,-0.0020580636776011,6.735480532574805,0.0004,0.0,3890.0,3.5748430161852696e-05,-0.0129038163628285,0.6163279248495703,discharge
3.7038638446040792,-0.0020409649661981,6.722576716211975,0.0004,0.0,3891.0,3.5748430162296785e-05,-0.0129038163628294,0.616327641382214,discharge
3.7038995930342415,-0.0020238662547951,6.709672899849147,0.0004,0.0,3892.0,3.5748430162296785e-05,-0.0129038163628285,0.6163273602896786,discharge
3.703935341464404,-0.0020067675433921,6.696769083486317,0.0004,0.0,3893.0,3.5748430162296785e-05,-0.0129038163628294,0.6163270815719643,discharge
3.703971089894566,-0.0019896688319891,6.683865267123489,0.0004,0.0,3894.0,3.5748430162296785e-05,-0.0129038163628285,0.6163268052290709,discharge
3.704006838324728,-0.0019725701205861,6.670961450760659,0.0004,0.0,3895.0,3.5748430162296785e-05,-0.0129038163628294,0.6163265312609987,discharge
3.7040425867548903,-0.0019554714091831,6.658057634397831,0.0004,0.0,3896.0,3.5748430162296785e-05,-0.0129038163628285,0.6163262596677475,discharge
3.704078335185053,-0.0019383726977801,6.645153818035001,0.0004,0.0,3897.0,3.5748430162296785e-05,-0.0129038163628294,0.6163259904493172,discharge
3.704114083615215,-0.0019212739863771,6.632250001672173,0.0004,0.0,3898.0,3.5748430161852696e-05,-0.0129038163628285,0.616325723605708,discharge
3.704149832045377,-0.0019041752749741,6.619346185309343,0.0004,0.0,3899.0,3.5748430162296785e-05,-0.0129038163628294,0.6163254591369198,discharge
3.704185580475539,-0.0018870765635711,6.606442368946515,0.0004,0.0,3900.0,3.5748430162296785e-05,-0.0129038163628285,0.6163251970429526,discharge
3.7042213289057018,-0.0018699778521682,6.593538552583685,0.0004,0.0,3901.0,3.5748430162296785e-05,-0.0129038163628294,0.6163249373238066,discharge
3.7042613120999017,-0.0018008849353388,6.584998883497689,0.0004,0.0,3902.0,3.998319419995511e-05,-0.0085396690859962,0.616324687200899,discharge
3.704301295294101,-0.0017317920185095,6.576459214411692,0.0004,0.0,3903.0,3.998319419951102e-05,-0.0085396690859971,0.6163244466742297,discharge
3.704341278488301,-0.0016626991016801,6.567919545325696,0.0004,0.0,3904.0,3.998319419995511e-05,-0.0085396690859962,0.6163242157437989,discharge
3.704381261682501,-0.0015936061848508,6.559379876239699,0.0004,0.0,3905.0,3.998319419995511e-05,-0.0085396690859962,0.6163239944096065,discharge
3.704421244876701,-0.0015245132680214,6.550840207153702,0.0004,0.0,3906.0,3.998319419995511e-05,-0.0085396690859971,0.6163237826716526,discharge
3.704461228070901,-0.0014554203511921,6.542300538067706,0.0004,0.0,3907.0,3.998319419995511e-05,-0.0085396690859962,0.6163235805299372,discharge
3.704501211265101,-0.0013863274343627,6.533760868981709,0.0004,0.0,3908.0,3.998319419951102e-05,-0.0085396690859971,0.6163233879844602,discharge
3.704541194459301,-0.0013172345175334,6.525221199895713,0.0004,0.0,3909.0,3.998319419995511e-05,-0.0085396690859962,0.6163232050352216,discharge
3.704581177653501,-0.0012481416007041,6.516681530809716,0.0004,0.0,3910.0,3.998319419995511e-05,-0.0085396690859962,0.6163230316822215,discharge
3.7046211608477,-0.0011790486838747,6.508141861723719,0.0004,0.0,3911.0,3.998319419951102e-05,-0.0085396690859971,0.6163228679254599,discharge
3.7046611440419,-0.0011099557670454,6.499602192637723,0.0004,0.0,3912.0,3.998319419995511e-05,-0.0085396690859962,0.6163227137649367,discharge
3.7047011272361,-0.001040862850216,6.491062523551726,0.0004,0.0,3913.0,3.998319419995511e-05,-0.0085396690859971,0.616322569200652,discharge
3.7047411104303,-0.0009717699333867,6.48252285446573,0.0004,0.0,3914.0,3.998319419995511e-05,-0.0085396690859962,0.6163224342326057,discharge
3.7047810936245,-0.0009026770165573,6.473983185379733,0.0004,0.0,3915.0,3.998319419995511e-05,-0.0085396690859962,0.6163223088607979,discharge
3.7048210768186993,-0.000833584099728,6.465443516293736,0.0004,0.0,3916.0,3.998319419951102e-05,-0.0085396690859971,0.6163221930852283,discharge
3.7048610600128993,-0.0007644911828987,6.45690384720774,0.0004,0.0,3917.0,3.998319419995511e-05,-0.0085396690859962,0.6163220869058974,discharge
3.7048965645018592,-0.0008236834757502,6.444251606835826,0.0003866666666666,0.0,3918.0,3.550448895994762e-05,-0.0126522403719135,0.6163219725054148,discharge
3.704932068990819,-0.0008828757686017,6.431599366463914,0.0003733333333333,0.0,3919.0,3.550448895994762e-05,-0.0126522403719127,0.6163218498837801,discharge
3.7049675734797782,-0.0009420680614533,6.418947126092,0.00036,0.0,3920.0,3.550448895950353e-05,-0.0126522403719135,0.6163217190409939,discharge
3.705003077968738,-0.0010012603543048,6.4062948857200865,0.0003466666666666,0.0,3921.0,3.550448895994762e-05,-0.0126522403719135,0.6163215799770558,discharge
3.7050385824576986,-0.0010604526471563,6.393642645348173,0.0003333333333333,0.0,3922.0,3.550448895994762e-05,-0.0126522403719135,0.6163214326919659,discharge
3.7050740869466585,-0.0011196449400079,6.38099040497626,0.00032,0.0,3923.0,3.550448895994762e-05,-0.0126522403719127,0.6163212771857242,discharge
3.7051095914356185,-0.0011788372328594,6.368338164604347,0.0003066666666666,0.0,3924.0,3.550448895994762e-05,-0.0126522403719135,0.6163211134583306,discharge
3.705145095924578,-0.0012380295257109,6.355685924232433,0.0002933333333333,0.0,3925.0,3.550448895950353e-05,-0.0126522403719135,0.6163209415097854,discharge
3.705180600413538,-0.0012972218185625,6.3430336838605195,0.00028,0.0,3926.0,3.550448895994762e-05,-0.0126522403719135,0.6163207613400885,discharge
3.705216104902498,-0.001356414111414,6.330381443488607,0.0002666666666666,0.0,3927.0,3.550448895994762e-05,-0.0126522403719127,0.6163205729492396,discharge
3.705251609391458,-0.0014156064042655,6.317729203116693,0.0002533333333333,0.0,3928.0,3.550448895994762e-05,-0.0126522403719135,0.616320376337239,discharge
3.7052871138804178,-0.0014747986971171,6.30507696274478,0.00024,0.0,3929.0,3.550448895994762e-05,-0.0126522403719135,0.6163201715040867,discharge
3.7053226183693777,-0.0015339909899686,6.292424722372866,0.0002266666666666,0.0,3930.0,3.550448895950353e-05,-0.0126522403719135,0.6163199584497825,discharge
3.705358122858337,-0.0015931832828201,6.279772482000953,0.0002133333333333,0.0,3931.0,3.550448895994762e-05,-0.0126522403719127,0.6163197371743265,discharge
3.705393627347297,-0.0016523755756717,6.26712024162904,0.0002,0.0,3932.0,3.550448895994762e-05,-0.0126522403719135,0.6163195076777188,discharge
3.7054402758468257,-0.0015067306768421,6.2573636152935945,0.0002133333333333,0.0,3933.0,4.664849952806805e-05,-0.0097566263354451,0.6163192984095692,discharge
3.705486924346353,-0.0013610857780125,6.247606988958149,0.0002266666666666,0.0,3934.0,4.6648499527623954e-05,-0.0097566263354451,0.6163191093698779,discharge
3.705533572845881,-0.001215440879183,6.237850362622703,0.00024,0.0,3935.0,4.664849952806805e-05,-0.009756626335446,0.6163189405586447,discharge
3.705580221345409,-0.0010697959803534,6.228093736287258,0.0002533333333333,0.0,3936.0,4.6648499527623954e-05,-0.0097566263354451,0.6163187919758696,discharge
3.7056268698449366,-0.0009241510815239,6.218337109951813,0.0002666666666666,0.0,3937.0,4.664849952806805e-05,-0.0097566263354451,0.6163186636215527,discharge
3.705673518344464,-0.0007785061826943,6.208580483616368,0.00028,0.0,3938.0,4.6648499527623954e-05,-0.0097566263354451,0.616318555495694,discharge
3.705720166843992,-0.0006328612838648,6.198823857280923,0.0002933333333333,0.0,3939.0,4.664849952806805e-05,-0.0097566263354451,0.6163184675982936,discharge
3.70576681534352,-0.0004872163850352,6.189067230945477,0.0003066666666666,0.0,3940.0,4.6648499527623954e-05,-0.009756626335446,0.6163183999293511,discharge
3.705813463843048,-0.0003415714862057,6.1793106046100315,0.00032,0.0,3941.0,4.664849952806805e-05,-0.0097566263354451,0.6163183524888669,discharge
3.705860112342576,-0.0001959265873761,6.169553978274586,0.0003333333333333,0.0,3942.0,4.6648499527623954e-05,-0.0097566263354451,0.6163183252768409,discharge
3.705906760842104,-5.028168854661339e-05,6.159797351939141,0.0003466666666666,0.0,3943.0,4.664849952806805e-05,-0.0097566263354451,0.616318318293273,discharge
3.7059534093416313,9.536321028293992e-05,6.150040725603696,0.00036,0.0,3944.0,4.6648499527623954e-05,-0.0097566263354451,0.6163183315381633,discharge
3.7060000578411594,0.0002410081091124,6.14028409926825,0.0003733333333333,0.0,3945.0,4.664849952806805e-05,-0.009756626335446,0.6163183650115118,discharge
3.706046706340687,0.000386653007942,6.130527472932805,0.0003866666666666,0.0,3946.0,4.6648499527623954e-05,-0.0097566263354451,0.6163184187133185,discharge
3.706093354840215,0.0005322979067716,6.12077084659736,0.0004,0.0,3947.0,4.664849952806805e-05,-0.0097566263354451,0.6163184926435834,discharge
3.706124994168704,0.000492656399623,6.112770413708269,0.0004,0.0,3948.0,3.163932848915252e-05,-0.0080004328890908,0.6163185610680832,discharge
3.706156633497194,0.0004530148924744,6.104769980819179,0.0004,0.0,3949.0,3.163932848915252e-05,-0.0080004328890899,0.6163186239868184,discharge
3.7061882728256825,0.0004133733853258,6.096769547930088,0.0004,0.0,3950.0,3.163932848915252e-05,-0.0080004328890908,0.6163186813997886,discharge
3.706219912154172,0.0003737318781773,6.088769115040997,0.0004,0.0,3951.0,3.163932848915252e-05,-0.0080004328890908,0.6163187333069939,discharge
3.706251551482661,0.0003340903710287,6.080768682151907,0.0004,0.0,3952.0,3.163932848915252e-05,-0.0080004328890899,0.6163187797084343,discharge
3.70628319081115,0.0002944488638801,6.0727682492628166,0.0004,0.0,3953.0,3.163932848915252e-05,-0.0080004328890908,0.6163188206041098,discharge
3.706314830139639,0.0002548073567315,6.064767816373726,0.0004,0.0,3954.0,3.163932848915252e-05,-0.0080004328890908,0.6163188559940205,discharge
3.706346469468128,0.000215165849583,6.056767383484636,0.0004,0.0,3955.0,3.163932848870843e-05,-0.0080004328890899,0.6163188858781663,discharge
3.706378108796617,0.0001755243424344,6.048766950595545,0.0004,0.0,3956.0,3.163932848915252e-05,-0.0080004328890908,0.6163189102565472,discharge
3.706409748125106,0.0001358828352858,6.040766517706454,0.0004,0.0,3957.0,3.163932848915252e-05,-0.0080004328890908,0.6163189291291631,discharge
3.7064413874535953,9.624132813728826e-05,6.032766084817364,0.0004,0.0,3958.0,3.163932848915252e-05,-0.0080004328890899,0.6163189424960143,discharge
3.706473026782085,5.659982098871446e-05,6.0247656519282735,0.0004,0.0,3959.0,3.163932848915252e-05,-0.0080004328890908,0.6163189503571005,discharge
3.7065046661105736,1.6958313840140666e-05,6.016765219039183,0.0004,0.0,3960.0,3.163932848915252e-05,-0.0080004328890908,0.616318952712422,discharge
3.7065363054390623,-2.268319330843313e-05,6.008764786150093,0.0004,0.0,3961.0,3.163932848915252e-05,-0.0080004328890899,0.6163189495619784,discharge
3.706567944767552,-6.232470045700693e-05,6.000764353261002,0.0004,0.0,3962.0,3.163932848915252e-05,-0.0080004328890908,0.61631894090577,discharge
3.7066051446489703,-0.0001794313231502,5.994893664474427,0.0004,0.0,3963.0,3.7199881418370495e-05,-0.0058706887865751,0.6163189159847529,discharge
3.706642344530389,-0.0002965379458434,5.989022975687851,0.0004,0.0,3964.0,3.7199881418814584e-05,-0.005870688786576,0.6163188747989271,discharge
3.706679544411807,-0.0004136445685367,5.983152286901276,0.0004,0.0,3965.0,3.7199881418370495e-05,-0.0058706887865751,0.6163188173482925,discharge
3.7067167442932263,-0.0005307511912299,5.9772815981147005,0.0004,0.0,3966.0,3.7199881418814584e-05,-0.0058706887865751,0.6163187436328494,discharge
3.7067539441746447,-0.0006478578139232,5.971410909328125,0.0004,0.0,3967.0,3.7199881418370495e-05,-0.0058706887865751,0.6163186536525975,discharge
3.706791144056063,-0.0007649644366164,5.965540220541549,0.0004,0.0,3968.0,3.7199881418814584e-05,-0.005870688786576,0.6163185474075368,discharge
3.706828343937482,-0.0008820710593097,5.959669531754974,0.0004,0.0,3969.0,3.7199881418370495e-05,-0.0058706887865751,0.6163184248976674,discharge
3.7068655438189007,-0.0009991776820029,5.953798842968399,0.0004,0.0,3970.0,3.7199881418814584e-05,-0.0058706887865751,0.6163182861229894,discharge
3.706902743700319,-0.0011162843046962,5.947928154181824,0.0004,0.0,3971.0,3.7199881418370495e-05,-0.0058706887865751,0.6163181310835026,discharge
3.706939943581738,-0.0012333909273894,5.942057465395248,0.0004,0.0,3972.0,3.7199881418814584e-05,-0.005870688786576,0.6163179597792072,discharge
3.706977143463156,-0.0013504975500827,5.936186776608673,0.0004,0.0,3973.0,3.7199881418370495e-05,-0.0058706887865751,0.616317772210103,discharge
3.707014343344575,-0.0014676041727759,5.9303160878220975,0.0004,0.0,3974.0,3.7199881418814584e-05,-0.0058706887865751,0.6163175683761901,discharge
3.7070515432259934,-0.0015847107954692,5.924445399035522,0.0004,0.0,3975.0,3.7199881418370495e-05,-0.0058706887865751,0.6163173482774684,discharge
3.707088743107412,-0.0017018174181624,5.918574710248946,0.0004,0.0,3976.0,3.7199881418814584e-05,-0.005870688786576,0.6163171119139382,discharge
3.7071259429888306,-0.0018189240408557,5.912704021462371,0.0004,0.0,3977.0,3.7199881418370495e-05,-0.0058706887865751,0.6163168592855992,discharge
3.7071553431661335,-0.0016967845588203,5.919722647297139,0.0004,0.0,3978.0,2.9400177302907338e-05,0.0070186258347675,0.6163166236210771,discharge
3.707184743343436,-0.0015746450767849,5.926741273131907,0.0004,0.0,3979.0,2.940017730246325e-05,0.0070186258347684,0.616316404920372,discharge
3.707214143520739,-0.0014525055947495,5.933759898966675,0.0004,0.0,3980.0,2.9400177302907338e-05,0.0070186258347675,0.6163162031834839,discharge
3.7072435436980418,-0.0013303661127141,5.940778524801443,0.0004,0.0,3981.0,2.940017730246325e-05,0.0070186258347684,0.6163160184104126,discharge
3.707272943875344,-0.0012082266306787,5.947797150636211,0.0004,0.0,3982.0,2.9400177302907338e-05,0.0070186258347675,0.6163158506011583,discharge
3.7073023440526462,-0.0010860871486433,5.954815776470979,0.0004,0.0,3983.0,2.940017730246325e-05,0.0070186258347684,0.6163156997557211,discharge
3.7073317442299496,-0.0009639476666079,5.961834402305747,0.0004,0.0,3984.0,2.9400177302907338e-05,0.0070186258347675,0.6163155658741006,discharge
3.707361144407252,-0.0008418081845725,5.968853028140515,0.0004,0.0,3985.0,2.940017730246325e-05,0.0070186258347684,0.6163154489562972,discharge
3.707390544584555,-0.0007196687025371,5.9758716539752825,0.0004,0.0,3986.0,2.9400177302907338e-05,0.0070186258347675,0.6163153490023108,discharge
3.7074199447618574,-0.0005975292205017,5.982890279810051,0.0004,0.0,3987.0,2.940017730246325e-05,0.0070186258347684,0.6163152660121414,discharge
3.70744934493916,-0.0004753897384663,5.9899089056448185,0.0004,0.0,3988.0,2.9400177302907338e-05,0.0070186258347675,0.6163151999857888,discharge
3.707478745116463,-0.0003532502564309,5.996927531479587,0.0004,0.0,3989.0,2.940017730246325e-05,0.0070186258347684,0.6163151509232532,discharge
3.7075081452937657,-0.0002311107743955,6.003946157314354,0.0004,0.0,3990.0,2.9400177302907338e-05,0.0070186258347675,0.6163151188245344,discharge
3.707537545471068,-0.0001089712923601,6.010964783149123,0.0004,0.0,3991.0,2.940017730246325e-05,0.0070186258347684,0.6163151036896327,discharge
3.707566945648371,1.316818967524909e-05,6.01798340898389,0.0004,0.0,3992.0,2.9400177302907338e-05,0.0070186258347675,0.6163151055185478,discharge
3.70760639922022,5.232389568859151e-06,6.021938184973865,0.0004,0.0,3993.0,3.945357184864662e-05,0.0039547759899747,0.6163151062452688,discharge
3.707645852792069,-2.7034105375307888e-06,6.025892960963839,0.0004,0.0,3994.0,3.945357184909071e-05,0.0039547759899738,0.616315105869795,discharge
3.7076853063639175,-1.0639210643920729e-05,6.029847736953814,0.0004,0.0,3995.0,3.945357184864662e-05,0.0039547759899747,0.6163151043921268,discharge
3.707724759935766,-1.8575010750310667e-05,6.0338025129437876,0.0004,0.0,3996.0,3.945357184864662e-05,0.0039547759899738,0.6163151018122641,discharge
3.7077642135076143,-2.651081085670061e-05,6.037757288933762,0.0004,0.0,3997.0,3.945357184864662e-05,0.0039547759899747,0.616315098130207,discharge
3.707803667079464,-3.4446610963090546e-05,6.041712064923736,0.0004,0.0,3998.0,3.945357184909071e-05,0.0039547759899738,0.6163150933459556,discharge
3.707843120651313,-4.2382411069480486e-05,6.045666840913711,0.0004,0.0,3999.0,3.945357184864662e-05,0.0039547759899747,0.6163150874595096,discharge
3.707882574223161,-5.0318211175870425e-05,6.049621616903685,0.0004,0.0,4000.0,3.945357184864662e-05,0.0039547759899738,0.616315080470869,discharge
3.70792202779501,-5.8254011282260365e-05,6.0535763928936595,0.0004,0.0,4001.0,3.945357184864662e-05,0.0039547759899747,0.6163150723800341,discharge
3.707961481366859,-6.61898113886503e-05,6.057531168883633,0.0004,0.0,4002.0,3.945357184909071e-05,0.0039547759899738,0.6163150631870047,discharge
3.708000934938707,-7.412561149504024e-05,6.061485944873608,0.0004,0.0,4003.0,3.945357184864662e-05,0.0039547759899747,0.6163150528917809,discharge
3.708040388510556,-8.206141160143018e-05,6.065440720863582,0.0004,0.0,4004.0,3.945357184864662e-05,0.0039547759899738,0.6163150414943627,discharge
3.708079842082405,-8.999721170782012e-05,6.069395496853557,0.0004,0.0,4005.0,3.945357184864662e-05,0.0039547759899747,0.6163150289947499,discharge
3.708119295654254,-9.793301181421006e-05,6.0733502728435305,0.0004,0.0,4006.0,3.945357184909071e-05,0.0039547759899738,0.6163150153929428,discharge
3.7081587492261026,-0.0001058688119206,6.077305048833505,0.0004,0.0,4007.0,3.945357184864662e-05,0.0039547759899747,0.6163150006889411,discharge
3.708188060191123,-0.0001709572121634,6.078391026543263,0.0004,0.0,4008.0,2.9310965020457047e-05,0.0010859777097573,0.6163149769448839,discharge
3.708217371156143,-0.0002360456124063,6.079477004253019,0.0004,0.0,4009.0,2.9310965020457047e-05,0.0010859777097564,0.6163149441607711,discharge
3.708246682121164,-0.0003011340126492,6.080562981962776,0.0004,0.0,4010.0,2.9310965020457047e-05,0.0010859777097573,0.6163149023366026,discharge
3.708275993086184,-0.000366222412892,6.081648959672534,0.0004,0.0,4011.0,2.9310965020457047e-05,0.0010859777097573,0.6163148514723786,discharge
3.708305304051205,-0.0004313108131349,6.08273493738229,0.0004,0.0,4012.0,2.9310965020457047e-05,0.0010859777097564,0.6163147915680991,discharge
3.7083346150162257,-0.0004963992133778,6.083820915092048,0.0004,0.0,4013.0,2.9310965020457047e-05,0.0010859777097573,0.6163147226237639,discharge
3.7083639259812458,-0.0005614876136207,6.084906892801805,0.0004,0.0,4014.0,2.9310965020457047e-05,0.0010859777097573,0.616314644639373,discharge
3.7083932369462658,-0.0006265760138635,6.085992870511562,0.0004,0.0,4015.0,2.931096502001296e-05,0.0010859777097564,0.6163145576149267,discharge
3.7084225479112862,-0.0006916644141064,6.087078848221319,0.0004,0.0,4016.0,2.9310965020457047e-05,0.0010859777097573,0.6163144615504248,discharge
3.7084518588763062,-0.0007567528143493,6.088164825931076,0.0004,0.0,4017.0,2.9310965020457047e-05,0.0010859777097573,0.6163143564458672,discharge
3.708481169841327,-0.0008218412145922,6.089250803640833,0.0004,0.0,4018.0,2.9310965020457047e-05,0.0010859777097564,0.6163142423012541,discharge
3.708510480806347,-0.000886929614835,6.09033678135059,0.0004,0.0,4019.0,2.9310965020457047e-05,0.0010859777097573,0.6163141191165853,discharge
3.708539791771368,-0.0009520180150779,6.091422759060348,0.0004,0.0,4020.0,2.9310965020457047e-05,0.0010859777097573,0.616313986891861,discharge
3.708569102736389,-0.0010171064153208,6.092508736770104,0.0004,0.0,4021.0,2.9310965020457047e-05,0.0010859777097564,0.6163138456270811,discharge
3.708598413701409,-0.0010821948155637,6.0935947144798615,0.0004,0.0,4022.0,2.9310965020457047e-05,0.0010859777097573,0.6163136953222457,discharge
3.708622395913267,-0.0010055225528263,6.0939259665833685,0.0004,0.0,4023.0,2.3982211858619703e-05,0.000331252103507,0.6163135556663355,discharge
3.708646378125126,-0.000928850290089,6.094257218686876,0.0004,0.0,4024.0,2.3982211858619703e-05,0.0003312521035079,0.6163134266593507,discharge
3.708670360336985,-0.0008521780273517,6.0945884707903835,0.0004,0.0,4025.0,2.3982211858619703e-05,0.000331252103507,0.6163133083012914,discharge
3.708694342548843,-0.0007755057646144,6.094919722893891,0.0004,0.0,4026.0,2.3982211858619703e-05,0.0003312521035079,0.6163132005921574,discharge
3.708718324760702,-0.000698833501877,6.095250974997398,0.0004,0.0,4027.0,2.3982211858619703e-05,0.000331252103507,0.6163131035319489,discharge
3.7087423069725607,-0.0006221612391397,6.0955822271009055,0.0004,0.0,4028.0,2.3982211858619703e-05,0.000331252103507,0.6163130171206657,discharge
3.7087662891844193,-0.0005454889764024,6.095913479204413,0.0004,0.0,4029.0,2.3982211858619703e-05,0.0003312521035079,0.6163129413583077,discharge
3.7087902713962775,-0.0004688167136651,6.09624473130792,0.0004,0.0,4030.0,2.3982211858175617e-05,0.000331252103507,0.6163128762448753,discharge
3.708814253608136,-0.0003921444509277,6.096575983411428,0.0004,0.0,4031.0,2.3982211858619703e-05,0.0003312521035079,0.6163128217803683,discharge
3.7088382358199943,-0.0003154721881904,6.096907235514935,0.0004,0.0,4032.0,2.3982211858619703e-05,0.000331252103507,0.6163127779647866,discharge
3.708862218031854,-0.0002387999254531,6.0972384876184424,0.0004,0.0,4033.0,2.3982211858619703e-05,0.000331252103507,0.6163127447981303,discharge
3.708886200243712,-0.0001621276627158,6.09756973972195,0.0004,0.0,4034.0,2.3982211858619703e-05,0.0003312521035079,0.6163127222803993,discharge
3.7089101824555706,-8.54553999785075e-05,6.097900991825457,0.0004,0.0,4035.0,2.3982211858619703e-05,0.000331252103507,0.6163127104115937,discharge
3.708934164667429,-8.783137241184997e-06,6.098232243928965,0.0004,0.0,4036.0,2.3982211858619703e-05,0.0003312521035079,0.6163127091917135,discharge
3.708958146879288,6.78891254961376e-05,6.098563496032472,0.0004,0.0,4037.0,2.3982211858619703e-05,0.000331252103507,0.6163127186207589,discharge
3.708979025308995,-6.097136919371158e-05,6.100754226273237,0.0004,0.0,4038.0,2.087842970777132e-05,0.0021907302407644,0.6163127101525131,discharge
3.7089999037387034,-0.0001898318638835,6.102944956514,0.0004,0.0,4039.0,2.087842970777132e-05,0.0021907302407635,0.6163126837869766,discharge
3.709020782168411,-0.0003186923585734,6.105135686754765,0.0004,0.0,4040.0,2.0878429708215407e-05,0.0021907302407644,0.6163126395241489,discharge
3.7090416605981193,-0.0004475528532632,6.107326416995528,0.0004,0.0,4041.0,2.087842970777132e-05,0.0021907302407635,0.6163125773640303,discharge
3.709062539027827,-0.0005764133479531,6.109517147236293,0.0004,0.0,4042.0,2.087842970777132e-05,0.0021907302407644,0.616312497306621,discharge
3.709083417457535,-0.0007052738426429,6.111707877477056,0.0004,0.0,4043.0,2.087842970777132e-05,0.0021907302407635,0.6163123993519206,discharge
3.709104295887242,-0.0008341343373328,6.113898607717821,0.0004,0.0,4044.0,2.087842970777132e-05,0.0021907302407644,0.6163122834999293,discharge
3.709125174316951,-0.0009629948320226,6.116089337958584,0.0004,0.0,4045.0,2.0878429708215407e-05,0.0021907302407635,0.616312149750647,discharge
3.709146052746658,-0.0010918553267125,6.118280068199349,0.0004,0.0,4046.0,2.087842970777132e-05,0.0021907302407644,0.6163119981040739,discharge
3.7091669311763664,-0.0012207158214023,6.120470798440112,0.0004,0.0,4047.0,2.087842970777132e-05,0.0021907302407635,0.6163118285602098,discharge
3.709187809606074,-0.0013495763160922,6.122661528680877,0.0004,0.0,4048.0,2.087842970777132e-05,0.0021907302407644,0.6163116411190548,discharge
3.709208688035782,-0.001478436810782,6.12485225892164,0.0004,0.0,4049.0,2.087842970777132e-05,0.0021907302407635,0.6163114357806088,discharge
3.70922956646549,-0.0016072973054719,6.127042989162405,0.0004,0.0,4050.0,2.0878429708215407e-05,0.0021907302407644,0.616311212544872,discharge
3.709250444895198,-0.0017361578001617,6.129233719403168,0.0004,0.0,4051.0,2.087842970777132e-05,0.0021907302407635,0.6163109714118442,discharge
3.7092713233249057,-0.0018650182948516,6.131424449643933,0.0004,0.0,4052.0,2.087842970777132e-05,0.0021907302407644,0.6163107123815255,discharge
3.709304130079514,-0.0018205733513878,6.131416648149182,0.0004,0.0,4053.0,3.2806754608483146e-05,-7.801494750658833e-06,0.6163104595241156,discharge
3.709336936834123,-0.001776128407924,6.131408846654431,0.0004,0.0,4054.0,3.2806754608927235e-05,-7.801494750658833e-06,0.6163102128396145,discharge
3.709369743588731,-0.0017316834644602,6.131401045159681,0.0004,0.0,4055.0,3.2806754608483146e-05,-7.801494750658833e-06,0.6163099723280221,discharge
3.70940255034334,-0.0016872385209965,6.13139324366493,0.0004,0.0,4056.0,3.2806754608483146e-05,-7.801494750658833e-06,0.6163097379893387,discharge
3.709435357097949,-0.0016427935775327,6.1313854421701794,0.0004,0.0,4057.0,3.2806754608927235e-05,-7.801494750658833e-06,0.616309509823564,discharge
3.7094681638525575,-0.0015983486340689,6.131377640675429,0.0004,0.0,4058.0,3.2806754608483146e-05,-7.801494750658833e-06,0.6163092878306982,discharge
3.709500970607166,-0.0015539036906051,6.131369839180678,0.0004,0.0,4059.0,3.2806754608483146e-05,-7.801494750658833e-06,0.6163090720107411,discharge
3.709533777361775,-0.0015094587471414,6.131362037685927,0.0004,0.0,4060.0,3.2806754608927235e-05,-7.801494751547011e-06,0.616308862363693,discharge
3.7095665841163834,-0.0014650138036776,6.131354236191176,0.0004,0.0,4061.0,3.2806754608483146e-05,-7.801494750658833e-06,0.6163086588895536,discharge
3.709599390870992,-0.0014205688602138,6.131346434696425,0.0004,0.0,4062.0,3.2806754608483146e-05,-7.801494750658833e-06,0.616308461588323,discharge
3.709632197625601,-0.00137612391675,6.131338633201675,0.0004,0.0,4063.0,3.2806754608927235e-05,-7.801494750658833e-06,0.6163082704600011,discharge
3.7096650043802097,-0.0013316789732863,6.131330831706924,0.0004,0.0,4064.0,3.2806754608483146e-05,-7.801494750658833e-06,0.6163080855045882,discharge
3.709697811134818,-0.0012872340298225,6.131323030212173,0.0004,0.0,4065.0,3.2806754608483146e-05,-7.801494750658833e-06,0.616307906722084,discharge
3.7097306178894263,-0.0012427890863587,6.131315228717423,0.0004,0.0,4066.0,3.2806754608927235e-05,-7.801494750658833e-06,0.6163077341124887,discharge
3.709763424644035,-0.001198344142895,6.131307427222672,0.0004,0.0,4067.0,3.2806754608483146e-05,-7.801494750658833e-06,0.6163075676758023,discharge
3.709788716057501,-0.0011939736736039,6.130556989618561,0.0004,0.0,4068.0,2.5291413465744483e-05,-0.0007504376041111,0.6163074018461254,discharge
3.709814007470967,-0.0011896032043128,6.12980655201445,0.0004,0.0,4069.0,2.5291413466188573e-05,-0.0007504376041111,0.6163072366234581,discharge
3.709839298884433,-0.0011852327350217,6.1290561144103375,0.0004,0.0,4070.0,2.5291413465744483e-05,-0.000750437604112,0.6163070720078004,discharge
3.709864590297899,-0.0011808622657306,6.128305676806226,0.0004,0.0,4071.0,2.5291413466188573e-05,-0.0007504376041111,0.6163069079991523,discharge
3.709889881711365,-0.0011764917964395,6.127555239202115,0.0004,0.0,4072.0,2.5291413465744483e-05,-0.0007504376041111,0.616306744597514,discharge
3.7099151731248305,-0.0011721213271484,6.126804801598004,0.0004,0.0,4073.0,2.5291413465744483e-05,-0.0007504376041111,0.6163065818028852,discharge
3.7099404645382967,-0.0011677508578573,6.126054363993893,0.0004,0.0,4074.0,2.5291413466188573e-05,-0.0007504376041111,0.6163064196152661,discharge
3.7099657559517625,-0.0011633803885662,6.125303926389781,0.0004,0.0,4075.0,2.5291413465744483e-05,-0.000750437604112,0.6163062580346566,discharge
3.7099910473652287,-0.0011590099192751,6.124553488785669,0.0004,0.0,4076.0,2.5291413466188573e-05,-0.0007504376041111,0.6163060970610567,discharge
3.7100163387786944,-0.001154639449984,6.123803051181558,0.0004,0.0,4077.0,2.5291413465744483e-05,-0.0007504376041111,0.6163059366944663,discharge
3.71004163019216,-0.0011502689806929,6.123052613577447,0.0004,0.0,4078.0,2.5291413465744483e-05,-0.0007504376041111,0.6163057769348856,discharge
3.7100669216056263,-0.0011458985114018,6.122302175973336,0.0004,0.0,4079.0,2.5291413466188573e-05,-0.0007504376041111,0.6163056177823147,discharge
3.710092213019092,-0.0011415280421107,6.121551738369224,0.0004,0.0,4080.0,2.5291413465744483e-05,-0.000750437604112,0.6163054592367533,discharge
3.7101175044325583,-0.0011371575728196,6.1208013007651125,0.0004,0.0,4081.0,2.5291413466188573e-05,-0.0007504376041111,0.6163053012982016,discharge
3.710142795846024,-0.0011327871035286,6.120050863161001,0.0004,0.0,4082.0,2.5291413465744483e-05,-0.0007504376041111,0.6163051439666594,discharge
3.710164095112777,-0.0011047680792815,6.120420932572119,0.0004,0.0,4083.0,2.1299266752539125e-05,0.0003700694111179,0.6163049905266484,discharge
3.7101853943795287,-0.0010767490550345,6.120791001983237,0.0004,0.0,4084.0,2.1299266752095036e-05,0.0003700694111179,0.6163048409781686,discharge
3.710206693646281,-0.0010487300307874,6.121161071394355,0.0004,0.0,4085.0,2.1299266752539125e-05,0.0003700694111179,0.6163046953212199,discharge
3.7102279929130337,-0.0010207110065404,6.121531140805472,0.0004,0.0,4086.0,2.1299266752539125e-05,0.000370069411117,0.6163045535558023,discharge
3.7102492921797863,-0.0009926919822933,6.12190121021659,0.0004,0.0,4087.0,2.1299266752539125e-05,0.0003700694111179,0.6163044156819157,discharge
3.7102705914465384,-0.0009646729580463,6.122271279627708,0.0004,0.0,4088.0,2.1299266752095036e-05,0.0003700694111179,0.6163042816995605,discharge
3.710291890713291,-0.0009366539337992,6.122641349038826,0.0004,0.0,4089.0,2.1299266752539125e-05,0.0003700694111179,0.6163041516087364,discharge
3.710313189980043,-0.0009086349095522,6.123011418449944,0.0004,0.0,4090.0,2.1299266752539125e-05,0.0003700694111179,0.6163040254094434,discharge
3.710334489246796,-0.0008806158853051,6.123381487861062,0.0004,0.0,4091.0,2.1299266752539125e-05,0.0003700694111179,0.6163039031016815,discharge
3.710355788513548,-0.0008525968610581,6.12375155727218,0.0004,0.0,4092.0,2.1299266752095036e-05,0.0003700694111179,0.6163037846854509,discharge
3.7103770877803006,-0.000824577836811,6.124121626683298,0.0004,0.0,4093.0,2.1299266752539125e-05,0.0003700694111179,0.6163036701607513,discharge
3.710398387047053,-0.000796558812564,6.124491696094415,0.0004,0.0,4094.0,2.1299266752539125e-05,0.000370069411117,0.6163035595275829,discharge
3.7104196863138057,-0.0007685397883169,6.124861765505533,0.0004,0.0,4095.0,2.1299266752539125e-05,0.0003700694111179,0.6163034527859457,discharge
3.710440985580558,-0.0007405207640699,6.125231834916651,0.0004,0.0,4096.0,2.1299266752095036e-05,0.0003700694111179,0.6163033499358395,discharge
3.7104622848473103,-0.0007125017398229,6.125601904327769,0.0004,0.0,4097.0,2.1299266752539125e-05,0.0003700694111179,0.6163032509772646,discharge
3.710487624715858,-0.0006892638609171,6.12613989411017,0.0004,0.0,4098.0,2.533986854702519e-05,0.0005379897824013,0.6163031552461729,discharge
3.710512964584404,-0.0006660259820113,6.126677883892571,0.0004,0.0,4099.0,2.53398685465811e-05,0.0005379897824004,0.6163030627425643,discharge
3.710538304452951,-0.0006427881031055,6.127215873674972,0.0004,0.0,4100.0,2.533986854702519e-05,0.0005379897824013,0.6163029734664388,discharge
3.710563644321498,-0.0006195502241997,6.127753863457373,0.0004,0.0,4101.0,2.533986854702519e-05,0.0005379897824013,0.6163028874177965,discharge
3.710588984190045,-0.0005963123452939,6.128291853239774,0.0004,0.0,4102.0,2.53398685465811e-05,0.0005379897824004,0.6163028045966374,discharge
3.710614324058592,-0.0005730744663881,6.128829843022175,0.0004,0.0,4103.0,2.533986854702519e-05,0.0005379897824013,0.6163027250029616,discharge
3.7106396639271386,-0.0005498365874823,6.129367832804577,0.0004,0.0,4104.0,2.533986854702519e-05,0.0005379897824013,0.6163026486367689,discharge
3.710665003795685,-0.0005265987085766,6.129905822586977,0.0004,0.0,4105.0,2.53398685465811e-05,0.0005379897824004,0.6163025754980593,discharge
3.710690343664232,-0.0005033608296708,6.1304438123693785,0.0004,0.0,4106.0,2.533986854702519e-05,0.0005379897824013,0.616302505586833,discharge
3.7107156835327793,-0.000480122950765,6.13098180215178,0.0004,0.0,4107.0,2.533986854702519e-05,0.0005379897824013,0.6163024389030898,discharge
3.710741023401326,-0.0004568850718592,6.13151979193418,0.0004,0.0,4108.0,2.53398685465811e-05,0.0005379897824004,0.6163023754468299,discharge
3.710766363269873,-0.0004336471929534,6.132057781716582,0.0004,0.0,4109.0,2.533986854702519e-05,0.0005379897824013,0.6163023152180531,discharge
3.71079170313842,-0.0004104093140476,6.132595771498983,0.0004,0.0,4110.0,2.533986854702519e-05,0.0005379897824013,0.6163022582167594,discharge
3.7108170430069665,-0.0003871714351418,6.133133761281384,0.0004,0.0,4111.0,2.53398685465811e-05,0.0005379897824004,0.6163022044429489,discharge
3.7108423828755135,-0.0003639335562361,6.133671751063785,0.0004,0.0,4112.0,2.533986854702519e-05,0.0005379897824013,0.6163021538966217,discharge
3.7108654749077217,-0.0003647864500137,6.134544833021464,0.0004,0.0,4113.0,2.309203220773881e-05,0.0008730819576792,0.616302103231837,discharge
3.7108885669399294,-0.0003656393437913,6.135417914979144,0.0004,0.0,4114.0,2.30920322081829e-05,0.00087308195768,0.6163020524485947,discharge
3.710911658972137,-0.0003664922375689,6.136290996936824,0.0004,0.0,4115.0,2.309203220773881e-05,0.0008730819576792,0.6163020015468952,discharge
3.7109347510043458,-0.0003673451313466,6.137164078894504,0.0004,0.0,4116.0,2.30920322081829e-05,0.00087308195768,0.616301950526738,discharge
3.710957843036553,-0.0003681980251242,6.138037160852183,0.0004,0.0,4117.0,2.309203220773881e-05,0.0008730819576792,0.6163018993881233,discharge
3.7109809350687617,-0.0003690509189018,6.138910242809863,0.0004,0.0,4118.0,2.30920322081829e-05,0.00087308195768,0.6163018481310514,discharge
3.711004027100969,-0.0003699038126794,6.139783324767542,0.0004,0.0,4119.0,2.309203220773881e-05,0.0008730819576792,0.6163017967555218,discharge
3.711027119133177,-0.0003707567064571,6.140656406725222,0.0004,0.0,4120.0,2.30920322081829e-05,0.00087308195768,0.6163017452615347,discharge
3.711050211165385,-0.0003716096002347,6.1415294886829015,0.0004,0.0,4121.0,2.309203220773881e-05,0.0008730819576792,0.6163016936490903,discharge
3.711073303197593,-0.0003724624940123,6.142402570640582,0.0004,0.0,4122.0,2.30920322081829e-05,0.00087308195768,0.6163016419181884,discharge
3.711096395229801,-0.0003733153877899,6.143275652598261,0.0004,0.0,4123.0,2.309203220773881e-05,0.0008730819576792,0.6163015900688289,discharge
3.711119487262009,-0.0003741682815676,6.144148734555941,0.0004,0.0,4124.0,2.30920322081829e-05,0.00087308195768,0.6163015381010121,discharge
3.7111425792942168,-0.0003750211753452,6.14502181651362,0.0004,0.0,4125.0,2.309203220773881e-05,0.0008730819576792,0.6163014860147378,discharge
3.711165671326425,-0.0003758740691228,6.1458948984713,0.0004,0.0,4126.0,2.30920322081829e-05,0.00087308195768,0.6163014338100059,discharge
3.7111887633586327,-0.0003767269629005,6.146767980428979,0.0004,0.0,4127.0,2.309203220773881e-05,0.0008730819576792,0.6163013814868166,discharge
3.711201839432323,-0.0003837213790617,6.146094553609134,0.0004,0.0,4128.0,1.3076073690498902e-05,-0.0006734268198451,0.6163013281921806,discharge
3.7112149155060137,-0.0003907157952229,6.14542112678929,0.0004,0.0,4129.0,1.3076073690498902e-05,-0.0006734268198442,0.616301273926098,discharge
3.7112279915797046,-0.0003977102113842,6.144747699969445,0.0004,0.0,4130.0,1.3076073690942993e-05,-0.0006734268198451,0.6163012186885686,discharge
3.711241067653395,-0.0004047046275454,6.1440742731496,0.0004,0.0,4131.0,1.3076073690498902e-05,-0.0006734268198451,0.6163011624795925,discharge
3.7112541437270856,-0.0004116990437067,6.143400846329755,0.0004,0.0,4132.0,1.3076073690498902e-05,-0.0006734268198442,0.6163011052991698,discharge
3.711267219800776,-0.0004186934598679,6.14272741950991,0.0004,0.0,4133.0,1.3076073690498902e-05,-0.0006734268198451,0.6163010471473004,discharge
3.7112802958744666,-0.0004256878760292,6.142053992690065,0.0004,0.0,4134.0,1.3076073690498902e-05,-0.0006734268198451,0.6163009880239843,discharge
3.711293371948157,-0.0004326822921904,6.14138056587022,0.0004,0.0,4135.0,1.3076073690498902e-05,-0.0006734268198451,0.6163009279292215,discharge
3.711306448021848,-0.0004396767083516,6.140707139050376,0.0004,0.0,4136.0,1.3076073690942993e-05,-0.0006734268198442,0.6163008668630119,discharge
3.7113195240955386,-0.0004466711245129,6.14003371223053,0.0004,0.0,4137.0,1.3076073690498902e-05,-0.0006734268198451,0.6163008048253558,discharge
3.711332600169229,-0.0004536655406741,6.139360285410685,0.0004,0.0,4138.0,1.3076073690498902e-05,-0.0006734268198451,0.6163007418162529,discharge
3.71134567624292,-0.0004606599568354,6.138686858590841,0.0004,0.0,4139.0,1.3076073690498902e-05,-0.0006734268198442,0.6163006778357034,discharge
3.71135875231661,-0.0004676543729966,6.138013431770996,0.0004,0.0,4140.0,1.3076073690498902e-05,-0.0006734268198451,0.6163006128837072,discharge
3.711371828390301,-0.0004746487891579,6.137340004951151,0.0004,0.0,4141.0,1.3076073690942993e-05,-0.0006734268198451,0.6163005469602642,discharge
3.711384904463991,-0.0004816432053191,6.136666578131306,0.0004,0.0,4142.0,1.3076073690498902e-05,-0.0006734268198442,0.6163004800653745,discharge
3.711397980537682,-0.0004886376214804,6.135993151311461,0.0004,0.0,4143.0,1.3076073690498902e-05,-0.0006734268198451,0.6163004121990383,discharge
3.7114292006735345,-0.0005507163166643,6.136948038275698,0.0004,0.0,4144.0,3.12201358525499e-05,0.0009548869642364,0.6163003357106609,discharge
3.711460420809386,-0.0006127950118482,6.137902925239934,0.0004,0.0,4145.0,3.122013585210581e-05,0.0009548869642364,0.6163002506002426,discharge
3.711491640945239,-0.0006748737070322,6.13885781220417,0.0004,0.0,4146.0,3.12201358525499e-05,0.0009548869642364,0.6163001568677833,discharge
3.7115228610810913,-0.0007369524022161,6.139812699168407,0.0004,0.0,4147.0,3.122013585210581e-05,0.0009548869642364,0.616300054513283,discharge
3.711554081216944,-0.0007990310974001,6.140767586132643,0.0004,0.0,4148.0,3.12201358525499e-05,0.0009548869642364,0.6162999435367417,discharge
3.711585301352796,-0.000861109792584,6.14172247309688,0.0004,0.0,4149.0,3.122013585210581e-05,0.0009548869642364,0.6162998239381594,discharge
3.711616521488649,-0.0009231884877679,6.142677360061116,0.0004,0.0,4150.0,3.12201358525499e-05,0.0009548869642364,0.6162996957175361,discharge
3.7116477416245006,-0.0009852671829519,6.143632247025353,0.0004,0.0,4151.0,3.122013585210581e-05,0.0009548869642372,0.6162995588748719,discharge
3.711678961760353,-0.0010473458781358,6.14458713398959,0.0004,0.0,4152.0,3.12201358525499e-05,0.0009548869642364,0.6162994134101665,discharge
3.7117101818962057,-0.0011094245733198,6.145542020953826,0.0004,0.0,4153.0,3.122013585210581e-05,0.0009548869642364,0.6162992593234202,discharge
3.711741402032058,-0.0011715032685037,6.1464969079180625,0.0004,0.0,4154.0,3.12201358525499e-05,0.0009548869642364,0.6162990966146329,discharge
3.71177262216791,-0.0012335819636876,6.147451794882299,0.0004,0.0,4155.0,3.122013585210581e-05,0.0009548869642364,0.6162989252838047,discharge
3.7118038423037625,-0.0012956606588716,6.148406681846535,0.0004,0.0,4156.0,3.12201358525499e-05,0.0009548869642364,0.6162987453309353,discharge
3.7118350624396146,-0.0013577393540555,6.149361568810772,0.0004,0.0,4157.0,3.122013585210581e-05,0.0009548869642364,0.6162985567560251,discharge
3.711866282575467,-0.0014198180492395,6.150316455775008,0.0004,0.0,4158.0,3.12201358525499e-05,0.0009548869642364,0.6162983595590737,discharge
3.7118846565137744,-0.0012908629733654,6.150662873340347,0.0004,0.0,4159.0,1.837393830728118e-05,0.0003464175653391,0.6162981802725497,discharge
3.7119030304520817,-0.0011619078974913,6.151009290905687,0.0004,0.0,4160.0,1.837393830683709e-05,0.00034641756534,0.6162980188964529,discharge
3.711921404390389,-0.0010329528216172,6.151355708471026,0.0004,0.0,4161.0,1.837393830728118e-05,0.0003464175653391,0.6162978754307831,discharge
3.7119397783286954,-0.0009039977457431,6.151702126036366,0.0004,0.0,4162.0,1.837393830683709e-05,0.0003464175653391,0.6162977498755406,discharge
3.711958152267002,-0.000775042669869,6.152048543601706,0.0004,0.0,4163.0,1.837393830728118e-05,0.00034641756534,0.6162976422307254,discharge
3.71197652620531,-0.0006460875939949,6.152394961167045,0.0004,0.0,4164.0,1.837393830728118e-05,0.0003464175653391,0.6162975524963374,discharge
3.7119949001436168,-0.0005171325181208,6.152741378732384,0.0004,0.0,4165.0,1.837393830683709e-05,0.0003464175653391,0.6162974806723764,discharge
3.712013274081924,-0.0003881774422468,6.153087796297724,0.0004,0.0,4166.0,1.837393830728118e-05,0.00034641756534,0.6162974267588428,discharge
3.712031648020231,-0.0002592223663727,6.153434213863063,0.0004,0.0,4167.0,1.837393830683709e-05,0.0003464175653391,0.6162973907557363,discharge
3.712050021958538,-0.0001302672904986,6.153780631428402,0.0004,0.0,4168.0,1.837393830728118e-05,0.0003464175653391,0.6162973726630572,discharge
3.7120683958968455,-1.3122146245466e-06,6.154127048993742,0.0004,0.0,4169.0,1.837393830728118e-05,0.00034641756534,0.6162973724808052,discharge
3.712086769835152,0.0001276428612495,6.1544734665590815,0.0004,0.0,4170.0,1.837393830683709e-05,0.0003464175653391,0.6162973902089803,discharge
3.712105143773459,0.0002565979371236,6.154819884124421,0.0004,0.0,4171.0,1.837393830728118e-05,0.0003464175653391,0.6162974258475826,discharge
3.7121235177117664,0.0003855530129977,6.155166301689761,0.0004,0.0,4172.0,1.837393830683709e-05,0.00034641756534,0.6162974793966123,discharge
3.7121418916500737,0.0005145080888718,6.1555127192551,0.0004,0.0,4173.0,1.837393830728118e-05,0.0003464175653391,0.6162975508560691,discharge
3.712163450711039,0.0004693877518465,6.155873901740536,0.0003866666666666,0.0,4174.0,2.155906096534821e-05,0.0003611824854363,0.6162976160488124,discharge
3.712185009772005,0.0004242674148212,6.156235084225972,0.0003733333333333,0.0,4175.0,2.1559060965792295e-05,0.0003611824854354,0.6162976749748423,discharge
3.71220656883297,0.0003791470777959,6.156596266711408,0.00036,0.0,4176.0,2.155906096534821e-05,0.0003611824854363,0.6162977276341586,discharge
3.712228127893936,0.0003340267407706,6.1569574491968435,0.0003466666666666,0.0,4177.0,2.1559060965792295e-05,0.0003611824854354,0.6162977740267614,discharge
3.7122496869549018,0.0002889064037453,6.15731863168228,0.0003333333333333,0.0,4178.0,2.155906096534821e-05,0.0003611824854363,0.616297814152651,discharge
3.712271246015867,0.00024378606672,6.157679814167715,0.00032,0.0,4179.0,2.1559060965792295e-05,0.0003611824854354,0.6162978480118269,discharge
3.712292805076833,0.0001986657296947,6.158040996653152,0.0003066666666666,0.0,4180.0,2.155906096534821e-05,0.0003611824854363,0.6162978756042894,discharge
3.7123143641377983,0.0001535453926694,6.158402179138587,0.0002933333333333,0.0,4181.0,2.1559060965792295e-05,0.0003611824854354,0.6162978969300383,discharge
3.712335923198763,0.0001084250556441,6.158763361624024,0.00028,0.0,4182.0,2.155906096534821e-05,0.0003611824854363,0.6162979119890738,discharge
3.7123574822597294,6.330471861886665e-05,6.159124544109459,0.0002666666666666,0.0,4183.0,2.1559060965792295e-05,0.0003611824854354,0.6162979207813959,discharge
3.7123790413206943,1.818438159357331e-05,6.1594857265948955,0.0002533333333333,0.0,4184.0,2.155906096534821e-05,0.0003611824854363,0.6162979233070044,discharge
3.712400600381661,-2.6935955431720023e-05,6.159846909080331,0.00024,0.0,4185.0,2.1559060965792295e-05,0.0003611824854354,0.6162979195658995,discharge
3.712422159442626,-7.205629245701336e-05,6.160208091565767,0.0002266666666666,0.0,4186.0,2.155906096534821e-05,0.0003611824854363,0.6162979095580811,discharge
3.712443718503592,-0.0001171766294823,6.160569274051203,0.0002133333333333,0.0,4187.0,2.1559060965792295e-05,0.0003611824854354,0.6162978932835492,discharge
3.712465277564557,-0.0001622969665076,6.160930456536639,0.0002,0.0,4188.0,2.155906096534821e-05,0.0003611824854363,0.6162978707423039,discharge
3.7124821382359903,-0.0001868984915929,6.161368248778233,0.0002133333333333,0.0,4189.0,1.6860671433249763e-05,0.0004377922415939,0.61629784478418,discharge
3.712498998907423,-0.0002115000166783,6.161806041019826,0.0002266666666666,0.0,4190.0,1.6860671433249763e-05,0.000437792241593,0.6162978154091777,discharge
3.712515859578856,-0.0002361015417636,6.16224383326142,0.00024,0.0,4191.0,1.6860671432805674e-05,0.0004377922415939,0.616297782617297,discharge
3.7125327202502896,-0.000260703066849,6.162681625503013,0.0002533333333333,0.0,4192.0,1.6860671433249763e-05,0.000437792241593,0.6162977464085376,discharge
3.712549580921723,-0.0002853045919344,6.163119417744607,0.0002666666666666,0.0,4193.0,1.6860671433249763e-05,0.0004377922415939,0.6162977067828999,discharge
3.712566441593156,-0.0003099061170197,6.163557209986201,0.00028,0.0,4194.0,1.6860671433249763e-05,0.0004377922415939,0.6162976637403836,discharge
3.7125833022645898,-0.0003345076421051,6.163995002227794,0.0002933333333333,0.0,4195.0,1.6860671433249763e-05,0.000437792241593,0.6162976172809889,discharge
3.712600162936022,-0.0003591091671904,6.164432794469388,0.0003066666666666,0.0,4196.0,1.6860671432805674e-05,0.0004377922415939,0.6162975674047156,discharge
3.7126170236074554,-0.0003837106922758,6.164870586710981,0.00032,0.0,4197.0,1.6860671433249763e-05,0.000437792241593,0.6162975141115639,discharge
3.7126338842788886,-0.0004083122173612,6.165308378952575,0.0003333333333333,0.0,4198.0,1.6860671433249763e-05,0.0004377922415939,0.6162974574015336,discharge
3.712650744950322,-0.0004329137424465,6.165746171194169,0.0003466666666666,0.0,4199.0,1.6860671433249763e-05,0.0004377922415939,0.6162973972746251,discharge
3.712667605621755,-0.0004575152675319,6.166183963435762,0.00036,0.0,4200.0,1.6860671433249763e-05,0.000437792241593,0.616297333730838,discharge
3.712684466293188,-0.0004821167926172,6.1666217556773555,0.0003733333333333,0.0,4201.0,1.6860671432805674e-05,0.0004377922415939,0.6162972667701723,discharge
3.712701326964621,-0.0005067183177026,6.1670595479189485,0.0003866666666666,0.0,4202.0,1.6860671433249763e-05,0.000437792241593,0.616297196392628,discharge
3.7127181876360544,-0.000531319842788,6.167497340160542,0.0004,0.0,4203.0,1.6860671433249763e-05,0.0004377922415939,0.6162971225982055,discharge
3.7127407807979624,-0.0005375338010124,6.167612941236489,0.0004,0.0,4204.0,2.25931619080022e-05,0.0001156010759464,0.6162970479407331,discharge
3.712763373959871,-0.0005437477592369,6.167728542312435,0.0004,0.0,4205.0,2.259316190844629e-05,0.0001156010759464,0.616296972420211,discharge
3.712785967121779,-0.0005499617174613,6.167844143388382,0.0004,0.0,4206.0,2.25931619080022e-05,0.0001156010759464,0.6162968960366392,discharge
3.712808560283687,-0.0005561756756858,6.167959744464328,0.0004,0.0,4207.0,2.25931619080022e-05,0.0001156010759464,0.6162968187900175,discharge
3.7128311534455953,-0.0005623896339102,6.168075345540275,0.0004,0.0,4208.0,2.259316190844629e-05,0.0001156010759464,0.6162967406803461,discharge
3.7128537466075033,-0.0005686035921347,6.168190946616221,0.0004,0.0,4209.0,2.25931619080022e-05,0.0001156010759464,0.6162966617076251,discharge
3.7128763397694113,-0.0005748175503591,6.1683065476921675,0.0004,0.0,4210.0,2.25931619080022e-05,0.0001156010759464,0.6162965818718542,discharge
3.71289893293132,-0.0005810315085836,6.168422148768113,0.0004,0.0,4211.0,2.259316190844629e-05,0.0001156010759455,0.6162965011730335,discharge
3.712921526093228,-0.000587245466808,6.1685377498440594,0.0004,0.0,4212.0,2.25931619080022e-05,0.0001156010759464,0.6162964196111631,discharge
3.712944119255136,-0.0005934594250325,6.168653350920006,0.0004,0.0,4213.0,2.25931619080022e-05,0.0001156010759464,0.616296337186243,discharge
3.712966712417044,-0.0005996733832569,6.168768951995952,0.0004,0.0,4214.0,2.259316190844629e-05,0.0001156010759464,0.616296253898273,discharge
3.712989305578952,-0.0006058873414814,6.168884553071899,0.0004,0.0,4215.0,2.25931619080022e-05,0.0001156010759464,0.6162961697472534,discharge
3.71301189874086,-0.0006121012997058,6.169000154147845,0.0004,0.0,4216.0,2.25931619080022e-05,0.0001156010759464,0.616296084733184,discharge
3.7130344919027687,-0.0006183152579303,6.169115755223792,0.0004,0.0,4217.0,2.259316190844629e-05,0.0001156010759464,0.6162959988560648,discharge
3.7130570850646767,-0.0006245292161548,6.169231356299738,0.0004,0.0,4218.0,2.25931619080022e-05,0.0001156010759464,0.616295912115896,discharge
3.713066470247679,-0.0006132404910048,6.170585825811932,0.0004,0.0,4219.0,9.385183002752484e-06,0.0013544695121936,0.6162958269436055,discharge
3.713075855430682,-0.0006019517658548,6.171940295324125,0.0004,0.0,4220.0,9.385183003196572e-06,0.0013544695121936,0.6162957433391936,discharge
3.7130852406136854,-0.0005906630407048,6.173294764836319,0.0004,0.0,4221.0,9.385183002752484e-06,0.0013544695121936,0.6162956613026602,discharge
3.713094625796688,-0.0005793743155548,6.174649234348513,0.0004,0.0,4222.0,9.385183002752484e-06,0.0013544695121936,0.6162955808340052,discharge
3.7131040109796913,-0.0005680855904048,6.176003703860706,0.0004,0.0,4223.0,9.385183003196572e-06,0.0013544695121936,0.6162955019332288,discharge
3.713113396162694,-0.0005567968652548,6.1773581733729,0.0004,0.0,4224.0,9.385183002752484e-06,0.0013544695121936,0.6162954246003308,discharge
3.713122781345697,-0.0005455081401048,6.178712642885094,0.0004,0.0,4225.0,9.385183002752484e-06,0.0013544695121936,0.6162953488353113,discharge
3.7131321665287,-0.0005342194149548,6.180067112397288,0.0004,0.0,4226.0,9.385183003196572e-06,0.0013544695121945,0.6162952746381705,discharge
3.713141551711703,-0.0005229306898048,6.181421581909482,0.0004,0.0,4227.0,9.385183002752484e-06,0.0013544695121936,0.616295202008908,discharge
3.7131509368947055,-0.0005116419646548,6.182776051421675,0.0004,0.0,4228.0,9.385183002752484e-06,0.0013544695121936,0.616295130947524,discharge
3.7131603220777087,-0.0005003532395048,6.184130520933869,0.0004,0.0,4229.0,9.385183003196572e-06,0.0013544695121936,0.6162950614540185,discharge
3.713169707260711,-0.0004890645143548,6.185484990446063,0.0004,0.0,4230.0,9.385183002752484e-06,0.0013544695121936,0.6162949935283915,discharge
3.7131790924437142,-0.0004777757892048,6.186839459958256,0.0004,0.0,4231.0,9.385183002752484e-06,0.0013544695121936,0.6162949271706429,discharge
3.7131884776267174,-0.0004664870640548,6.18819392947045,0.0004,0.0,4232.0,9.385183003196572e-06,0.0013544695121936,0.6162948623807729,discharge
3.71319786280972,-0.0004551983389049,6.189548398982644,0.0004,0.0,4233.0,9.385183002752484e-06,0.0013544695121936,0.6162947991587815,discharge
3.71322103106458,-0.0004055745465194,6.190128330877481,0.0003866666666666,0.0,4234.0,2.316825485992879e-05,0.0005799318948369,0.6162947428289833,discharge
3.713244199319441,-0.0003559507541339,6.190708262772318,0.0003733333333333,0.0,4235.0,2.3168254860372883e-05,0.0005799318948369,0.6162946933913787,discharge
3.713267367574301,-0.0003063269617484,6.191288194667154,0.00036,0.0,4236.0,2.316825485992879e-05,0.000579931894836,0.6162946508459672,discharge
3.71329053582916,-0.0002567031693629,6.191868126561991,0.0003466666666666,0.0,4237.0,2.316825485992879e-05,0.0005799318948369,0.6162946151927493,discharge
3.71331370408402,-0.0002070793769774,6.1924480584568276,0.0003333333333333,0.0,4238.0,2.316825485992879e-05,0.0005799318948369,0.6162945864317246,discharge
3.7133368723388807,-0.000157455584592,6.1930279903516645,0.00032,0.0,4239.0,2.3168254860372883e-05,0.0005799318948369,0.6162945645628934,discharge
3.7133600405937406,-0.0001078317922065,6.1936079222465015,0.0003066666666666,0.0,4240.0,2.316825485992879e-05,0.0005799318948369,0.6162945495862556,discharge
3.713383208848601,-5.820799982105999e-05,6.1941878541413375,0.0002933333333333,0.0,4241.0,2.316825485992879e-05,0.000579931894836,0.6162945415018113,discharge
3.713406377103461,-8.584207435579989e-06,6.1947677860361745,0.00028,0.0,4242.0,2.316825485992879e-05,0.0005799318948369,0.6162945403095602,discharge
3.713429545358321,4.103958494990001e-05,6.1953477179310115,0.0002666666666666,0.0,4243.0,2.3168254860372883e-05,0.0005799318948369,0.6162945460095026,discharge
3.7134527136131807,9.066337733538e-05,6.195927649825848,0.0002533333333333,0.0,4244.0,2.316825485992879e-05,0.0005799318948369,0.6162945586016383,discharge
3.7134758818680407,0.0001402871697208,6.196507581720685,0.00024,0.0,4245.0,2.316825485992879e-05,0.0005799318948369,0.6162945780859674,discharge
3.7134990501229006,0.0001899109621063,6.1970875136155215,0.0002266666666666,0.0,4246.0,2.316825485992879e-05,0.000579931894836,0.61629460446249,discharge
3.713522218377761,0.0002395347544918,6.197667445510358,0.0002133333333333,0.0,4247.0,2.3168254860372883e-05,0.0005799318948369,0.6162946377312059,discharge
3.713545386632621,0.0002891585468773,6.198247377405195,0.0002,0.0,4248.0,2.316825485992879e-05,0.0005799318948369,0.6162946778921152,discharge
3.7135635244546967,0.0001955896130972,6.198203415229307,0.0002133333333333,0.0,4249.0,1.8137822075825483e-05,-4.396217588809037e-05,0.6162947050573393,discharge
3.713581662276773,0.0001020206793172,6.198159453053419,0.0002266666666666,0.0,4250.0,1.8137822075825483e-05,-4.396217588809037e-05,0.616294719226878,discharge
3.713599800098848,8.451745537279973e-06,6.198115490877531,0.00024,0.0,4251.0,1.8137822075825483e-05,-4.396217588809037e-05,0.6162947204007315,discharge
3.7136179379209246,-8.51171882427267e-05,6.198071528701643,0.0002533333333333,0.0,4252.0,1.8137822076269572e-05,-4.396217588809037e-05,0.6162947085788999,discharge
3.713636075743001,-0.0001786861220227,6.198027566525755,0.0002666666666666,0.0,4253.0,1.8137822075825483e-05,-4.396217588809037e-05,0.616294683761383,discharge
3.713654213565076,-0.0002722550558027,6.197983604349867,0.00028,0.0,4254.0,1.8137822075825483e-05,-4.396217588809037e-05,0.6162946459481807,discharge
3.713672351387152,-0.0003658239895827,6.197939642173979,0.0002933333333333,0.0,4255.0,1.8137822075825483e-05,-4.396217588809037e-05,0.6162945951392933,discharge
3.713690489209228,-0.0004593929233627,6.197895679998091,0.0003066666666666,0.0,4256.0,1.8137822075825483e-05,-4.396217588809037e-05,0.6162945313347206,discharge
3.713708627031304,-0.0005529618571427,6.197851717822203,0.00032,0.0,4257.0,1.8137822075825483e-05,-4.396217588809037e-05,0.6162944545344626,discharge
3.713726764853379,-0.0006465307909227,6.1978077556463145,0.0003333333333333,0.0,4258.0,1.8137822075825483e-05,-4.396217588809037e-05,0.6162943647385194,discharge
3.713744902675455,-0.0007400997247027,6.197763793470426,0.0003466666666666,0.0,4259.0,1.8137822075825483e-05,-4.396217588809037e-05,0.616294261946891,discharge
3.713763040497532,-0.0008336686584827,6.197719831294538,0.00036,0.0,4260.0,1.8137822076269572e-05,-4.396217588809037e-05,0.6162941461595773,discharge
3.713781178319607,-0.0009272375922627,6.19767586911865,0.0003733333333333,0.0,4261.0,1.8137822075825483e-05,-4.396217588809037e-05,0.6162940173765784,discharge
3.7137993161416833,-0.0010208065260427,6.197631906942762,0.0003866666666666,0.0,4262.0,1.8137822075825483e-05,-4.396217588809037e-05,0.6162938755978942,discharge
3.713817453963759,-0.0011143754598228,6.197587944766874,0.0004,0.0,4263.0,1.8137822075825483e-05,-4.396217588809037e-05,0.6162937208235248,discharge
3.71383209114555,-0.0010177519624865,6.197600053674732,0.0004,0.0,4264.0,1.4637181790622122e-05,1.21089078577441e-05,0.6162935794690856,discharge
3.713846728327341,-0.0009211284651503,6.1976121625825895,0.0004,0.0,4265.0,1.4637181791066212e-05,1.21089078577441e-05,0.6162934515345766,discharge
3.713861365509131,-0.0008245049678141,6.197624271490446,0.0004,0.0,4266.0,1.4637181790622122e-05,1.2108907856855922e-05,0.6162933370199977,discharge
3.713876002690922,-0.0007278814704778,6.197636380398304,0.0004,0.0,4267.0,1.4637181790622122e-05,1.21089078577441e-05,0.616293235925349,discharge
3.713890639872713,-0.0006312579731416,6.197648489306162,0.0004,0.0,4268.0,1.4637181791066212e-05,1.21089078577441e-05,0.6162931482506304,discharge
3.713905277054504,-0.0005346344758054,6.19766059821402,0.0004,0.0,4269.0,1.4637181790622122e-05,1.21089078577441e-05,0.6162930739958421,discharge
3.7139199142362944,-0.0004380109784692,6.197672707121877,0.0004,0.0,4270.0,1.4637181790622122e-05,1.21089078577441e-05,0.6162930131609841,discharge
3.7139345514180855,-0.0003413874811329,6.197684816029734,0.0004,0.0,4271.0,1.4637181791066212e-05,1.2108907856855922e-05,0.6162929657460561,discharge
3.713949188599876,-0.0002447639837967,6.197696924937592,0.0004,0.0,4272.0,1.4637181790622122e-05,1.21089078577441e-05,0.6162929317510584,discharge
3.7139638257816663,-0.0001481404864605,6.19770903384545,0.0004,0.0,4273.0,1.4637181790622122e-05,1.21089078577441e-05,0.6162929111759907,discharge
3.713978462963458,-5.151698912430674e-05,6.197721142753307,0.0004,0.0,4274.0,1.4637181791066212e-05,1.21089078577441e-05,0.6162929040208533,discharge
3.713993100145248,4.510650821191992e-05,6.197733251661165,0.0004,0.0,4275.0,1.4637181790622122e-05,1.21089078577441e-05,0.6162929102856463,discharge
3.714007737327039,0.0001417300055481,6.197745360569022,0.0004,0.0,4276.0,1.4637181790622122e-05,1.2108907856855922e-05,0.6162929299703692,discharge
3.71402237450883,0.0002383535028843,6.19775746947688,0.0004,0.0,4277.0,1.4637181791066212e-05,1.21089078577441e-05,0.6162929630750225,discharge
3.7140370116906207,0.0003349770002206,6.1977695783847375,0.0004,0.0,4278.0,1.4637181790622122e-05,1.21089078577441e-05,0.6162930095996058,discharge
3.7140520403473465,0.0001263824569189,6.1990640664871,0.0004,0.0,4279.0,1.5028656725757372e-05,0.0012944881023626,0.6162930271527248,discharge
3.7140670690040727,-8.221208638273329e-05,6.200358554589463,0.0004,0.0,4280.0,1.502865672620146e-05,0.0012944881023626,0.6162930157343796,discharge
3.7140820976607984,-0.0002908066296843,6.2016530426918255,0.0004,0.0,4281.0,1.5028656725757372e-05,0.0012944881023626,0.6162929753445698,discharge
3.7140971263175246,-0.000499401172986,6.202947530794187,0.0004,0.0,4282.0,1.502865672620146e-05,0.0012944881023617,0.6162929059832958,discharge
3.7141121549742504,-0.0007079957162877,6.20424201889655,0.0004,0.0,4283.0,1.5028656725757372e-05,0.0012944881023626,0.6162928076505574,discharge
3.714127183630976,-0.0009165902595893,6.205536506998913,0.0004,0.0,4284.0,1.5028656725757372e-05,0.0012944881023626,0.6162926803463546,discharge
3.7141422122877024,-0.001125184802891,6.206830995101275,0.0004,0.0,4285.0,1.502865672620146e-05,0.0012944881023626,0.6162925240706876,discharge
3.714157240944428,-0.0013337793461927,6.208125483203638,0.0004,0.0,4286.0,1.5028656725757372e-05,0.0012944881023626,0.6162923388235562,discharge
3.7141722696011543,-0.0015423738894943,6.2094199713060005,0.0004,0.0,4287.0,1.502865672620146e-05,0.0012944881023626,0.6162921246049604,discharge
3.71418729825788,-0.001750968432796,6.210714459408363,0.0004,0.0,4288.0,1.5028656725757372e-05,0.0012944881023626,0.6162918814149003,discharge
3.714202326914606,-0.0019595629760977,6.212008947510726,0.0004,0.0,4289.0,1.5028656725757372e-05,0.0012944881023626,0.6162916092533759,discharge
3.714217355571332,-0.0021681575193993,6.213303435613088,0.0004,0.0,4290.0,1.502865672620146e-05,0.0012944881023617,0.6162913081203871,discharge
3.714232384228058,-0.002376752062701,6.21459792371545,0.0004,0.0,4291.0,1.5028656725757372e-05,0.0012944881023626,0.6162909780159339,discharge
3.714247412884784,-0.0025853466060027,6.215892411817813,0.0004,0.0,4292.0,1.502865672620146e-05,0.0012944881023626,0.6162906189400164,discharge
3.7142624415415098,-0.0027939411493044,6.217186899920176,0.0004,0.0,4293.0,1.5028656725757372e-05,0.0012944881023626,0.6162902308926346,discharge
3.714282283478421,-0.0026549076569308,6.216973288056108,0.0004,0.0,4294.0,1.9841936911291217e-05,-0.0002136118640674,0.61628986215546,discharge
3.714302125415332,-0.0025158741645572,6.216759676192042,0.0004,0.0,4295.0,1.9841936911291217e-05,-0.0002136118640665,0.6162895127284926,discharge
3.714321967352243,-0.0023768406721837,6.216546064327974,0.0004,0.0,4296.0,1.9841936911291217e-05,-0.0002136118640674,0.6162891826117327,discharge
3.714341809289155,-0.0022378071798101,6.216332452463907,0.0004,0.0,4297.0,1.9841936911291217e-05,-0.0002136118640674,0.6162888718051799,discharge
3.714361651226066,-0.0020987736874366,6.21611884059984,0.0004,0.0,4298.0,1.9841936911291217e-05,-0.0002136118640665,0.6162885803088344,discharge
3.7143814931629775,-0.001959740195063,6.215905228735773,0.0004,0.0,4299.0,1.9841936911291217e-05,-0.0002136118640674,0.6162883081226962,discharge
3.714401335099889,-0.0018207067026894,6.215691616871705,0.0004,0.0,4300.0,1.9841936911291217e-05,-0.0002136118640674,0.6162880552467652,discharge
3.7144211770368,-0.0016816732103159,6.215478005007639,0.0004,0.0,4301.0,1.9841936911291217e-05,-0.0002136118640665,0.6162878216810416,discharge
3.7144410189737114,-0.0015426397179423,6.215264393143571,0.0004,0.0,4302.0,1.9841936911291217e-05,-0.0002136118640674,0.6162876074255251,discharge
3.714460860910622,-0.0014036062255688,6.215050781279504,0.0004,0.0,4303.0,1.9841936911291217e-05,-0.0002136118640674,0.616287412480216,discharge
3.714480702847534,-0.0012645727331952,6.214837169415437,0.0004,0.0,4304.0,1.9841936911291217e-05,-0.0002136118640665,0.6162872368451142,discharge
3.714500544784445,-0.0011255392408216,6.21462355755137,0.0004,0.0,4305.0,1.9841936911291217e-05,-0.0002136118640674,0.6162870805202196,discharge
3.714520386721357,-0.0009865057484481,6.2144099456873025,0.0004,0.0,4306.0,1.9841936911291217e-05,-0.0002136118640674,0.6162869435055323,discharge
3.714540228658268,-0.0008474722560745,6.214196333823236,0.0004,0.0,4307.0,1.9841936911291217e-05,-0.0002136118640665,0.6162868258010522,discharge
3.714560070595179,-0.000708438763701,6.213982721959169,0.0004,0.0,4308.0,1.9841936911291217e-05,-0.0002136118640674,0.6162867274067795,discharge
3.7145690902342903,-0.000723799921637,6.215739885599555,0.0004,0.0,4309.0,9.01963911115189e-06,0.0017571636403861,0.6162866268790126,discharge
3.714578109873402,-0.000739161079573,6.217497049239941,0.0004,0.0,4310.0,9.019639111595978e-06,0.0017571636403861,0.6162865242177515,discharge
3.714587129512513,-0.000754522237509,6.219254212880327,0.0004,0.0,4311.0,9.01963911115189e-06,0.0017571636403861,0.6162864194229962,discharge
3.714596149151624,-0.000769883395445,6.221011376520712,0.0004,0.0,4312.0,9.01963911115189e-06,0.0017571636403852,0.6162863124947469,discharge
3.714605168790736,-0.000785244553381,6.222768540161098,0.0004,0.0,4313.0,9.019639111595978e-06,0.0017571636403861,0.6162862034330034,discharge
3.714614188429847,-0.000800605711317,6.2245257038014845,0.0004,0.0,4314.0,9.01963911115189e-06,0.0017571636403861,0.6162860922377658,discharge
3.714623208068958,-0.000815966869253,6.226282867441871,0.0004,0.0,4315.0,9.01963911115189e-06,0.0017571636403861,0.6162859789090338,discharge
3.7146322277080697,-0.0008313280271891,6.228040031082257,0.0004,0.0,4316.0,9.019639111595978e-06,0.0017571636403861,0.6162858634468078,discharge
3.714641247347181,-0.0008466891851251,6.229797194722643,0.0004,0.0,4317.0,9.01963911115189e-06,0.0017571636403861,0.6162857458510878,discharge
3.714650266986292,-0.0008620503430611,6.231554358363029,0.0004,0.0,4318.0,9.01963911115189e-06,0.0017571636403861,0.6162856261218734,discharge
3.714659286625403,-0.0008774115009971,6.233311522003415,0.0004,0.0,4319.0,9.019639111595978e-06,0.0017571636403861,0.616285504259165,discharge
3.7146683062645143,-0.0008927726589331,6.2350686856438005,0.0004,0.0,4320.0,9.01963911115189e-06,0.0017571636403852,0.6162853802629623,discharge
3.714677325903626,-0.0009081338168691,6.236825849284187,0.0004,0.0,4321.0,9.01963911115189e-06,0.0017571636403861,0.6162852541332655,discharge
3.7146863455427375,-0.0009234949748051,6.238583012924573,0.0004,0.0,4322.0,9.019639111595978e-06,0.0017571636403861,0.6162851258700746,discharge
3.7146953651818486,-0.0009388561327412,6.240340176564959,0.0004,0.0,4323.0,9.01963911115189e-06,0.0017571636403861,0.6162849954733896,discharge
3.7147030836425734,-0.0009335234619563,6.239991696506798,0.0004,0.0,4324.0,7.71846072478155e-06,-0.000348480058161,0.6162848658173532,discharge
3.714710802103298,-0.0009281907911714,6.239643216448637,0.0004,0.0,4325.0,7.71846072522564e-06,-0.000348480058161,0.6162847369019655,discharge
3.7147185205640234,-0.0009228581203865,6.239294736390476,0.0004,0.0,4326.0,7.71846072478155e-06,-0.000348480058161,0.6162846087272266,discharge
3.714726239024748,-0.0009175254496016,6.238946256332315,0.0004,0.0,4327.0,7.71846072478155e-06,-0.000348480058161,0.6162844812931363,discharge
3.7147339574854734,-0.0009121927788167,6.238597776274154,0.0004,0.0,4328.0,7.71846072522564e-06,-0.000348480058161,0.6162843545996948,discharge
3.714741675946198,-0.0009068601080318,6.238249296215993,0.0004,0.0,4329.0,7.71846072478155e-06,-0.000348480058161,0.6162842286469021,discharge
3.7147493944069234,-0.0009015274372469,6.237900816157832,0.0004,0.0,4330.0,7.71846072522564e-06,-0.000348480058161,0.616284103434758,discharge
3.714757112867648,-0.000896194766462,6.237552336099672,0.0004,0.0,4331.0,7.71846072478155e-06,-0.0003484800581601,0.6162839789632626,discharge
3.714764831328373,-0.0008908620956771,6.237203856041511,0.0004,0.0,4332.0,7.71846072478155e-06,-0.000348480058161,0.616283855232416,discharge
3.714772549789098,-0.0008855294248922,6.23685537598335,0.0004,0.0,4333.0,7.71846072522564e-06,-0.000348480058161,0.6162837322422181,discharge
3.714780268249823,-0.0008801967541073,6.236506895925189,0.0004,0.0,4334.0,7.71846072478155e-06,-0.000348480058161,0.616283609992669,discharge
3.714787986710548,-0.0008748640833224,6.236158415867028,0.0004,0.0,4335.0,7.71846072522564e-06,-0.000348480058161,0.6162834884837685,discharge
3.714795705171273,-0.0008695314125375,6.2358099358088666,0.0004,0.0,4336.0,7.71846072478155e-06,-0.000348480058161,0.6162833677155166,discharge
3.714803423631998,-0.0008641987417526,6.2354614557507055,0.0004,0.0,4337.0,7.71846072478155e-06,-0.000348480058161,0.6162832476879136,discharge
3.714811142092723,-0.0008588660709677,6.2351129756925445,0.0004,0.0,4338.0,7.71846072522564e-06,-0.000348480058161,0.6162831284009593,discharge
3.714818860553448,-0.0008535334001828,6.2347644956343835,0.0004,0.0,4339.0,7.71846072478155e-06,-0.000348480058161,0.6162830098546538,discharge
3.714845806038353,-0.0007756959891512,6.23704712920211,0.0004,0.0,4340.0,2.69454849051165e-05,0.0022826335677264,0.6162829021190999,discharge
3.7148727515232585,-0.0006978585781196,6.239329762769837,0.0004,0.0,4341.0,2.694548490556059e-05,0.0022826335677272,0.6162828051942972,discharge
3.714899697008163,-0.0006200211670881,6.241612396337564,0.0004,0.0,4342.0,2.69454849051165e-05,0.0022826335677264,0.6162827190802463,discharge
3.714926642493069,-0.0005421837560565,6.243895029905291,0.0004,0.0,4343.0,2.694548490556059e-05,0.0022826335677272,0.6162826437769469,discharge
3.7149535879779743,-0.000464346345025,6.246177663473017,0.0004,0.0,4344.0,2.69454849051165e-05,0.0022826335677264,0.616282579284399,discharge
3.7149805334628794,-0.0003865089339934,6.248460297040745,0.0004,0.0,4345.0,2.69454849051165e-05,0.0022826335677272,0.6162825256026025,discharge
3.715007478947785,-0.0003086715229618,6.250742930608471,0.0004,0.0,4346.0,2.694548490556059e-05,0.0022826335677264,0.6162824827315578,discharge
3.71503442443269,-0.0002308341119303,6.253025564176198,0.0004,0.0,4347.0,2.69454849051165e-05,0.0022826335677272,0.6162824506712645,discharge
3.715061369917595,-0.0001529967008987,6.255308197743925,0.0004,0.0,4348.0,2.694548490556059e-05,0.0022826335677264,0.6162824294217227,discharge
3.7150883154025007,-7.51592898672e-05,6.257590831311652,0.0004,0.0,4349.0,2.69454849051165e-05,0.0022826335677272,0.6162824189829325,discharge
3.715115260887406,2.6781211643600025e-06,6.259873464879378,0.0004,0.0,4350.0,2.69454849051165e-05,0.0022826335677264,0.6162824193548937,discharge
3.7151422063723114,8.051553219592001e-05,6.262156098447106,0.0004,0.0,4351.0,2.694548490556059e-05,0.0022826335677272,0.6162824305376066,discharge
3.715169151857217,0.0001583529432274,6.264438732014832,0.0004,0.0,4352.0,2.69454849051165e-05,0.0022826335677264,0.616282452531071,discharge
3.715196097342122,0.000236190354259,6.266721365582559,0.0004,0.0,4353.0,2.694548490556059e-05,0.0022826335677272,0.6162824853352868,discharge
3.715223042827027,0.0003140277652906,6.269003999150286,0.0004,0.0,4354.0,2.69454849051165e-05,0.0022826335677264,0.6162825289502543,discharge
3.7152364103103257,0.0002875503637495,6.268573961799719,0.0004,0.0,4355.0,1.3367483298498684e-05,-0.0004300373505667,0.6162825688878047,discharge
3.715249777793624,0.0002610729622085,6.268143924449151,0.0004,0.0,4356.0,1.3367483298054594e-05,-0.0004300373505676,0.6162826051479384,discharge
3.7152631452769223,0.0002345955606675,6.2677138870985845,0.0004,0.0,4357.0,1.3367483298498684e-05,-0.0004300373505667,0.6162826377306552,discharge
3.71527651276022,0.0002081181591265,6.267283849748018,0.0004,0.0,4358.0,1.3367483298054594e-05,-0.0004300373505667,0.6162826666359551,discharge
3.715289880243519,0.0001816407575854,6.26685381239745,0.0004,0.0,4359.0,1.3367483298498684e-05,-0.0004300373505676,0.616282691863838,discharge
3.715303247726817,0.0001551633560444,6.266423775046883,0.0004,0.0,4360.0,1.3367483298054594e-05,-0.0004300373505667,0.6162827134143041,discharge
3.7153166152101154,0.0001286859545034,6.265993737696316,0.0004,0.0,4361.0,1.3367483298498684e-05,-0.0004300373505667,0.6162827312873533,discharge
3.7153299826934134,0.0001022085529624,6.265563700345749,0.0004,0.0,4362.0,1.3367483298054594e-05,-0.0004300373505676,0.6162827454829858,discharge
3.715343350176712,7.573115142140625e-05,6.265133662995182,0.0004,0.0,4363.0,1.3367483298498684e-05,-0.0004300373505667,0.6162827560012012,discharge
3.71535671766001,4.925374988038472e-05,6.264703625644615,0.0004,0.0,4364.0,1.3367483298054594e-05,-0.0004300373505667,0.6162827628419998,discharge
3.715370085143309,2.277634833936319e-05,6.2642735882940475,0.0004,0.0,4365.0,1.3367483298498684e-05,-0.0004300373505676,0.6162827660053816,discharge
3.7153834526266065,-3.70105320165834e-06,6.263843550943481,0.0004,0.0,4366.0,1.3367483298054594e-05,-0.0004300373505667,0.6162827654913463,discharge
3.715396820109905,-3.017845474267987e-05,6.263413513592914,0.0004,0.0,4367.0,1.3367483298498684e-05,-0.0004300373505667,0.6162827612998943,discharge
3.715410187593203,-5.66558562837014e-05,6.262983476242346,0.0004,0.0,4368.0,1.3367483298054594e-05,-0.0004300373505676,0.6162827534310253,discharge
3.7154235550765016,-8.313325782472295e-05,6.262553438891779,0.0004,0.0,4369.0,1.3367483298498684e-05,-0.0004300373505667,0.6162827418847396,discharge
3.7154409062595377,-0.0001411436571277,6.262677521366259,0.0004,0.0,4370.0,1.7351183035696494e-05,0.0001240824744792,0.6162827222814539,discharge
3.715458257442573,-0.0001991540564307,6.262801603840737,0.0004,0.0,4371.0,1.7351183035696494e-05,0.0001240824744783,0.6162826946211682,discharge
3.7154756086256087,-0.0002571644557337,6.262925686315216,0.0004,0.0,4372.0,1.7351183035696494e-05,0.0001240824744792,0.6162826589038827,discharge
3.715492959808644,-0.0003151748550368,6.263049768789695,0.0004,0.0,4373.0,1.7351183035252404e-05,0.0001240824744783,0.6162826151295973,discharge
3.71551031099168,-0.0003731852543398,6.263173851264174,0.0004,0.0,4374.0,1.7351183035696494e-05,0.0001240824744792,0.616282563298312,discharge
3.7155276621747153,-0.0004311956536428,6.263297933738652,0.0004,0.0,4375.0,1.7351183035696494e-05,0.0001240824744783,0.6162825034100268,discharge
3.715545013357751,-0.0004892060529458,6.2634220162131315,0.0004,0.0,4376.0,1.7351183035696494e-05,0.0001240824744792,0.6162824354647416,discharge
3.7155623645407863,-0.0005472164522489,6.26354609868761,0.0004,0.0,4377.0,1.7351183035696494e-05,0.0001240824744783,0.6162823594624566,discharge
3.7155797157238224,-0.0006052268515519,6.263670181162089,0.0004,0.0,4378.0,1.7351183035696494e-05,0.0001240824744792,0.6162822754031716,discharge
3.715597066906858,-0.0006632372508549,6.2637942636365675,0.0004,0.0,4379.0,1.7351183035696494e-05,0.0001240824744783,0.6162821832868868,discharge
3.715614418089894,-0.0007212476501579,6.263918346111047,0.0004,0.0,4380.0,1.7351183035696494e-05,0.0001240824744792,0.616282083113602,discharge
3.715631769272929,-0.000779258049461,6.264042428585525,0.0004,0.0,4381.0,1.7351183035252404e-05,0.0001240824744783,0.6162819748833174,discharge
3.7156491204559647,-0.000837268448764,6.264166511060004,0.0004,0.0,4382.0,1.7351183035696494e-05,0.0001240824744792,0.6162818585960328,discharge
3.715666471639,-0.000895278848067,6.264290593534483,0.0004,0.0,4383.0,1.7351183035696494e-05,0.0001240824744783,0.6162817342517484,discharge
3.715683822822036,-0.0009532892473701,6.264414676008962,0.0004,0.0,4384.0,1.7351183035696494e-05,0.0001240824744792,0.616281601850464,discharge
3.715688175522802,-0.0009413501182815,6.266210511145343,0.0003875,0.0,4385.0,4.352700766041551e-06,0.0017958351363809,0.6162814711073921,discharge
3.715692528223568,-0.000929410989193,6.268006346281725,0.000375,0.0,4386.0,4.3527007655974614e-06,0.0017958351363818,0.6162813420225324,discharge
3.715696880924334,-0.0009174718601044,6.269802181418106,0.0003625,0.0,4387.0,4.352700766041551e-06,0.0017958351363809,0.6162812145958851,discharge
3.7157012336250994,-0.0009055327310159,6.271598016554487,0.00035,0.0,4388.0,4.3527007655974614e-06,0.0017958351363809,0.6162810888274504,discharge
3.7157055863258655,-0.0008935936019273,6.273393851690868,0.0003375,0.0,4389.0,4.352700766041551e-06,0.0017958351363809,0.6162809647172278,discharge
3.715709939026631,-0.0008816544728388,6.2751896868272485,0.000325,0.0,4390.0,4.3527007655974614e-06,0.0017958351363809,0.6162808422652177,discharge
3.715714291727397,-0.0008697153437502,6.27698552196363,0.0003125,0.0,4391.0,4.352700766041551e-06,0.0017958351363818,0.6162807214714199,discharge
3.715718644428163,-0.0008577762146617,6.278781357100011,0.0003,0.0,4392.0,4.352700766041551e-06,0.0017958351363809,0.6162806023358346,discharge
3.7157229971289287,-0.0008458370855731,6.280577192236392,0.0002875,0.0,4393.0,4.3527007655974614e-06,0.0017958351363809,0.6162804848584615,discharge
3.7157273498296943,-0.0008338979564846,6.282373027372774,0.000275,0.0,4394.0,4.352700766041551e-06,0.0017958351363818,0.616280369039301,discharge
3.715731702530461,-0.000821958827396,6.284168862509155,0.0002625,0.0,4395.0,4.3527007655974614e-06,0.0017958351363809,0.6162802548783526,discharge
3.7157360552312264,-0.0008100196983075,6.285964697645536,0.00025,0.0,4396.0,4.352700766041551e-06,0.0017958351363809,0.6162801423756168,discharge
3.715740407931992,-0.0007980805692189,6.287760532781917,0.0002375,0.0,4397.0,4.3527007655974614e-06,0.0017958351363809,0.6162800315310932,discharge
3.715744760632758,-0.0007861414401304,6.289556367918298,0.000225,0.0,4398.0,4.352700766041551e-06,0.0017958351363809,0.6162799223447821,discharge
3.715749113333523,-0.0007742023110418,6.29135220305468,0.0002125,0.0,4399.0,4.3527007655974614e-06,0.0017958351363818,0.6162798148166834,discharge
3.7157534660342897,-0.0007622631819533,6.2931480381910605,0.0002,0.0,4400.0,4.352700766041551e-06,0.0017958351363809,0.6162797089467971,discharge
3.7157727873683535,-0.0008549846702267,6.29429810673669,0.0002,0.0,4401.0,1.9321334063793216e-05,0.0011500685456296,0.6162795901989262,discharge
3.715792108702417,-0.0009477061585002,6.295448175282321,0.0002,0.0,4402.0,1.9321334063349127e-05,0.0011500685456304,0.6162794585730709,discharge
3.7158114300364806,-0.0010404276467737,6.29659824382795,0.0002,0.0,4403.0,1.9321334063793216e-05,0.0011500685456296,0.616279314069231,discharge
3.715830751370544,-0.0011331491350471,6.29774831237358,0.0002,0.0,4404.0,1.9321334063793216e-05,0.0011500685456296,0.6162791566874066,discharge
3.715850072704608,-0.0012258706233206,6.29889838091921,0.0002,0.0,4405.0,1.9321334063793216e-05,0.0011500685456304,0.6162789864275979,discharge
3.715869394038672,-0.0013185921115941,6.30004844946484,0.0002,0.0,4406.0,1.9321334063349127e-05,0.0011500685456296,0.6162788032898046,discharge
3.7158887153727354,-0.0014113135998675,6.3011985180104695,0.0002,0.0,4407.0,1.9321334063793216e-05,0.0011500685456296,0.6162786072740268,discharge
3.715908036706799,-0.001504035088141,6.3023485865561,0.0002,0.0,4408.0,1.9321334063793216e-05,0.0011500685456304,0.6162783983802645,discharge
3.715927358040863,-0.0015967565764144,6.30349865510173,0.0002,0.0,4409.0,1.9321334063793216e-05,0.0011500685456296,0.6162781766085179,discharge
3.7159466793749263,-0.0016894780646879,6.304648723647359,0.0002,0.0,4410.0,1.9321334063349127e-05,0.0011500685456296,0.6162779419587867,discharge
3.71596600070899,-0.0017821995529614,6.30579879219299,0.0002,0.0,4411.0,1.9321334063793216e-05,0.0011500685456304,0.6162776944310709,discharge
3.715985322043054,-0.0018749210412349,6.306948860738619,0.0002,0.0,4412.0,1.9321334063793216e-05,0.0011500685456296,0.6162774340253707,discharge
3.7160046433771177,-0.0019676425295083,6.308098929284249,0.0002,0.0,4413.0,1.9321334063793216e-05,0.0011500685456296,0.6162771607416861,discharge
3.716023964711181,-0.0020603640177818,6.309248997829879,0.0002,0.0,4414.0,1.9321334063349127e-05,0.0011500685456304,0.616276874580017,discharge
3.716043286045245,-0.0021530855060553,6.310399066375509,0.0002,0.0,4415.0,1.9321334063793216e-05,0.0011500685456296,0.6162765755403634,discharge
3.716048602884806,-0.0020821195457602,6.310418357954818,0.0002133333333333,0.0,4416.0,5.316839561064768e-06,1.9291579309133056e-05,0.6162762863570932,discharge
3.7160539197243665,-0.0020111535854651,6.310437649534127,0.0002266666666666,0.0,4417.0,5.316839560620679e-06,1.9291579309133056e-05,0.6162760070302062,discharge
3.716059236563928,-0.0019401876251701,6.310456941113436,0.00024,0.0,4418.0,5.316839561064768e-06,1.9291579309133056e-05,0.6162757375597028,discharge
3.716064553403488,-0.001869221664875,6.310476232692745,0.0002533333333333,0.0,4419.0,5.316839560620679e-06,1.9291579308244877e-05,0.6162754779455826,discharge
3.7160698702430497,-0.00179825570458,6.310495524272054,0.0002666666666666,0.0,4420.0,5.316839561064768e-06,1.9291579309133056e-05,0.6162752281878459,discharge
3.7160751870826103,-0.0017272897442849,6.310514815851363,0.00028,0.0,4421.0,5.316839561064768e-06,1.9291579309133056e-05,0.6162749882864924,discharge
3.716080503922171,-0.0016563237839899,6.310534107430672,0.0002933333333333,0.0,4422.0,5.316839560620679e-06,1.9291579309133056e-05,0.6162747582415224,discharge
3.716085820761732,-0.0015853578236948,6.310553399009981,0.0003066666666666,0.0,4423.0,5.316839561064768e-06,1.9291579309133056e-05,0.6162745380529357,discharge
3.7160911376012926,-0.0015143918633998,6.31057269058929,0.00032,0.0,4424.0,5.316839560620679e-06,1.9291579309133056e-05,0.6162743277207325,discharge
3.7160964544408537,-0.0014434259031047,6.310591982168599,0.0003333333333333,0.0,4425.0,5.316839561064768e-06,1.9291579309133056e-05,0.6162741272449126,discharge
3.7161017712804143,-0.0013724599428097,6.3106112737479085,0.0003466666666666,0.0,4426.0,5.316839561064768e-06,1.9291579309133056e-05,0.6162739366254761,discharge
3.7161070881199754,-0.0013014939825146,6.310630565327217,0.00036,0.0,4427.0,5.316839560620679e-06,1.9291579308244877e-05,0.616273755862423,discharge
3.716112404959536,-0.0012305280222196,6.310649856906526,0.0003733333333333,0.0,4428.0,5.316839561064768e-06,1.9291579309133056e-05,0.6162735849557532,discharge
3.716117721799097,-0.0011595620619245,6.310669148485835,0.0003866666666666,0.0,4429.0,5.316839560620679e-06,1.9291579309133056e-05,0.6162734239054668,discharge
3.716123038638658,-0.0010885961016295,6.310688440065144,0.0004,0.0,4430.0,5.316839561064768e-06,1.9291579309133056e-05,0.6162732727115638,discharge
