Voltage_measured,Current_measured,Temperature_measured,Current_load,Voltage_load,Time_uniform,dV_dt,dT_dt,SOC,mode,SOC_ECM,V_RC,V_ECM,mode_flag
4.189052979187811,-0.0011781452931186,5.899810916272923,0.0004,0.0,0.0,,,0.9999998363687091,discharge,0.9999998549855779,5.853196828363298e-07,3.8198708705433577,1
4.189029241915082,-0.0011389448278168,5.902942629729284,0.0004222222222222,0.4671111111111111,1.0,-2.3737272728752146e-05,0.0031317134563613,0.9999996781819276,discharge,0.9999997147962252,1.1220844740449682e-06,3.819871268604918,1
4.189005504642354,-0.001099744362515,5.906074343185645,0.0004444444444444,0.9342222222222222,2.0,-2.3737272727863967e-05,0.0031317134563604,0.9999995254396552,discharge,0.9999995794319418,1.6127066511212014e-06,3.8198717076175055,1
4.188981767369626,-0.0010605438972132,5.909206056642006,0.0004666666666666,1.401333333333333,3.0,-2.3737272728752146e-05,0.0031317134563613,0.9999993781418915,discharge,0.999999448892728,2.05947864611284e-06,3.819872185288772,1
4.188958030096897,-0.0010213434319114,5.912337770098366,0.0004888888888888,1.8684444444444444,4.0,-2.3737272728752146e-05,0.0031317134563604,0.9999992362886372,discharge,0.9999993231785835,2.464578999716008e-06,3.819872699440246,1
4.188934292824169,-0.0009821429666096,5.915469483554728,0.0005111111111111,2.3355555555555556,5.0,-2.3737272727863967e-05,0.0031317134563613,0.9999990998798918,discharge,0.9999992022895084,2.8300780195628155e-06,3.8198732480017075,1
4.18891055555144,-0.0009429425013078,5.918601197011088,0.0005333333333333,2.802666666666666,6.0,-2.3737272728752146e-05,0.0031317134563604,0.9999989689156557,discharge,0.9999990862255028,3.1579431573970798e-06,3.8198738290057266,1
4.188886818278712,-0.000903742036006,5.921732910467449,0.0005555555555555,3.2697777777777777,7.0,-2.3737272728752146e-05,0.0031317134563613,0.9999988433959284,discharge,0.9999989749865666,3.4500441191041567e-06,3.8198744405827,1
4.188863081005984,-0.0008645415707042,5.92486462392381,0.0005777777777777,3.7368888888888887,8.0,-2.3737272727863967e-05,0.0031317134563604,0.9999987233207102,discharge,0.9999988685726998,3.7081577208670706e-06,3.819875080955886,1
4.188839343733255,-0.0008253411054025,5.927996337380171,0.0006,4.204,9.0,-2.3737272728752146e-05,0.0031317134563613,0.999998608690001,discharge,0.9999987669839024,3.933972504061808e-06,3.8198757484367767,1
4.172737424695794,-0.0726241180082095,5.930200407863546,0.0718428571428571,4.152285714285714,10.0,-0.0161019190374611,0.0022040704833745,0.9999885220069444,discharge,0.9999898278958577,3.981924303218585e-05,3.8184135024701,1
4.1566355056583335,-0.1444228949110165,5.932404478346919,0.1430857142857142,4.1005714285714285,11.0,-0.0161019190374602,0.0022040704833736,0.99996846327154,discharge,0.9999720513085656,0.00010959235578281119,3.816926864967734,1
4.140533586620872,-0.2162216718138236,5.934608548830294,0.2143285714285714,4.048857142857143,12.0,-0.0161019190374611,0.0022040704833745,0.999938432483788,discharge,0.9999454372220261,0.0002115697135648667,3.8154175011381537,1
4.124431667583412,-0.2880204487166306,5.9368126193136685,0.2855714285714285,3.997142857142857,13.0,-0.0161019190374602,0.0022040704833745,0.9998984296436886,discharge,0.9999099856362392,0.0003441513627395372,3.813886983414964,1
4.108329748545951,-0.3598192256194377,5.939016689797042,0.3568142857142857,3.9454285714285713,14.0,-0.0161019190374611,0.0022040704833736,0.9998484547512414,discharge,0.999865696551205,0.0005058168376871759,3.812336795624999,1
4.092227829508491,-0.4316180025222447,5.941220760280417,0.4280571428571428,3.8937142857142857,15.0,-0.0161019190374602,0.0022040704833745,0.9997885078064468,discharge,0.9998125699669235,0.0006951212117271321,3.8107683369542027,1
4.0761259104710295,-0.5034167794250517,5.943424830763791,0.4992999999999999,3.842,16.0,-0.0161019190374611,0.0022040704833745,0.9997185888093044,discharge,0.9997506058833945,0.0009106913442336142,3.809182925721234,1
4.060023991433568,-0.5752155563278588,5.945628901247165,0.5705428571428571,3.790285714285714,17.0,-0.0161019190374611,0.0022040704833736,0.9996386977598144,discharge,0.9996798043006181,0.0011512223142002849,3.8075818029691,1
4.043922072396108,-0.6470143332306658,5.94783297173054,0.6417857142857142,3.738571428571429,18.0,-0.0161019190374602,0.0022040704833745,0.9995488346579768,discharge,0.9996001652185944,0.0014154740309905423,3.805966135883455,1
4.027820153358647,-0.7188131101334728,5.950037042213913,0.7130285714285713,3.686857142857143,19.0,-0.0161019190374611,0.0022040704833736,0.9994489995037916,discharge,0.9995116886373233,0.001702268013470649,3.8043370210468326,1
4.011718234321187,-0.7906118870362798,5.952241112697288,0.7842714285714285,3.6351428571428577,20.0,-0.0161019190374602,0.0022040704833745,0.9993391922972588,discharge,0.9994143745568048,0.0020104843291601994,3.8026954875368917,1
3.9956163152837254,-0.8624106639390869,5.954445183180662,0.8555142857142857,3.583428571428571,21.0,-0.0161019190374611,0.0022040704833745,0.9992194130383782,discharge,0.999308222977039,0.00233905868545004,3.8010424998767776,1
3.9795143962462647,-0.934209440841894,5.956649253664036,0.9267571428571428,3.5317142857142856,22.0,-0.0161019190374607,0.0022040704833736,0.9990896617271502,discharge,0.9991932338980258,0.0026869796653326977,3.799378960844959,1
3.963412477208804,-1.006008217744701,5.958853324147411,0.998,3.48,23.0,-0.0161019190374607,0.0022040704833745,0.9989499383635746,discharge,0.9990694073197652,0.003053286100465742,3.7977057141518884,1
3.9614199659577833,-1.005972026783725,5.9638339119997585,0.998,3.477785714285714,24.0,-0.0019925112510206,0.0049805878523478,0.9988102200265212,discharge,0.9989455851961431,0.0034013759199992897,3.7974867860921813,1
3.9594274547067623,-1.0059358358227497,5.9688144998521055,0.998,3.4755714285714285,25.0,-0.001992511251021,0.004980587852347,0.9986705067159904,discharge,0.9988217675271593,0.0037321541518384152,3.7972845731054954,1
3.9574349434557416,-1.005899644861774,5.9737950877044526,0.998,3.473357142857143,26.0,-0.0019925112510206,0.004980587852347,0.9985307984319818,discharge,0.998697954312814,0.004046480860788188,3.7970982159511486,1
3.955442432204721,-1.005863453900798,5.9787756755568005,0.998,3.471142857142857,27.0,-0.0019925112510206,0.0049805878523478,0.9983910951744956,discharge,0.9985741455531072,0.004345173382385745,3.796926898117114,1
3.9534499209537,-1.0058272629398224,5.983756263409148,0.998,3.468928571428571,28.0,-0.001992511251021,0.0049805878523478,0.9982513969435316,discharge,0.9984503412480388,0.004629008445752347,3.796769843697026,1
3.9514574097026793,-1.0057910719788463,5.988736851261495,0.998,3.4667142857142856,29.0,-0.0019925112510206,0.004980587852347,0.9981117037390902,discharge,0.9983265413976088,0.004898724190979058,3.7966263153728796,1
3.9494648984516583,-1.005754881017871,5.993717439113842,0.998,3.4645,30.0,-0.001992511251021,0.004980587852347,0.997972015561171,discharge,0.9982027460018171,0.005155022086285781,3.7964956124978904,1
3.9474723872006376,-1.0057186900568953,5.99869802696619,0.998,3.462285714285714,31.0,-0.0019925112510206,0.0049805878523478,0.9978323324097742,discharge,0.9980789550606639,0.005398568749933046,3.796377069274472,1
3.945479875949617,-1.0056824990959194,6.003678614818538,0.998,3.460071428571428,32.0,-0.0019925112510206,0.0049805878523478,0.9976926542848998,discharge,0.9979551685741491,0.00562999768161858,3.7962700530229916,1
3.943487364698596,-1.0056463081349438,6.008659202670885,0.998,3.4578571428571427,33.0,-0.001992511251021,0.004980587852347,0.9975529811865478,discharge,0.9978313865422728,0.005849910907855579,3.796173962536221,1
3.9414948534475753,-1.005610117173968,6.013639790523232,0.998,3.4556428571428572,34.0,-0.0019925112510206,0.004980587852347,0.997413313114718,discharge,0.9977076089650349,0.006058880545606197,3.796088226515897,1
3.9395023421965543,-1.0055739262129924,6.01862037837558,0.998,3.4534285714285713,35.0,-0.0019925112510206,0.0049805878523478,0.9972736500694106,discharge,0.9975838358424354,0.006257450288231463,3.796012302086614,1
3.9375098309455336,-1.0055377352520165,6.023600966227928,0.998,3.4512142857142853,36.0,-0.001992511251021,0.0049805878523478,0.9971339920506256,discharge,0.9974600671744743,0.0064461368176170365,3.7959456733837627,1
3.935517319694513,-1.0055015442910409,6.028581554080275,0.998,3.449,37.0,-0.0019925112510206,0.004980587852347,0.996994339058363,discharge,0.9973363029611517,0.006625431146142515,3.795887850211579,1
3.933882556188738,-1.0053784892790207,6.0354220111581744,0.998,3.447076923076923,38.0,-0.0016347635057751,0.0068404570778994,0.9968547031570744,discharge,0.9972125538943069,0.006795756736658333,3.795840136848232,1
3.932247792682962,-1.0052554342670008,6.042262468236074,0.998,3.445153846153846,39.0,-0.0016347635057756,0.0068404570778994,0.9967150843467594,discharge,0.9970888199739397,0.006957559169087265,3.7958003513984355,1
3.930613029177187,-1.005132379254981,6.0491029253139725,0.998,3.443230769230769,40.0,-0.0016347635057751,0.0068404570778985,0.9965754826274184,discharge,0.9969651012000503,0.007111261886294748,3.7957680713838315,1
3.9289782656714114,-1.0050093242429607,6.055943382391872,0.998,3.441307692307692,41.0,-0.0016347635057756,0.0068404570778994,0.9964358979990512,discharge,0.9968413975726387,0.00725726729389002,3.795742895362241,1
3.927343502165636,-1.0048862692309406,6.0627838394697715,0.998,3.4393846153846153,42.0,-0.0016347635057751,0.0068404570778994,0.996296330461658,discharge,0.9967177090917048,0.007395957805387545,3.7957244418824976,1
3.9257087386598606,-1.0047632142189205,6.069624296547671,0.998,3.4374615384615383,43.0,-0.0016347635057756,0.0068404570778994,0.9961567800152388,discharge,0.9965940357572486,0.0075276968354433,3.795712348491177,1
3.9240739751540854,-1.0046401592069003,6.07646475362557,0.998,3.4355384615384614,44.0,-0.0016347635057751,0.0068404570778985,0.9960172466597934,discharge,0.9964703775692701,0.0076528297437456465,3.7957062707887466,1
3.9224392116483098,-1.0045171041948804,6.083305210703469,0.998,3.4336153846153845,45.0,-0.0016347635057756,0.0068404570778994,0.995877730395322,discharge,0.9963467345277695,0.007771684732012325,3.795705881532528,1
3.9208044481425346,-1.0043940491828602,6.090145667781369,0.998,3.4316923076923076,46.0,-0.0016347635057751,0.0068404570778994,0.9957382312218244,discharge,0.9962231066327465,0.007884573696423338,3.7957108697843345,1
3.919169684636759,-1.0042709941708403,6.096986124859268,0.998,3.4297692307692307,47.0,-0.0016347635057756,0.0068404570778994,0.9955987491393006,discharge,0.9960994938842013,0.007991793037703742,3.7957209401002965,1
3.917534921130984,-1.0041479391588202,6.103826581937167,0.998,3.4278461538461538,48.0,-0.0016347635057751,0.0068404570778985,0.9954592841477508,discharge,0.9959758962821338,0.00809362443096033,3.7957358117610793,1
3.915900157625208,-1.0040248841468002,6.110667039015066,0.998,3.425923076923077,49.0,-0.0016347635057756,0.0068404570778994,0.9953198362471748,discharge,0.995852313826544,0.008190335557271736,3.7957552180403047,1
3.914265394119433,-1.00390182913478,6.117507496092966,0.998,3.424,50.0,-0.0016347635057751,0.0068404570778994,0.9951804054375728,discharge,0.995728746517432,0.00828218079893205,3.7957789055092794,1
3.91288898515528,-1.0040457054121543,6.124387772278647,0.998,3.4225384615384615,51.0,-0.0013764089641532,0.0068802761856812,0.9950409546451544,discharge,0.9956051614990142,0.008369534515492931,3.795801191972948,1
3.9115125761911265,-1.0041895816895283,6.131268048464328,0.998,3.421076923076923,52.0,-0.0013764089641532,0.0068802761856812,0.9949014838699196,discharge,0.9954815587712907,0.008452619852440928,3.795827193409267,1
3.910136167226973,-1.0043334579669023,6.138148324650008,0.998,3.4196153846153847,53.0,-0.0013764089641532,0.0068802761856803,0.9947619931118687,discharge,0.9953579383342614,0.008531648869070926,3.7958566982566686,1
3.90875975826282,-1.0044773342442768,6.14502860083569,0.998,3.418153846153846,54.0,-0.0013764089641532,0.0068802761856812,0.9946224823710016,discharge,0.9952343001879264,0.008606823089264219,3.7958895054890753,1
3.9073833492986663,-1.0046212105216508,6.151908877021371,0.998,3.4166923076923075,55.0,-0.0013764089641532,0.0068802761856812,0.994482951647318,discharge,0.9951106443322856,0.008678334024903164,3.7959254240925344,1
3.9060069403345135,-1.004765086799025,6.158789153207052,0.998,3.415230769230769,56.0,-0.0013764089641532,0.0068802761856812,0.994343400940818,discharge,0.994986970767339,0.008746363673281812,3.7959642725677294,1
3.90463053137036,-1.0049089630763992,6.165669429392732,0.998,3.4137692307692307,57.0,-0.0013764089641532,0.0068802761856803,0.994203830251502,discharge,0.9948632794930867,0.008811084989804475,3.7960058784573296,1
3.903254122406207,-1.0050528393537734,6.1725497055784135,0.998,3.4123076923076923,58.0,-0.0013764089641532,0.0068802761856812,0.9940642395793696,discharge,0.9947395705095287,0.008872662337199919,3.7960500778967825,1
3.9018777134420537,-1.0051967156311474,6.179429981764095,0.998,3.410846153846154,59.0,-0.0013764089641532,0.0068802761856812,0.9939246289244208,discharge,0.9946158438166648,0.008931251912417976,3.796096715187384,1
3.900501304477901,-1.0053405919085217,6.186310257949776,0.998,3.409384615384615,60.0,-0.0013764089641532,0.0068802761856812,0.9937849982866556,discharge,0.9944920994144952,0.00898700215231728,3.796145642390618,1
3.899124895513747,-1.005484468185896,6.193190534135456,0.998,3.4079230769230766,61.0,-0.0013764089641532,0.0068802761856803,0.9936453476660744,discharge,0.9943683373030199,0.009040054119197867,3.7961967189426025,1
3.897748486549594,-1.00562834446327,6.2000708103211375,0.998,3.406461538461538,62.0,-0.0013764089641532,0.0068802761856812,0.9935056770626766,discharge,0.9942445574822388,0.009090541867179952,3.796249811287751,1
3.8963720775854407,-1.005772220740644,6.206951086506819,0.998,3.405,63.0,-0.0013764089641532,0.0068802761856812,0.9933659864764626,discharge,0.994120759952152,0.009138592790380467,3.796304792530487,1
3.895237683257759,-1.0058615823882835,6.213402725040041,0.998,3.403928571428571,64.0,-0.0011343943276815,0.006451638533222,0.9932262834789086,discharge,0.9939969514228041,0.009184300870132351,3.7963626537860393,1
3.8941032889300775,-1.005950944035923,6.219854363573264,0.998,3.4028571428571426,65.0,-0.0011343943276815,0.0064516385332229,0.9930865680700148,discharge,0.993873131894195,0.009227782502298857,3.7964221889559946,1
3.892968894602395,-1.0060403056835625,6.226306002106486,0.998,3.401785714285714,66.0,-0.001134394327682,0.006451638533222,0.992946840249781,discharge,0.9937493013663249,0.009269148300027797,3.796483288017088,1
3.891834500274714,-1.006129667331202,6.232757640639708,0.998,3.400714285714286,67.0,-0.0011343943276815,0.006451638533222,0.9928071000182072,discharge,0.9936254598391937,0.009308503381045243,3.7965458464414366,1
3.890700105947032,-1.0062190289788413,6.23920927917293,0.998,3.399642857142857,68.0,-0.0011343943276815,0.006451638533222,0.9926673473752936,discharge,0.9935016073128013,0.009345947640676049,3.796609764923332,1
3.8895657116193503,-1.0063083906264807,6.245660917706153,0.998,3.398571428571429,69.0,-0.0011343943276815,0.0064516385332229,0.9925275823210398,discharge,0.9933777437871479,0.009381576011300333,3.796674949119938,1
3.8884313172916687,-1.00639775227412,6.252112556239375,0.998,3.3975,70.0,-0.001134394327682,0.006451638533222,0.9923878048554462,discharge,0.9932538692622334,0.009415478708919768,3.7967413094045974,1
3.887296922963987,-1.0064871139217595,6.258564194772597,0.998,3.3964285714285714,71.0,-0.0011343943276815,0.006451638533222,0.9922480149785126,discharge,0.9931299837380577,0.009447741467474114,3.796808760632668,1
3.8861625286363055,-1.0065764755693989,6.26501583330582,0.998,3.3953571428571427,72.0,-0.0011343943276815,0.0064516385332229,0.9921082126902392,discharge,0.993006087214621,0.009478445761516555,3.796877221918665,1
3.885028134308624,-1.0066658372170385,6.271467471839042,0.998,3.394285714285714,73.0,-0.0011343943276815,0.006451638533222,0.9919683979906256,discharge,0.9928821796919232,0.009507669017826214,3.7969466164247687,1
3.8838937399809423,-1.006755198864678,6.277919110372264,0.998,3.393214285714286,74.0,-0.0011343943276815,0.006451638533222,0.991828570879672,discharge,0.9927582611699642,0.009535484816507435,3.7970168711597654,1
3.88275934565326,-1.0068445605123173,6.284370748905486,0.998,3.3921428571428573,75.0,-0.001134394327682,0.006451638533222,0.9916887313573788,discharge,0.9926343316487443,0.009561963082098177,3.7970879167877656,1
3.8816249513255783,-1.0069339221599567,6.290822387438709,0.998,3.3910714285714287,76.0,-0.0011343943276815,0.0064516385332229,0.9915488794237456,discharge,0.9925103911282631,0.009587170265183851,3.797159687446735,1
3.880490556997897,-1.007023283807596,6.297274025971931,0.998,3.39,77.0,-0.0011343943276815,0.006451638533222,0.9914090150787722,discharge,0.9923864396085209,0.009611169514988336,3.7972321205759028,1
3.8793891586666502,-1.0069326258020153,6.303428662747474,0.998,3.389,78.0,-0.0011013983312464,0.0061546367755429,0.9912691633251886,discharge,0.9922624992476047,0.009633931407013628,3.79730882917132,1
3.878287760335404,-1.0068419677964346,6.309583299523018,0.998,3.388,79.0,-0.0011013983312464,0.0061546367755438,0.9911293241629946,discharge,0.9921385700455144,0.009655517414990267,3.797386152250612,1
3.877186362004158,-1.0067513097908538,6.315737936298561,0.998,3.387,80.0,-0.0011013983312464,0.0061546367755429,0.9909894975921903,discharge,0.9920146520022501,0.00967598595854463,3.7974640322775954,1
3.8760849636729113,-1.0066606517852732,6.321892573074105,0.998,3.386,81.0,-0.0011013983312464,0.0061546367755438,0.9908496836127756,discharge,0.9918907451178117,0.009695392554931258,3.797542414617588,1
3.874983565341665,-1.0065699937796924,6.328047209849648,0.998,3.385,82.0,-0.0011013983312464,0.0061546367755429,0.9907098822247508,discharge,0.9917668493921993,0.009713789963226896,3.7976212473931064,1
3.8738821670104184,-1.0064793357741115,6.334201846625191,0.998,3.384,83.0,-0.0011013983312464,0.0061546367755429,0.9905700934281154,discharge,0.9916429648254128,0.009731228321360781,3.7977004813469453,1
3.872780768679173,-1.006388677768531,6.340356483400734,0.998,3.383,84.0,-0.001101398331246,0.0061546367755438,0.9904303172228698,discharge,0.9915190914174523,0.009747755276337047,3.7977800697118704,1
3.871679370347926,-1.0062980197629503,6.346511120176277,0.998,3.382,85.0,-0.0011013983312464,0.0061546367755429,0.990290553609014,discharge,0.9913952291683178,0.009763416107987498,3.7978599680868865,1
3.870577972016679,-1.0062073617573697,6.35266575695182,0.998,3.381,86.0,-0.0011013983312464,0.0061546367755429,0.9901508025865476,discharge,0.9912713780780092,0.009778253846576171,3.7979401343196177,1
3.869476573685433,-1.0061167037517889,6.358820393727364,0.998,3.38,87.0,-0.0011013983312464,0.0061546367755438,0.9900110641554708,discharge,0.9911475381465267,0.009792309384561123,3.7980205283946793,1
3.868375175354186,-1.006026045746208,6.364975030502907,0.998,3.379,88.0,-0.0011013983312464,0.0061546367755429,0.989871338315784,discharge,0.9910237093738701,0.009805621582803743,3.7981011123272377,1
3.86727377702294,-1.0059353877406274,6.371129667278451,0.998,3.3779999999999997,89.0,-0.0011013983312464,0.0061546367755438,0.9897316250674868,discharge,0.9908998917600395,0.009818227371501415,3.7981818500622877,1
3.8661723786916937,-1.0058447297350466,6.377284304053994,0.998,3.377,90.0,-0.0011013983312464,0.0061546367755429,0.989591924410579,discharge,0.9907760853050348,0.00983016184610571,3.7982627073785897,1
3.865234963300829,-1.0059241616151993,6.382641873428124,0.998,3.376142857142857,91.0,-0.0009374153908652,0.0053575693741301,0.9894522127214658,discharge,0.9906522690729948,0.009841542861599375,3.7983401807438137,1
3.864297547909964,-1.0060035934953522,6.387999442802253,0.998,3.375285714285714,92.0,-0.0009374153908647,0.0053575693741292,0.989312490000147,discharge,0.9905284430639194,0.009852397914634391,3.798417645056601,1
3.8633601325190985,-1.0060830253755049,6.393357012176383,0.998,3.374428571428571,93.0,-0.0009374153908652,0.0053575693741301,0.9891727562466226,discharge,0.9904046072778087,0.009862753135789161,3.798495074783862,1
3.8624227171282337,-1.0061624572556576,6.3987145815505135,0.998,3.3735714285714287,94.0,-0.0009374153908652,0.0053575693741301,0.9890330114608926,discharge,0.9902807617146625,0.009872633357437018,3.7985724456904935,1
3.861485301737369,-1.0062418891358105,6.404072150924644,0.998,3.3727142857142858,95.0,-0.0009374153908647,0.0053575693741301,0.9888932556429572,discharge,0.9901569063744811,0.009882062178242945,3.798649734774906,1
3.8605478863465033,-1.0063213210159632,6.409429720298773,0.998,3.371857142857143,96.0,-0.0009374153908652,0.0053575693741292,0.988753488792816,discharge,0.9900330412572642,0.009891062024455994,3.798726920207741,1
3.8596104709556385,-1.006400752896116,6.414787289672903,0.998,3.371,97.0,-0.0009374153908647,0.0053575693741301,0.9886137109104692,discharge,0.989909166363012,0.00989965420815661,3.798803981273696,1
3.858673055564773,-1.0064801847762683,6.420144859047033,0.998,3.370142857142857,98.0,-0.0009374153908652,0.0053575693741301,0.9884739219959172,discharge,0.9897852816917244,0.009907858982610153,3.7988808983160434,1
3.857735640173908,-1.0065596166564217,6.425502428421162,0.998,3.369285714285714,99.0,-0.0009374153908652,0.0053575693741292,0.9883341220491592,discharge,0.9896613872434015,0.009915695594870353,3.7989576526841087,1
3.8567982247830432,-1.0066390485365742,6.4308599977952925,0.998,3.3684285714285713,100.0,-0.0009374153908647,0.0053575693741301,0.9881943110701958,discharge,0.9895374830180431,0.009923182335769375,3.7990342266832196,1
3.855860809392178,-1.0067184804167268,6.436217567169423,0.998,3.367571428571429,101.0,-0.0009374153908652,0.0053575693741301,0.9880544890590268,discharge,0.9894135690156495,0.009930336587424296,3.7991106035273106,1
3.854923394001313,-1.0067979122968795,6.441575136543553,0.998,3.366714285714286,102.0,-0.0009374153908652,0.0053575693741301,0.9879146560156522,discharge,0.9892896452362204,0.009937174868383383,3.799186767293657,1
3.853985978610448,-1.0068773441770325,6.446932705917682,0.998,3.365857142857143,103.0,-0.0009374153908647,0.0053575693741292,0.987774811940072,discharge,0.989165711679756,0.009943712876529447,3.7992627028799935,1
3.853048563219583,-1.0069567760571851,6.452290275291812,0.998,3.365,104.0,-0.0009374153908652,0.0053575693741301,0.9876349568322864,discharge,0.9890417683462562,0.009949965529851697,3.7993383959638556,1
3.8520778697364886,-1.0070369765228897,6.458495874708704,0.998,3.3640000000000003,105.0,-0.0009706934830941,0.0062055994168916,0.9874950905855472,discharge,0.9889178151411181,0.00995594738703644,3.7994138172732455,1
3.8511071762533944,-1.0071171769885938,6.464701474125595,0.998,3.363,106.0,-0.0009706934830941,0.0062055994168908,0.9873552131998542,discharge,0.9887938520643417,0.00996167190162886,3.7994889693202323,1
3.8501364827703,-1.007197377454298,6.470907073542486,0.998,3.362,107.0,-0.0009706934830941,0.0062055994168916,0.9872153246752078,discharge,0.988669879115927,0.009967151858782487,3.799563839913378,1
3.8491657892872064,-1.0072775779200025,6.477112672959377,0.998,3.361,108.0,-0.0009706934830937,0.0062055994168908,0.9870754250116078,discharge,0.988545896295874,0.00997239940846586,3.799638417496232,1
3.848195095804112,-1.0073577783857066,6.483318272376269,0.998,3.36,109.0,-0.0009706934830941,0.0062055994168916,0.9869355142090542,discharge,0.9884219036041827,0.009977426097019453,3.799712691115809,1
3.847224402321018,-1.007437978851411,6.48952387179316,0.998,3.359,110.0,-0.0009706934830941,0.0062055994168908,0.9867955922675472,discharge,0.9882979010408531,0.009982242897144777,3.799786650392588,1
3.846253708837924,-1.007518179317115,6.495729471210051,0.998,3.358,111.0,-0.0009706934830941,0.0062055994168916,0.9866556591870864,discharge,0.9881738886058853,0.009986860236403616,3.7998602854920094,1
3.8452830153548296,-1.0075983797828194,6.501935070626942,0.998,3.357,112.0,-0.0009706934830941,0.0062055994168908,0.986515714967672,discharge,0.9880498662992792,0.009991288024301338,3.7999335870973625,1
3.844312321871735,-1.0076785802485235,6.508140670043834,0.998,3.356,113.0,-0.0009706934830941,0.0062055994168916,0.9863757596093042,discharge,0.9879258341210347,0.009995535678024702,3.800006546384122,1
3.8433416283886417,-1.007758780714228,6.514346269460725,0.998,3.355,114.0,-0.0009706934830937,0.0062055994168908,0.9862357931119828,discharge,0.987801792071152,0.009999612146900965,3.800079154995395,1
3.842370934905547,-1.0078389811799322,6.520551868877616,0.998,3.354,115.0,-0.0009706934830941,0.0062055994168916,0.986095815475708,discharge,0.9876777401496311,0.010003525935641813,3.8001514050187533,1
3.8414002414224537,-1.0079191816456363,6.526757468294507,0.998,3.353,116.0,-0.0009706934830941,0.0062055994168908,0.9859558267004792,discharge,0.9875536783564718,0.010007285126432506,3.8002232889641383,1
3.840429547939359,-1.0079993821113409,6.532963067711399,0.998,3.352,117.0,-0.0009706934830941,0.0062055994168916,0.9858158267862972,discharge,0.9874296066916742,0.010010897399923615,3.800294799742778,1
3.8395699852838088,-1.007896950158404,6.5391619073612155,0.998,3.3512142857142857,118.0,-0.0008595626555503,0.0061988396498167,0.9856758410987752,discharge,0.987305547634923,0.01001427932074328,3.8003696602712864,1
3.8387104226282585,-1.0077945182054675,6.545360747011033,0.998,3.3504285714285715,119.0,-0.0008595626555503,0.0061988396498176,0.9855358696379132,discharge,0.9871815011862181,0.010017442333146585,3.8004442073336877,1
3.837850859972708,-1.0076920862525307,6.55155958666085,0.998,3.349642857142857,120.0,-0.0008595626555503,0.0061988396498167,0.9853959124037116,discharge,0.9870574673455595,0.010020397312821406,3.800518430929924,1
3.836991297317158,-1.007589654299594,6.557758426310667,0.998,3.3488571428571428,121.0,-0.0008595626555503,0.0061988396498176,0.98525596939617,discharge,0.9869334461129474,0.010023154595135664,3.800592321599311,1
3.836131734661607,-1.007487222346657,6.563957265960484,0.998,3.3480714285714286,122.0,-0.0008595626555503,0.0061988396498167,0.9851160406152883,discharge,0.9868094374883816,0.010025724001981196,3.800665870393713,1
3.835272172006057,-1.0073847903937203,6.570156105610302,0.998,3.3472857142857144,123.0,-0.0008595626555503,0.0061988396498176,0.9849761260610672,discharge,0.9866854414718621,0.010028114867283994,3.800739068851956,1
3.8344126093505073,-1.0072823584407835,6.576354945260118,0.998,3.3465,124.0,-0.0008595626555498,0.0061988396498167,0.984836225733506,discharge,0.986561458063389,0.010030336061247064,3.8008119089756263,1
3.833553046694957,-1.0071799264878472,6.582553784909935,0.998,3.3457142857142856,125.0,-0.0008595626555503,0.0061988396498167,0.9846963396326048,discharge,0.9864374872629622,0.010032396013388848,3.800884383206039,1
3.8326934840394062,-1.0070774945349104,6.588752624559753,0.998,3.3449285714285715,126.0,-0.0008595626555503,0.0061988396498176,0.9845564677583638,discharge,0.9863135290705818,0.010034302734437074,3.8009564844023838,1
3.831833921383856,-1.0069750625819738,6.5949514642095695,0.998,3.3441428571428573,127.0,-0.0008595626555503,0.0061988396498167,0.984416610110783,discharge,0.9861895834862477,0.01003606383713489,3.801028205820775,1
3.830974358728306,-1.006872630629037,6.601150303859387,0.998,3.343357142857143,128.0,-0.0008595626555503,0.0061988396498176,0.9842767666898624,discharge,0.98606565050996,0.01003768655601332,3.8010995410946933,1
3.830114796072756,-1.0067701986761002,6.607349143509204,0.998,3.3425714285714285,129.0,-0.0008595626555503,0.0061988396498167,0.9841369374956016,discharge,0.9859417301417186,0.010039177766181373,3.8011704842160112,1
3.8292552334172054,-1.0066677667231636,6.613547983159021,0.998,3.3417857142857144,130.0,-0.0008595626555503,0.0061988396498176,0.9839971225280012,discharge,0.9858178223815236,0.010040544001182676,3.8012410295172234,1
3.828395670761655,-1.0065653347702268,6.619746822808838,0.998,3.341,131.0,-0.0008595626555503,0.0061988396498167,0.983857321787061,discharge,0.9856939272293749,0.010041791469964914,3.801311171654487,1
3.8275331115602778,-1.0065526750705265,6.625958313660802,0.998,3.3401538461538465,132.0,-0.0008625592013777,0.0062114908519639,0.9837175228044124,discharge,0.9855700336354712,0.010042970673164732,3.8013790716617506,1
3.826670552358899,-1.0065400153708262,6.632169804512766,0.998,3.3393076923076923,133.0,-0.0008625592013777,0.0062114908519639,0.9835777255800552,discharge,0.9854461415998126,0.010044085002315356,3.8014465223184977,1
3.825807993157522,-1.0065273556711256,6.638381295364731,0.998,3.3384615384615386,134.0,-0.0008625592013773,0.0062114908519648,0.9834379301139898,discharge,0.9853222511223989,0.010045137680453715,3.801513521127016,1
3.824945433956144,-1.0065146959714253,6.644592786216695,0.998,3.337615384615385,135.0,-0.0008625592013777,0.0062114908519639,0.983298136406216,discharge,0.9851983622032303,0.010046131770491589,3.8015800657492442,1
3.8240828747547666,-1.006502036271725,6.650804277068659,0.998,3.3367692307692307,136.0,-0.0008625592013777,0.0062114908519639,0.9831583444567338,discharge,0.9850744748423067,0.010047070183170852,3.801646153998649,1
3.823220315553389,-1.0064893765720246,6.6570157679206226,0.998,3.335923076923077,137.0,-0.0008625592013777,0.0062114908519639,0.9830185542655432,discharge,0.9849505890396282,0.010047955684623494,3.8017117838328227,1
3.822357756352011,-1.006476716872324,6.663227258772587,0.998,3.3350769230769233,138.0,-0.0008625592013773,0.0062114908519648,0.9828787658326444,discharge,0.9848267047951946,0.01004879090355606,3.8017769533461307,1
3.8214951971506337,-1.0064640571726238,6.669438749624551,0.998,3.3342307692307696,139.0,-0.0008625592013777,0.0062114908519639,0.982738979158037,discharge,0.9847028221090061,0.010049578338077134,3.8018416607630643,1
3.820632637949256,-1.0064513974729234,6.675650240476515,0.998,3.3333846153846154,140.0,-0.0008625592013777,0.0062114908519639,0.9825991942417214,discharge,0.9845789409810626,0.010050320362185639,3.801905904431592,1
3.819770078747878,-1.0064387377732231,6.681861731328479,0.998,3.3325384615384617,141.0,-0.0008625592013777,0.0062114908519639,0.9824594110836972,discharge,0.9844550614113641,0.010051019231936787,3.8019696828171443,1
3.8189075195465008,-1.0064260780735226,6.688073222180444,0.998,3.331692307692308,142.0,-0.0008625592013773,0.0062114908519648,0.9823196296839648,discharge,0.9843311833999107,0.010051677091301692,3.80203299449659,1
3.818044960345123,-1.0064134183738225,6.694284713032408,0.998,3.330846153846154,143.0,-0.0008625592013777,0.0062114908519639,0.982179850042524,discharge,0.9842073069467022,0.01005229597773587,3.802095838152837,1
3.817182401143745,-1.006400758674122,6.700496203884372,0.998,3.33,144.0,-0.0008625592013777,0.0062114908519639,0.9820400721593748,discharge,0.9840834320517388,0.010052877827471092,3.8021582125694,1
3.8164149874934736,-1.006227390762184,6.70757654173018,0.998,3.329285714285714,145.0,-0.0007674136502715,0.0070803378458084,0.9819003183551024,discharge,0.9839595784961193,0.010053344638371738,3.8022234007399187,1
3.815647573843202,-1.006054022850246,6.714656879575988,0.998,3.3285714285714287,146.0,-0.0007674136502715,0.0070803378458075,0.9817605886297064,discharge,0.9838357462798436,0.010053702125734098,3.8022881837447797,1
3.8148801601929305,-1.005880654938308,6.721737217421796,0.998,3.327857142857143,147.0,-0.0007674136502715,0.0070803378458084,0.9816208829831872,discharge,0.9837119354029118,0.01005395572091024,3.8023525571112855,1
3.814112746542659,-1.00570728702637,6.728817555267604,0.998,3.327142857142857,148.0,-0.0007674136502715,0.0070803378458075,0.9814812014155448,discharge,0.983588145865324,0.010054110585414777,3.8024165166352892,1
3.8133453328923874,-1.005533919114432,6.735897893113412,0.998,3.3264285714285715,149.0,-0.0007674136502715,0.0070803378458084,0.9813415439267787,discharge,0.98346437766708,0.010054171624330787,3.802480058367827,1
3.812577919242116,-1.005360551202494,6.74297823095922,0.998,3.3257142857142856,150.0,-0.0007674136502715,0.0070803378458075,0.9812019105168897,discharge,0.9833406308081799,0.0100541434990497,3.8025431786022956,1
3.811810505591844,-1.005187183290556,6.750058568805028,0.998,3.325,151.0,-0.0007674136502719,0.0070803378458084,0.981062301185877,discharge,0.9832169052886237,0.010054030639378252,3.802605873862515,1
3.811043091941572,-1.005013815378618,6.7571389066508365,0.998,3.3242857142857143,152.0,-0.0007674136502715,0.0070803378458084,0.980922715933741,discharge,0.9830932011084114,0.01005383725504395,3.8026681408910505,1
3.8102756782913008,-1.00484044746668,6.764219244496644,0.998,3.3235714285714284,153.0,-0.0007674136502715,0.0070803378458075,0.9807831547604818,discharge,0.982969518267543,0.010053567346628933,3.8027299766383664,1
3.809508264641029,-1.004667079554742,6.771299582342452,0.998,3.322857142857143,154.0,-0.0007674136502715,0.0070803378458084,0.9806436176660992,discharge,0.9828458567660184,0.010053224715960605,3.8027913782523943,1
3.8087408509907577,-1.0044937116428043,6.77837992018826,0.998,3.322142857142857,155.0,-0.0007674136502715,0.0070803378458075,0.9805041046505932,discharge,0.9827222166038379,0.01005281297598607,3.802852343068737,1
3.807973437340486,-1.0043203437308663,6.785460258034068,0.998,3.321428571428571,156.0,-0.0007674136502715,0.0070803378458084,0.980364615713964,discharge,0.9825985977810011,0.010052335560155974,3.8029128686011537,1
3.8072060236902145,-1.0041469758189283,6.792540595879876,0.998,3.3207142857142857,157.0,-0.0007674136502715,0.0070803378458075,0.9802251508562112,discharge,0.9824750002975082,0.010051795731342156,3.802972952532819,1
3.806438610039943,-1.0039736079069903,6.799620933725684,0.998,3.32,158.0,-0.0007674136502715,0.0070803378458084,0.9800857100773354,discharge,0.9823514241533593,0.010051196590312238,3.8030325927076998,1
3.8056557613645032,-1.0041968320212482,6.805716385836924,0.998,3.319230769230769,159.0,-0.0007828486754397,0.0060954521112392,0.9799462382951102,discharge,0.9822278205332139,0.010050738116458506,3.8030836799103453,1
3.804872912689064,-1.004420056135506,6.811811837948163,0.998,3.318461538461538,160.0,-0.0007828486754393,0.0060954521112392,0.9798067355095358,discharge,0.982104189437072,0.010050413321231463,3.8031341533294714,1
3.804090064013624,-1.004643280249764,6.817907290059402,0.998,3.3176923076923077,161.0,-0.0007828486754397,0.0060954521112392,0.9796672017206124,discharge,0.9819805308649336,0.010050215563282896,3.8031840199663236,1
3.803307215338185,-1.0048665043640217,6.824002742170641,0.998,3.316923076923077,162.0,-0.0007828486754393,0.0060954521112384,0.9795276369283394,discharge,0.9818568448167988,0.01005013853121641,3.803233286492613,1
3.802524366662745,-1.0050897284782796,6.83009819428188,0.998,3.316153846153846,163.0,-0.0007828486754397,0.0060954521112392,0.9793880411327176,discharge,0.9817331312926674,0.010050176227194946,3.8032819592667693,1
3.8017415179873058,-1.0053129525925375,6.836193646393119,0.998,3.315384615384615,164.0,-0.0007828486754393,0.0060954521112392,0.9792484143337464,discharge,0.9816093902925395,0.010050322951362696,3.8033300443496514,1
3.800958669311866,-1.0055361767067954,6.8422890985043585,0.998,3.3146153846153847,165.0,-0.0007828486754397,0.0060954521112392,0.979108756531426,discharge,0.9814856218164151,0.01005057328704096,3.803377547519244,1
3.8001758206364262,-1.0057594008210533,6.848384550615598,0.998,3.313846153846154,166.0,-0.0007828486754393,0.0060954521112392,0.9789690677257564,discharge,0.9813618258642942,0.010050922086659501,3.803424474284758,1
3.799392971960987,-1.0059826249353112,6.854480002726837,0.998,3.313076923076923,167.0,-0.0007828486754397,0.0060954521112392,0.9788293479167376,discharge,0.9812380024361769,0.01005136445838684,3.8034708299000566,1
3.798610123285547,-1.006205849049569,6.8605754548380755,0.998,3.312307692307692,168.0,-0.0007828486754393,0.0060954521112384,0.9786895971043696,discharge,0.981114151532063,0.010051895753424791,3.8035166193762766,1
3.797827274610108,-1.0064290731638268,6.866670906949315,0.998,3.3115384615384618,169.0,-0.0007828486754397,0.0060954521112392,0.9785498152886524,discharge,0.9809902731519528,0.010052511553934206,3.803561847493927,1
3.797044425934669,-1.0066522972780847,6.872766359060554,0.998,3.310769230769231,170.0,-0.0007828486754393,0.0060954521112392,0.978410002469586,discharge,0.980866367295846,0.0100532076615606,3.8036065188144113,1
3.7962615772592287,-1.0068755213923426,6.878861811171793,0.998,3.31,171.0,-0.0007828486754397,0.0060954521112392,0.9782701586471704,discharge,0.9807424339637427,0.010053980086529832,3.8036506376908523,1
3.795506484541702,-1.0067775288575802,6.886111595052965,0.998,3.309230769230769,172.0,-0.0007550927175268,0.0072497838811713,0.978130328434829,discharge,0.980618512693251,0.010054665452191722,3.8037007766837263,1
3.794751391824174,-1.0066795363228178,6.893361378934137,0.998,3.3084615384615383,173.0,-0.0007550927175272,0.0072497838811722,0.977990511832562,discharge,0.9804946034843707,0.010055268083779028,3.8037505079636187,1
3.793996299106648,-1.0065815437880554,6.900611162815308,0.998,3.3076923076923075,174.0,-0.0007550927175268,0.0072497838811713,0.9778507088403692,discharge,0.9803707063371019,0.010055792091640666,3.803799828248019,1
3.793241206389121,-1.0064835512532928,6.90786094669648,0.998,3.306923076923077,175.0,-0.0007550927175268,0.0072497838811713,0.9777109194582506,discharge,0.9802468212514446,0.010056241381917455,3.803848734457717,1
3.7924861136715937,-1.0063855587185304,6.915110730577652,0.998,3.306153846153846,176.0,-0.0007550927175272,0.0072497838811722,0.9775711436862063,discharge,0.9801229482273988,0.010056619666687463,3.8038972237067012,1
3.791731020954067,-1.006287566183768,6.922360514458823,0.998,3.3053846153846154,177.0,-0.0007550927175268,0.0072497838811713,0.9774313815242364,discharge,0.9799990872649644,0.010056930473607336,3.803945293292406,1
3.79097592823654,-1.0061895736490056,6.929610298339995,0.998,3.3046153846153845,178.0,-0.0007550927175268,0.0072497838811713,0.9772916329723408,discharge,0.9798752383641416,0.010057177155074612,3.8039929406866335,1
3.790220835519013,-1.0060915811142432,6.936860082221166,0.998,3.3038461538461537,179.0,-0.0007550927175268,0.0072497838811713,0.9771518980305192,discharge,0.9797514015249302,0.010057362896934858,3.804040163526841,1
3.789465742801486,-1.0059935885794808,6.944109866102338,0.998,3.303076923076923,180.0,-0.0007550927175272,0.0072497838811722,0.9770121766987722,discharge,0.9796275767473304,0.01005749072675621,3.804086959607843,1
3.788710650083959,-1.0058955960447182,6.95135964998351,0.998,3.3023076923076924,181.0,-0.0007550927175268,0.0072497838811713,0.9768724689770992,discharge,0.979503764031342,0.010057563521692818,3.804133326873956,1
3.787955557366432,-1.0057976035099558,6.958609433864681,0.998,3.3015384615384615,182.0,-0.0007550927175268,0.0072497838811713,0.9767327748655008,discharge,0.9793799633769651,0.010057584015957643,3.804179263411482,1
3.787200464648905,-1.0056996109751934,6.965859217745853,0.998,3.3007692307692307,183.0,-0.0007550927175272,0.0072497838811722,0.9765930943639765,discharge,0.9792561747841997,0.010057554807923976,3.804224767441732,1
3.786445371931378,-1.005601618440431,6.973109001627025,0.998,3.3,184.0,-0.0007550927175268,0.0072497838811713,0.9764534274725264,discharge,0.9791323982530458,0.010057478366874149,3.8042698373141537,1
3.785788567322355,-1.005694264034657,6.978759917300279,0.998,3.2993571428571427,185.0,-0.0006568046090227,0.0056509156732538,0.9763137477136326,discharge,0.9790086103184195,0.010057451751202632,3.8043105720482964,1
3.7851317627133327,-1.0057869096288827,6.984410832973533,0.998,3.2987142857142855,186.0,-0.0006568046090227,0.0056509156732547,0.9761740550872952,discharge,0.9788848109803208,0.010057472485512307,3.804350787428667,1
3.78447495810431,-1.0058795552231088,6.990061748646788,0.998,3.2980714285714283,187.0,-0.0006568046090227,0.0056509156732547,0.9760343495935142,discharge,0.9787610002387497,0.010057538217387375,3.8043904863540616,1
3.783818153495287,-1.0059722008173346,6.995712664320042,0.998,3.297428571428571,188.0,-0.0006568046090231,0.0056509156732538,0.9758946312322896,discharge,0.9786371780937062,0.010057646711283475,3.8044296716063024,1
3.783161348886264,-1.0060648464115605,7.001363579993296,0.998,3.296785714285714,189.0,-0.0006568046090227,0.0056509156732538,0.9757549000036212,discharge,0.9785133445451903,0.010057795842721332,3.804468345856002,1
3.782504544277242,-1.0061574920057863,7.00701449566655,0.998,3.296142857142857,190.0,-0.0006568046090227,0.0056509156732547,0.9756151559075096,discharge,0.9783894995932021,0.01005798359276888,3.804506511668043,1
3.781847739668218,-1.0062501376000124,7.012665411339805,0.998,3.2955,191.0,-0.0006568046090227,0.0056509156732547,0.975475398943954,discharge,0.9782656432377416,0.010058208042797537,3.804544171506956,1
3.781190935059196,-1.0063427831942382,7.018316327013059,0.998,3.294857142857143,192.0,-0.0006568046090227,0.0056509156732538,0.9753356291129548,discharge,0.9781417754788087,0.010058467369498971,3.804581327741697,1
3.780534130450173,-1.006435428788464,7.023967242686313,0.998,3.2942142857142858,193.0,-0.0006568046090227,0.0056509156732538,0.9751958464145118,discharge,0.9780178963164033,0.010058759840149452,3.804617982650636,1
3.7798773258411504,-1.00652807438269,7.029618158359567,0.998,3.2935714285714286,194.0,-0.0006568046090227,0.0056509156732547,0.9750560508486252,discharge,0.9778940057505257,0.01005908380810948,3.8046541384258084,1
3.7792205212321273,-1.0066207199769155,7.035269074032822,0.998,3.292928571428571,195.0,-0.0006568046090231,0.0056509156732547,0.9749162424152952,discharge,0.9777701037811756,0.010059437708547,3.804689797177374,1
3.778563716623105,-1.0067133655711418,7.040919989706076,0.998,3.2922857142857143,196.0,-0.0006568046090227,0.0056509156732538,0.9747764211145216,discharge,0.9776461904083531,0.010059820054373081,3.804724960937588,1
3.777906912014082,-1.0068060111653676,7.04657090537933,0.998,3.291642857142857,197.0,-0.0006568046090227,0.0056509156732538,0.974636586946304,discharge,0.9775222656320582,0.01006022943237953,3.8047596316646586,1
3.777250107405059,-1.0068986567595934,7.052221821052584,0.998,3.291,198.0,-0.0006568046090227,0.0056509156732547,0.974496739910643,discharge,0.977398329452291,0.010060664499568387,3.8047938112464994,1
3.7765642065183767,-1.0068079527988885,7.058612339421165,0.998,3.2903076923076924,199.0,-0.0006859008866824,0.0063905183685806,0.9743569054727542,discharge,0.9772744044370062,0.010061032888943507,3.8048312530733086,1
3.775878305631694,-1.0067172488381837,7.065002857789747,0.998,3.2896153846153844,200.0,-0.0006859008866828,0.0063905183685815,0.9742170836326378,discharge,0.9771504905862038,0.01006133791315546,3.804868287641173,1
3.7751924047450114,-1.0066265448774785,7.071393376158327,0.998,3.288923076923077,201.0,-0.0006859008866824,0.0063905183685806,0.9740772743902938,discharge,0.977026587899884,0.010061582720277526,3.804904912600957,1
3.774506503858329,-1.0065358409167735,7.077783894526908,0.998,3.2882307692307693,202.0,-0.0006859008866828,0.0063905183685806,0.973937477745722,discharge,0.9769026963780465,0.010061770301982144,3.804941125759094,1
3.773820602971646,-1.0064451369560683,7.084174412895489,0.998,3.2875384615384613,203.0,-0.0006859008866824,0.0063905183685815,0.9737976936989226,discharge,0.9767788160206915,0.010061903501311115,3.804976925069771,1
3.773134702084964,-1.0063544329953635,7.09056493126407,0.998,3.2868461538461538,204.0,-0.0006859008866824,0.0063905183685806,0.9736579222498952,discharge,0.976654946827819,0.0100619850200598,3.8050123086275005,1
3.772448801198281,-1.0062637290346583,7.096955449632651,0.998,3.286153846153846,205.0,-0.0006859008866828,0.0063905183685806,0.9735181633986406,discharge,0.9765310887994288,0.010062017425794443,3.8050472746602275,1
3.7717629003115984,-1.0061730250739531,7.103345968001231,0.998,3.2854615384615387,206.0,-0.0006859008866824,0.0063905183685806,0.973378417145158,discharge,0.9764072419355212,0.010062003158520868,3.805081821522531,1
3.771076999424916,-1.0060823211132484,7.109736486369813,0.998,3.2847692307692307,207.0,-0.0006859008866824,0.0063905183685815,0.973238683489448,discharge,0.976283406236096,0.010061944537021876,3.8051159476893788,1
3.770391098538233,-1.0059916171525434,7.116127004738393,0.998,3.284076923076923,208.0,-0.0006859008866828,0.0063905183685806,0.97309896243151,discharge,0.9761595817011532,0.010061843764879765,3.805149651750059,1
3.7697051976515503,-1.0059009131918384,7.122517523106974,0.998,3.2833846153846156,209.0,-0.0006859008866824,0.0063905183685806,0.9729592539713444,discharge,0.9760357683306929,0.010061702936199667,3.8051829324024475,1
3.769019296764868,-1.0058102092311334,7.1289080414755555,0.998,3.2826923076923076,210.0,-0.0006859008866828,0.0063905183685815,0.9728195581089512,discharge,0.9759119661247151,0.010061524041048537,3.80521578844763,1
3.7683333958781855,-1.0057195052704284,7.135298559844136,0.998,3.282,211.0,-0.0006859008866824,0.0063905183685806,0.9726798748443304,discharge,0.9757881750832197,0.010061308970623907,3.8052482187846914,1
3.767715048105643,-1.0056740419382315,7.1411536343715865,0.998,3.2814285714285716,212.0,-0.0006183477725425,0.0058550745274503,0.9725401978940612,discharge,0.9756643896376714,0.010061081998366804,3.805279296453622,1
3.7670967003331,-1.0056285786060348,7.147008708899037,0.998,3.2808571428571427,213.0,-0.0006183477725429,0.0058550745274503,0.9724005272581436,discharge,0.9755406097880704,0.01006084371557754,3.805309926402519,1
3.7664783525605574,-1.005583115273838,7.152863783426487,0.998,3.2802857142857142,214.0,-0.0006183477725425,0.0058550745274503,0.972260862936578,discharge,0.9754168355344166,0.010060594684179771,3.805340108795606,1
3.7658600047880144,-1.005537651941641,7.158718857953938,0.998,3.279714285714286,215.0,-0.0006183477725429,0.0058550745274503,0.9721212049293638,discharge,0.9752930668767099,0.010060335438179968,3.805369843824345,1
3.765241657015472,-1.0054921886094443,7.164573932481388,0.998,3.279142857142858,216.0,-0.0006183477725425,0.0058550745274503,0.9719815532365014,discharge,0.9751693038149505,0.010060066485054388,3.8053991317060434,1
3.764623309242929,-1.0054467252772474,7.170429007008838,0.998,3.2785714285714285,217.0,-0.0006183477725429,0.0058550745274503,0.9718419078579906,discharge,0.9750455463491382,0.010059788307067129,3.805427972682549,1
3.7640049614703863,-1.0054012619450508,7.176284081536289,0.998,3.278,218.0,-0.0006183477725425,0.0058550745274503,0.9717022687938316,discharge,0.9749217944792732,0.01005950136252271,3.8054563670190014,1
3.763386613697844,-1.0053557986128538,7.182139156063739,0.998,3.2774285714285716,219.0,-0.0006183477725425,0.0058550745274503,0.9715626360440244,discharge,0.9747980482053553,0.010059206086956417,3.8054843150026274,1
3.762768265925301,-1.005310335280657,7.1879942305911895,0.998,3.2768571428571427,220.0,-0.0006183477725429,0.0058550745274503,0.9714230096085686,discharge,0.9746743075273846,0.010058902894265509,3.805511816941607,1
3.7621499181527582,-1.0052648719484605,7.19384930511864,0.998,3.2762857142857142,221.0,-0.0006183477725425,0.0058550745274503,0.9712833894874646,discharge,0.9745505724453611,0.010058592177784226,3.8055388731640294,1
3.7615315703802152,-1.0052194086162634,7.19970437964609,0.998,3.275714285714286,222.0,-0.0006183477725429,0.0058550745274503,0.9711437756807124,discharge,0.9744268429592848,0.010058274311305399,3.805565484016886,1
3.7609132226076727,-1.0051739452840665,7.205559454173541,0.998,3.275142857142858,223.0,-0.0006183477725425,0.0058550745274503,0.9710041681883118,discharge,0.9743031190691558,0.010057949650051282,3.805591649864965,1
3.7602948748351297,-1.0051284819518698,7.211414528700991,0.998,3.2745714285714285,224.0,-0.0006183477725429,0.0058550745274503,0.9708645670102628,discharge,0.9741794007749739,0.010057618531596176,3.8056173710901056,1
3.759676527062587,-1.0050830186196729,7.217269603228441,0.998,3.274,225.0,-0.0006183477725425,0.0058550745274503,0.9707249721465658,discharge,0.9740556880767391,0.010057281276743196,3.805642648090244,1
3.7590371863412817,-1.005105949685224,7.223987109400231,0.998,3.2733846153846153,226.0,-0.0006393407213058,0.0067175061717899,0.9705853740979984,discharge,0.9739319725559874,0.010056972169687069,3.8056660810007483,1
3.758397845619976,-1.0051288807507748,7.23070461557202,0.998,3.2727692307692307,227.0,-0.0006393407213054,0.006717506171789,0.9704457728645608,discharge,0.9738082542127185,0.01005668981200439,3.8056890397339873,1
3.75775850489867,-1.0051518118163258,7.23742212174381,0.998,3.272153846153846,228.0,-0.0006393407213058,0.0067175061717899,0.970306168446253,discharge,0.9736845330469326,0.010056432874747457,3.8057115262445156,1
3.757119164177365,-1.0051747428818767,7.244139627915599,0.998,3.2715384615384617,229.0,-0.0006393407213054,0.006717506171789,0.970166560843075,discharge,0.9735608090586295,0.010056200094992621,3.8057335424204948,1
3.7564798234560586,-1.0051976739474278,7.250857134087389,0.998,3.270923076923077,230.0,-0.0006393407213058,0.0067175061717899,0.9700269500550268,discharge,0.9734370822478093,0.010055990272560112,3.8057550900868655,1
3.755840482734753,-1.0052206050129788,7.257574640259178,0.998,3.2703076923076924,231.0,-0.0006393407213054,0.006717506171789,0.9698873360821082,discharge,0.9733133526144722,0.010055802266896835,3.8057761710086173,1
3.7552011420134472,-1.0052435360785297,7.264292146430968,0.998,3.2696923076923077,232.0,-0.0006393407213058,0.0067175061717899,0.9697477189243195,discharge,0.9731896201586179,0.010055634994114026,3.805796786893618,1
3.754561801292142,-1.0052664671440807,7.271009652602757,0.998,3.269076923076923,233.0,-0.0006393407213054,0.006717506171789,0.9696080985816606,discharge,0.9730658848802465,0.010055487424172088,3.80581693939552,1
3.753922460570836,-1.0052893982096318,7.277727158774547,0.998,3.2684615384615383,234.0,-0.0006393407213058,0.0067175061717899,0.9694684750541316,discharge,0.972942146779358,0.010055358578205286,3.8058366301163917,1
3.7532831198495304,-1.0053123292751829,7.284444664946336,0.998,3.267846153846154,235.0,-0.0006393407213054,0.006717506171789,0.9693288483417322,discharge,0.9728184058559524,0.01005524752597936,3.805855860609233,1
3.752643779128225,-1.0053352603407335,7.291162171118126,0.998,3.2672307692307694,236.0,-0.0006393407213058,0.0067175061717899,0.9691892184444626,discharge,0.9726946621100298,0.010055153383475433,3.8058746323805046,1
3.752004438406919,-1.0053581914062846,7.297879677289915,0.998,3.2666153846153847,237.0,-0.0006393407213054,0.006717506171789,0.9690495853623228,discharge,0.97257091554159,0.010055075310593969,3.80589294689228,1
3.751365097685613,-1.0053811224718356,7.304597183461705,0.998,3.266,238.0,-0.0006393407213058,0.0067175061717899,0.9689099490953128,discharge,0.9724471661506332,0.010055012508972802,3.8059108055645274,1
3.750765085872039,-1.0053991879204487,7.311920906606677,0.998,3.2653846153846153,239.0,-0.000600011813574,0.0073237231449718,0.9687703103192128,discharge,0.9723234145360536,0.01005496180260443,3.805928309421632,1
3.750165074058465,-1.0054172533690615,7.319244629751649,0.998,3.26476923076923,240.0,-0.000600011813574,0.0073237231449727,0.9686306690340226,discharge,0.9721996606978515,0.010054922590579139,3.8059453623793633,1
3.749565062244891,-1.0054353188176748,7.326568352896621,0.998,3.264153846153846,241.0,-0.000600011813574,0.0073237231449718,0.9684910252397424,discharge,0.9720759046360266,0.01005489430184128,3.8059619656354933,1
3.7489650504313174,-1.005453384266288,7.333892076041593,0.998,3.2635384615384617,242.0,-0.0006000118135736,0.0073237231449718,0.968351378936372,discharge,0.971952146350579,0.010054876393706077,3.805978120359052,1
3.7483650386177434,-1.005471449714901,7.341215799186566,0.998,3.262923076923077,243.0,-0.000600011813574,0.0073237231449727,0.9682117301239116,discharge,0.9718283858415088,0.010054868350450124,3.805993827691711,1
3.74776502680417,-1.005489515163514,7.348539522331538,0.998,3.2623076923076924,244.0,-0.000600011813574,0.0073237231449718,0.9680720788023612,discharge,0.9717046231088159,0.010054869681971898,3.806009088749026,1
3.7471650149905953,-1.0055075806121272,7.35586324547651,0.998,3.2616923076923077,245.0,-0.000600011813574,0.0073237231449718,0.9679324249717206,discharge,0.9715808581525003,0.010054879922518835,3.8060239046218447,1
3.746565003177021,-1.0055256460607402,7.3631869686214815,0.998,3.261076923076923,246.0,-0.000600011813574,0.0073237231449718,0.96779276863199,discharge,0.971457090972562,0.010054898629477633,3.8060382763774463,1
3.745964991363447,-1.0055437115093533,7.370510691766454,0.998,3.2604615384615383,247.0,-0.000600011813574,0.0073237231449727,0.9676531097831692,discharge,0.9713333215690011,0.010054925382224663,3.8060522050607015,1
3.7453649795498736,-1.0055617769579666,7.377834414911426,0.998,3.259846153846154,248.0,-0.0006000118135736,0.0073237231449718,0.9675134484252584,discharge,0.9712095499418175,0.010054959781033485,3.8060656916951294,1
3.744764967736299,-1.0055798424065796,7.385158138056398,0.998,3.25923076923077,249.0,-0.000600011813574,0.0073237231449718,0.9673737845582576,discharge,0.9710857760910112,0.010055001446036653,3.806078737284025,1
3.7441649559227255,-1.0055979078551929,7.392481861201371,0.998,3.2586153846153847,250.0,-0.000600011813574,0.0073237231449727,0.9672341181821664,discharge,0.9709620000165823,0.01005505001623908,3.806091342811361,1
3.7435649441091514,-1.0056159733038057,7.399805584346343,0.998,3.258,251.0,-0.000600011813574,0.0073237231449718,0.9670944492969854,discharge,0.9708382217185306,0.010055105148580448,3.80610350924276,1
3.743002491839236,-1.0056572431070523,7.405666126662816,0.998,3.2574285714285716,252.0,-0.0005624522699156,0.0058605423164737,0.9669547746798872,discharge,0.9707144383407009,0.01005517804530437,3.8061147621864357,1
3.74244003956932,-1.0056985129102995,7.411526668979289,0.998,3.2568571428571427,253.0,-0.0005624522699156,0.0058605423164728,0.966815094330872,discharge,0.9705906498830931,0.010055267823850534,3.8061255672039236,1
3.741877587299404,-1.0057397827135464,7.417387211295763,0.998,3.2562857142857142,254.0,-0.0005624522699156,0.0058605423164737,0.9666754082499396,discharge,0.9704668563457071,0.01005537364550551,3.806135925725463,1
3.7413151350294886,-1.0057810525167932,7.4232477536122365,0.998,3.255714285714286,255.0,-0.0005624522699156,0.0058605423164737,0.96653571643709,discharge,0.970343057728543,0.01005549471322436,3.8061458391393375,1
3.740752682759573,-1.0058223223200402,7.42910829592871,0.998,3.2551428571428573,256.0,-0.0005624522699156,0.0058605423164737,0.9663960188923232,discharge,0.9702192540316008,0.010055630269560502,3.806155308793864,1
3.7401902304896577,-1.005863592123287,7.434968838245183,0.998,3.2545714285714284,257.0,-0.0005624522699156,0.0058605423164728,0.9662563156156394,discharge,0.9700954452548806,0.0100557795946984,3.8061643359994313,1
3.739627778219742,-1.005904861926534,7.440829380561657,0.998,3.254,258.0,-0.0005624522699152,0.0058605423164737,0.9661166066070386,discharge,0.9699716313983822,0.010055942004583998,3.806172922030313,1
3.7390653259498263,-1.0059461317297809,7.446689922878131,0.998,3.2534285714285716,259.0,-0.0005624522699156,0.0058605423164737,0.9659768918665206,discharge,0.9698478124621056,0.010056116849148033,3.8061810681264703,1
3.73850287367991,-1.0059874015330277,7.452550465194603,0.998,3.2528571428571427,260.0,-0.0005624522699156,0.0058605423164728,0.9658371713940854,discharge,0.969723988446051,0.010056303510617632,3.806188775495245,1
3.737940421409995,-1.0060286713362747,7.458411007511077,0.998,3.2522857142857142,261.0,-0.0005624522699156,0.0058605423164737,0.9656974451897332,discharge,0.9696001593502183,0.010056501401911775,3.8061960453129493,1
3.7373779691400792,-1.0060699411395215,7.464271549827551,0.998,3.251714285714286,262.0,-0.0005624522699156,0.0058605423164737,0.9655577132534636,discharge,0.9694763251746075,0.010056709965116479,3.806202878726374,1
3.736815516870163,-1.0061112109427683,7.470132092144024,0.998,3.2511428571428573,263.0,-0.0005624522699156,0.0058605423164737,0.9654179755852772,discharge,0.9693524859192185,0.010056928670035735,3.8062092768543176,1
3.736253064600248,-1.0061524807460154,7.475992634460497,0.998,3.2505714285714284,264.0,-0.0005624522699156,0.0058605423164728,0.9652782321851736,discharge,0.9692286415840515,0.010057157012814443,3.806215240788831,1
3.735690612330332,-1.0061937505492622,7.481853176776971,0.998,3.25,265.0,-0.0005624522699156,0.0058605423164737,0.9651384830531528,discharge,0.9691047921691064,0.010057394514629756,3.8062207715966903,1
3.7351128140682746,-1.0061119927936164,7.4873920871880655,0.998,3.2493846153846153,266.0,-0.0005777982620576,0.0055389104110945,0.964998745276376,discharge,0.9689809528174818,0.010057579598570393,3.8062283912649955,1
3.734535015806217,-1.0060302350379708,7.492930997599159,0.998,3.24876923076923,267.0,-0.0005777982620576,0.0055389104110936,0.9648590188548428,discharge,0.9688571235291776,0.010057714868832456,3.806235637380624,1
3.7339572175441593,-1.005948477282325,7.498469908010254,0.998,3.248153846153846,268.0,-0.0005777982620576,0.0055389104110945,0.9647193037885538,discharge,0.968733304304194,0.0100578028002318,3.806242508210248,1
3.733379419282102,-1.0058667195266795,7.504008818421348,0.998,3.2475384615384617,269.0,-0.0005777982620571,0.0055389104110945,0.9645796000775084,discharge,0.9686094951425309,0.01005784574463184,3.806249002142699,1
3.732801621020045,-1.0057849617710335,7.509547728832442,0.998,3.246923076923077,270.0,-0.0005777982620576,0.0055389104110936,0.9644399077217068,discharge,0.9684856960441883,0.010057845937052001,3.806255117682773,1
3.732223822757987,-1.0057032040153882,7.515086639243536,0.998,3.2463076923076923,271.0,-0.0005777982620576,0.0055389104110945,0.9643002267211492,discharge,0.9683619070091662,0.010057805501472701,3.8062608534455555,1
3.7316460244959297,-1.0056214462597424,7.520625549654631,0.998,3.2456923076923077,272.0,-0.0005777982620576,0.0055389104110945,0.9641605570758351,discharge,0.9682381280374647,0.010057726456351926,3.806266208150835,1
3.731068226233872,-1.0055396885040968,7.526164460065726,0.998,3.245076923076923,273.0,-0.0005777982620576,0.0055389104110945,0.9640208987857652,discharge,0.9681143591290836,0.01005761071986774,3.806271180617903,1
3.730490427971814,-1.005457930748451,7.531703370476819,0.998,3.2444615384615383,274.0,-0.0005777982620576,0.0055389104110936,0.9638812518509392,discharge,0.9679906002840231,0.010057460114900335,3.806275769760505,1
3.729912629709757,-1.0053761729928057,7.537242280887914,0.998,3.243846153846154,275.0,-0.0005777982620571,0.0055389104110945,0.9637416162713568,discharge,0.967866851502283,0.01005727637376657,3.806279974582186,1
3.7293348314476993,-1.0052944152371597,7.542781191299008,0.998,3.24323076923077,276.0,-0.0005777982620576,0.0055389104110945,0.9636019920470182,discharge,0.9677431127838635,0.010057061142719289,3.8062837941717205,1
3.7287570331856417,-1.005212657481514,7.548320101710102,0.998,3.2426153846153847,277.0,-0.0005777982620576,0.0055389104110936,0.9634623791779235,discharge,0.9676193841287645,0.010056815986223103,3.8062872276989017,1
3.728179234923584,-1.0051308997258683,7.553859012121197,0.998,3.242,278.0,-0.0005777982620576,0.0055389104110945,0.9633227776640728,discharge,0.967495665536986,0.010056542391017753,3.8062902744104026,1
3.727653245518354,-1.0052237650496816,7.559311355021861,0.9979857142857144,3.2415714285714285,279.0,-0.0005259894052294,0.0054523429006643,0.9631831632522604,discharge,0.9673719355146891,0.010056328525260182,3.8062893544988805,1
3.727127256113125,-1.0053166303734948,7.564763697922525,0.9979714285714286,3.241142857142857,280.0,-0.0005259894052294,0.0054523429006643,0.9630435359424864,discharge,0.9672481940618741,0.010056171421504726,3.8062879639096607,1
3.726601266707896,-1.005409495697308,7.570216040823189,0.9979571428571428,3.2407142857142857,281.0,-0.0005259894052294,0.0054523429006634,0.9629038957347504,discharge,0.9671244411785408,0.01005606825973273,3.8062861059789386,1
3.726075277302666,-1.0055023610211216,7.575668383723853,0.9979428571428572,3.240285714285714,282.0,-0.0005259894052298,0.0054523429006643,0.9627642426290532,discharge,0.9670006768646893,0.010056016360028152,3.806283783902649,1
3.725549287897437,-1.0055952263449348,7.581120726624517,0.9979285714285714,3.2398571428571428,283.0,-0.0005259894052294,0.0054523429006643,0.962624576625394,discharge,0.9668769011203194,0.010056013175617079,3.80628100074343,1
3.725023298492207,-1.005688091668748,7.586573069525182,0.9979142857142858,3.2394285714285713,284.0,-0.0005259894052294,0.0054523429006643,0.9624848977237734,discharge,0.9667531139454314,0.010056056286253015,3.8062777594372883,1
3.7244973090869777,-1.005780956992561,7.592025412425846,0.9979,3.239,285.0,-0.0005259894052294,0.0054523429006643,0.9623452059241911,discharge,0.9666293153400252,0.010056143391930825,3.8062740627998006,1
3.723971319681748,-1.0058738223163746,7.597477755326509,0.9978857142857144,3.238571428571429,286.0,-0.0005259894052294,0.0054523429006634,0.9622055012266472,discharge,0.9665055053041006,0.01005627230691297,3.806269913532178,1
3.723445330276519,-1.0059666876401878,7.602930098227174,0.9978714285714286,3.2381428571428574,287.0,-0.0005259894052294,0.0054523429006643,0.9620657836311416,discharge,0.9663816838376579,0.010056440954052523,3.8062653142268434,1
3.7229193408712895,-1.006059552964001,7.608382441127838,0.9978571428571428,3.237714285714286,288.0,-0.0005259894052294,0.0054523429006643,0.9619260531376744,discharge,0.9662578509406968,0.01005664735939823,3.806260267372901,1
3.72239335146606,-1.0061524182878143,7.613834784028502,0.9978428571428573,3.2372857142857145,289.0,-0.0005259894052298,0.0054523429006643,0.9617863097462456,discharge,0.9661340066132176,0.010056889647067602,3.806254775361252,1
3.7218673620608302,-1.0062452836116278,7.619287126929166,0.9978285714285714,3.236857142857143,290.0,-0.0005259894052294,0.0054523429006634,0.961646553456855,discharge,0.9660101508552201,0.010057166034374714,3.8062488404894608,1
3.721341372655601,-1.006338148935441,7.62473946982983,0.9978142857142858,3.2364285714285717,291.0,-0.0005259894052294,0.0054523429006643,0.9615067842695028,discharge,0.9658862836667044,0.01005747482720007,3.806242464966334,1
3.7208153832503714,-1.0064310142592543,7.630191812730494,0.9978,3.236,292.0,-0.0005259894052294,0.0054523429006643,0.9613670021841892,discharge,0.9657624050476704,0.01005781441559048,3.806235650916433,1
3.720257365115556,-1.0063939305582394,7.6365879059714015,0.9978153846153848,3.2353846153846155,293.0,-0.0005580181348157,0.006396093240907,0.9612272252493894,discharge,0.9656385309931595,0.010058118709015785,3.8062310646001034,1
3.719699346980741,-1.0063568468572244,7.6429839992123085,0.9978307692307692,3.234769230769231,294.0,-0.0005580181348152,0.006396093240907,0.9610874534651036,discharge,0.9655146615031719,0.010058389460981079,3.8062261059548246,1
3.7191413288459247,-1.0063197631562095,7.649380092453216,0.9978461538461538,3.234153846153846,295.0,-0.0005580181348157,0.006396093240907,0.960947686831332,discharge,0.9653907965777074,0.010058628337874782,3.8062207739850793,1
3.7185833107111095,-1.006282679455195,7.655776185694123,0.9978615384615384,3.233538461538462,296.0,-0.0005580181348152,0.006396093240907,0.9608079253480742,discharge,0.9652669362167661,0.010058836923296718,3.80621506777748,1
3.7180252925762938,-1.0062455957541796,7.66217227893503,0.9978769230769232,3.2329230769230772,297.0,-0.0005580181348157,0.006396093240907,0.9606681690153306,discharge,0.9651430804203479,0.010059016722171176,3.806208986496694,1
3.7174672744414785,-1.0062085120531647,7.668568372175937,0.9978923076923076,3.2323076923076925,298.0,-0.0005580181348152,0.006396093240907,0.9605284178331012,discharge,0.9650192291884528,0.010059169164655617,3.8062025293815975,1
3.716909256306663,-1.00617142835215,7.674964465416843,0.9979076923076924,3.231692307692308,299.0,-0.0005580181348157,0.0063960932409061,0.9603886718013854,discharge,0.964895382521081,0.010059295609855207,3.8061956957414247,1
3.716351238171847,-1.006134344651135,7.68136055865775,0.9979230769230768,3.231076923076923,300.0,-0.0005580181348152,0.006396093240907,0.960248930920184,discharge,0.9647715404182322,0.010059397349352796,3.806188484952343,1
3.715793220037032,-1.00609726095012,7.687756651898657,0.9979384615384616,3.2304615384615385,301.0,-0.0005580181348157,0.006396093240907,0.9601091951894964,discharge,0.9646477028799066,0.010059475610563518,3.8061808964540575,1
3.715235201902217,-1.0060601772491051,7.694152745139564,0.9979538461538462,3.2298461538461543,302.0,-0.0005580181348152,0.006396093240907,0.9599694646093228,discharge,0.9645238699061043,0.010059531559922744,3.806172929746627,1
3.714677183767401,-1.0060230935480905,7.700548838380471,0.9979692307692308,3.2292307692307696,303.0,-0.0005580181348157,0.006396093240907,0.9598297391796634,discharge,0.964400041496825,0.010059566305915642,3.8061645843874983,1
3.7141191656325856,-1.0059860098470752,7.706944931621378,0.9979846153846154,3.228615384615385,304.0,-0.0005580181348152,0.006396093240907,0.959690018900518,discharge,0.964276217652069,0.01005958090195623,3.8061558599884524,1
3.71356114749777,-1.0059489261460604,7.713341024862285,0.998,3.228,305.0,-0.0005580181348157,0.006396093240907,0.9595503037718868,discharge,0.964152398371836,0.010059576349123387,3.8061467562131126,1
3.713002526933239,-1.0060012853481737,7.719729839935814,0.998,3.227461538461539,306.0,-0.0005586205645307,0.0063888150735289,0.959410581371144,discharge,0.9640285726468636,0.010059598035293512,3.8061354385506374,1
3.712443906368708,-1.0060536445502866,7.726118655009344,0.998,3.226923076923077,307.0,-0.0005586205645311,0.0063888150735298,0.9592708516982896,discharge,0.9639047404771518,0.010059644656874851,3.806123697720118,1
3.7118852858041778,-1.0061060037523994,7.732507470082873,0.998,3.2263846153846156,308.0,-0.0005586205645307,0.0063888150735289,0.959131114753324,discharge,0.9637809018627005,0.010059714975039978,3.806111535517507,1
3.711326665239646,-1.0061583629545126,7.738896285156403,0.998,3.225846153846154,309.0,-0.0005586205645311,0.0063888150735298,0.958991370536247,discharge,0.9636570568035098,0.010059807812508214,3.8060989536769334,1
3.710768044675115,-1.0062107221566257,7.745285100229932,0.998,3.2253076923076924,310.0,-0.0005586205645307,0.0063888150735289,0.9588516190470586,discharge,0.9635332052995796,0.010059922050487894,3.8060859538737595,1
3.710209424110584,-1.0062630813587388,7.751673915303461,0.998,3.224769230769231,311.0,-0.0005586205645311,0.0063888150735289,0.9587118602857588,discharge,0.9634093473509101,0.010060056625770548,3.8060725377274247,1
3.7096508035460536,-1.0063154405608516,7.758062730376991,0.998,3.2242307692307692,312.0,-0.0005586205645307,0.0063888150735298,0.9585720942523476,discharge,0.963285482957501,0.010060210527969439,3.806058706804322,1
3.7090921829815224,-1.0063677997629648,7.76445154545052,0.998,3.223692307692308,313.0,-0.0005586205645311,0.0063888150735289,0.9584323209468248,discharge,0.9631616121193526,0.010060382796895318,3.806044462620314,1
3.708533562416992,-1.006420158965078,7.770840360524049,0.998,3.2231538461538465,314.0,-0.0005586205645307,0.0063888150735289,0.9582925403691908,discharge,0.9630377348364647,0.01006057252006253,3.8060298066432696,1
3.707974941852461,-1.006472518167191,7.777229175597578,0.998,3.2226153846153847,315.0,-0.0005586205645311,0.0063888150735298,0.9581527525194454,discharge,0.9629138511088373,0.010060778830319026,3.8060147402954576,1
3.70741632128793,-1.0065248773693038,7.783617990671107,0.998,3.2220769230769233,316.0,-0.0005586205645307,0.0063888150735289,0.9580129573975884,discharge,0.9627899609364705,0.010061000903594136,3.805999264955766,1
3.7068577007233983,-1.006577236571417,7.790006805744637,0.998,3.2215384615384615,317.0,-0.0005586205645311,0.0063888150735298,0.9578731550036204,discharge,0.9626660643193643,0.010061237956758213,3.8059833819618323,1
3.706299080158868,-1.00662959577353,7.796395620818166,0.998,3.221,318.0,-0.0005586205645307,0.0063888150735289,0.9577333453375406,discharge,0.9625421612575187,0.010061489245588631,3.8059670926121254,1
3.7057915258397225,-1.006516119433275,7.801284167867761,0.998,3.2205,319.0,-0.0005075543191455,0.0048885470495951,0.9575935514320638,discharge,0.9624182721631404,0.010061671673332207,3.8059537998343553,1
3.705283971520577,-1.00640264309302,7.8061727149173565,0.998,3.22,320.0,-0.0005075543191455,0.0048885470495951,0.9574537732871896,discharge,0.9622943970362293,0.010061788661107693,3.80594018424287,1
3.704776417201432,-1.006289166752765,7.811061261966951,0.998,3.2195,321.0,-0.000507554319145,0.0048885470495942,0.9573140109029186,discharge,0.9621705358767857,0.010061843460067691,3.8059262433318963,1
3.7042688628822864,-1.00617569041251,7.815949809016546,0.998,3.219,322.0,-0.0005075543191455,0.0048885470495951,0.95717426427925,discharge,0.9620466886848094,0.010061839159842824,3.8059119747563175,1
3.703761308563141,-1.0060622140722548,7.820838356066141,0.998,3.2185,323.0,-0.0005075543191455,0.0048885470495951,0.9570345334161846,discharge,0.9619228554603004,0.01006177869656638,3.8058973763235575,1
3.7032537542439954,-1.0059487377319998,7.825726903115736,0.998,3.218,324.0,-0.0005075543191455,0.0048885470495951,0.9568948183137218,discharge,0.9617990362032588,0.010061664860500285,3.805882445986063,1
3.7027461999248503,-1.0058352613917447,7.830615450165332,0.998,3.2175,325.0,-0.000507554319145,0.0048885470495951,0.9567551189718618,discharge,0.9616752309136846,0.010061500303282202,3.805867181833933,1
3.702238645605705,-1.00572178505149,7.835503997214926,0.998,3.217,326.0,-0.0005075543191455,0.0048885470495942,0.9566154353906048,discharge,0.9615514395915776,0.010061287544812583,3.8058515820881476,1
3.7017310912865593,-1.0056083087112349,7.840392544264521,0.998,3.2165,327.0,-0.0005075543191455,0.0048885470495951,0.9564757675699505,discharge,0.9614276622369381,0.010061028979799571,3.805835645093952,1
3.701223536967414,-1.0054948323709798,7.845281091314116,0.998,3.216,328.0,-0.0005075543191455,0.0048885470495951,0.9563361155098988,discharge,0.9613038988497659,0.010060726883978733,3.8058193693146762,1
3.700715982648268,-1.0053813560307248,7.850169638363711,0.998,3.2155,329.0,-0.0005075543191455,0.0048885470495951,0.95619647921045,discharge,0.9611801494300609,0.01006038342002379,3.8058027533257945,1
3.7002084283291232,-1.0052678796904695,7.855058185413306,0.998,3.215,330.0,-0.000507554319145,0.0048885470495942,0.9560568586716042,discharge,0.9610564139778234,0.010060000643163687,3.805785795809343,1
3.6997008740099777,-1.0051544033502149,7.859946732462901,0.998,3.2145,331.0,-0.0005075543191455,0.0048885470495951,0.9559172538933612,discharge,0.9609326924930531,0.010059580506520619,3.8057684955485453,1
3.699193319690832,-1.0050409270099596,7.864835279512496,0.998,3.214,332.0,-0.0005075543191455,0.0048885470495951,0.9557776648757208,discharge,0.9608089849757503,0.010059124866182835,3.8057508514227387,1
3.6986516286198023,-1.0050717686505235,7.870346256471131,0.998,3.2135384615384615,333.0,-0.0005416910710298,0.005510976958635,0.9556380715745194,discharge,0.960685273662241,0.010058707185293118,3.8057299013368158,1
3.698109937548773,-1.0051026102910872,7.875857233429767,0.998,3.213076923076923,334.0,-0.0005416910710294,0.0055109769586358,0.9554984739897568,discharge,0.9605615585525253,0.010058325577970992,3.805708534106175,1
3.697568246477743,-1.005133451931651,7.881368210388402,0.998,3.2126153846153844,335.0,-0.0005416910710298,0.005510976958635,0.9553588721214328,discharge,0.9604378396466033,0.010057978252029257,3.805686752092601,1
3.6970265554067137,-1.0051642935722147,7.886879187347037,0.998,3.2121538461538464,336.0,-0.0005416910710294,0.005510976958635,0.955219265969548,discharge,0.9603141169444749,0.010057663504319175,3.8056645575683956,1
3.696484864335684,-1.0051951352127786,7.892390164305673,0.998,3.211692307692308,337.0,-0.0005416910710298,0.0055109769586358,0.9550796555341016,discharge,0.9601903904461401,0.010057379716306906,3.8056419527209635,1
3.695943173264654,-1.0052259768533425,7.897901141264308,0.998,3.2112307692307693,338.0,-0.0005416910710298,0.005510976958635,0.9549400408150942,discharge,0.9600666601515989,0.010057125349869725,3.8056189396569136,1
3.695401482193625,-1.005256818493906,7.903412118222943,0.998,3.210769230769231,339.0,-0.0005416910710294,0.005510976958635,0.9548004218125256,discharge,0.9599429260608513,0.010056898943301076,3.8055955204060385,1
3.694859791122594,-1.00528766013447,7.908923095181578,0.998,3.2103076923076923,340.0,-0.0005416910710298,0.005510976958635,0.9546607985263958,discharge,0.9598191881738973,0.010056699107514106,3.8055716969251865,1
3.694318100051565,-1.005318501775034,7.914434072140214,0.998,3.209846153846154,341.0,-0.0005416910710298,0.0055109769586358,0.9545211709567047,discharge,0.959695446490737,0.010056524522433812,3.8055474711018156,1
3.6937764089805354,-1.0053493434155976,7.919945049098849,0.998,3.2093846153846157,342.0,-0.0005416910710294,0.005510976958635,0.9543815391034528,discharge,0.9595717010113703,0.010056373933568433,3.805522844757432,1
3.6932347179095055,-1.0053801850561614,7.925456026057484,0.998,3.208923076923077,343.0,-0.0005416910710298,0.005510976958635,0.9542419029666394,discharge,0.9594479517357972,0.01005624614875118,3.8054978196508515,1
3.692693026838476,-1.005411026696725,7.93096700301612,0.998,3.2084615384615387,344.0,-0.0005416910710294,0.0055109769586358,0.9541022625462648,discharge,0.9593241986640177,0.010056140035043843,3.8054723974813447,1
3.6921513357674463,-1.005441868337289,7.936477979974755,0.998,3.208,345.0,-0.0005416910710298,0.005510976958635,0.953962617842329,discharge,0.9592004417960319,0.010056054515794225,3.805446579891422,1
3.691649431513795,-1.0056173357016682,7.9414372610495345,0.998,3.2075,346.0,-0.0005019042536513,0.0049592810747798,0.953822948767926,discharge,0.9590766633302867,0.01005606041999866,3.8054174003854264,1
3.691147527260144,-1.0057928030660472,7.946396542124314,0.998,3.2070000000000003,347.0,-0.0005019042536509,0.0049592810747798,0.9536832553230558,discharge,0.9589528632667823,0.010056153205607245,3.8053877564242566,1
3.690645623006493,-1.0059682704304265,7.951355823199093,0.998,3.2065,348.0,-0.0005019042536513,0.0049592810747789,0.953543537507718,discharge,0.9588290416055186,0.010056328556225711,3.8053576527288278,1
3.690143718752841,-1.0061437377948057,7.956315104273873,0.998,3.206,349.0,-0.0005019042536513,0.0049592810747798,0.9534037953219132,discharge,0.9587051983464956,0.010056582369904522,3.805327093805724,1
3.6896418144991903,-1.0063192051591847,7.961274385348653,0.998,3.2055,350.0,-0.0005019042536509,0.0049592810747798,0.9532640287656412,discharge,0.9585813334897133,0.010056910748484945,3.8052960839578396,1
3.689139910245539,-1.0064946725235635,7.966233666423433,0.998,3.205,351.0,-0.0005019042536513,0.0049592810747798,0.953124237838902,discharge,0.9584574470351717,0.010057309987474436,3.805264627294555,1
3.688638005991888,-1.006670139887943,7.971192947498213,0.998,3.2045000000000003,352.0,-0.0005019042536509,0.0049592810747798,0.9529844225416952,discharge,0.9583335389828708,0.010057776566425017,3.8052327277413096,1
3.6881361017382366,-1.0068456072523222,7.976152228572992,0.998,3.204,353.0,-0.0005019042536513,0.0049592810747789,0.9528445828740212,discharge,0.9582096093328106,0.010058307139789674,3.8052003890487547,1
3.687634197484585,-1.0070210746167012,7.981111509647771,0.998,3.2035,354.0,-0.0005019042536513,0.0049592810747798,0.95270471883588,discharge,0.9580856580849911,0.010058898528233025,3.8051676148014653,1
3.6871322932309343,-1.0071965419810804,7.986070790722551,0.998,3.2030000000000003,355.0,-0.0005019042536509,0.0049592810747798,0.9525648304272716,discharge,0.9579616852394124,0.010059547710373686,3.8051344084261793,1
3.686630388977283,-1.0073720093454597,7.991030071797331,0.998,3.2025,356.0,-0.0005019042536513,0.0049592810747798,0.9524249176481958,discharge,0.9578376907960744,0.010060251814936883,3.8051007731996154,1
3.686128484723631,-1.007547476709839,7.99598935287211,0.998,3.202,357.0,-0.0005019042536513,0.0049592810747789,0.9522849804986528,discharge,0.957713674754977,0.010061008113296946,3.8050667122559836,1
3.6856265804699806,-1.0077229440742177,8.00094863394689,0.998,3.2015,358.0,-0.0005019042536509,0.0049592810747807,0.9521450189786425,discharge,0.9575896371161204,0.010061814012390282,3.8050322285940408,1
3.685124676216329,-1.007898411438597,8.00590791502167,0.998,3.201,359.0,-0.0005019042536513,0.0049592810747789,0.9520050330881648,discharge,0.9574655778795046,0.010062667047980466,3.8049973250838405,1
3.684597363050226,-1.0078252706558557,8.011873291289604,0.998,3.2004615384615387,360.0,-0.0005273131661032,0.0059653762679339,0.9518650573561294,discharge,0.9573415276455715,0.010063441366121785,3.8049671078171747,1
3.6840700498841232,-1.0077521298731142,8.017838667557537,0.998,3.199923076923077,361.0,-0.0005273131661027,0.0059653762679339,0.9517250917825358,discharge,0.9572174864143211,0.010064140877611361,3.8049366013972103,1
3.68354273671802,-1.0076789890903728,8.02380404382547,0.998,3.1993846153846155,362.0,-0.0005273131661032,0.0059653762679321,0.9515851363673844,discharge,0.9570934541857536,0.010064769298952237,3.804905802783583,1
3.683015423551917,-1.0076058483076316,8.029769420093404,0.998,3.1988461538461537,363.0,-0.0005273131661027,0.0059653762679339,0.951445191110675,discharge,0.9569694309598689,0.01006533016200619,3.8048747091198756,1
3.682488110385814,-1.00753270752489,8.035734796361337,0.998,3.1983076923076923,364.0,-0.0005273131661032,0.0059653762679339,0.9513052560124076,discharge,0.9568454167366669,0.010065826823166977,3.804843317724371,1
3.6819607972197113,-1.0074595667421489,8.041700172629271,0.998,3.197769230769231,365.0,-0.0005273131661027,0.0059653762679339,0.9511653310725824,discharge,0.9567214115161476,0.010066262472077843,3.8048116260813636,1
3.681433484053608,-1.0073864259594074,8.047665548897204,0.998,3.197230769230769,366.0,-0.0005273131661032,0.0059653762679321,0.9510254162911992,discharge,0.9565974152983112,0.010066640139915926,3.8047796318328695,1
3.6809061708875057,-1.0073132851766662,8.053630925165137,0.998,3.1966923076923077,367.0,-0.0005273131661027,0.0059653762679339,0.950885511668258,discharge,0.9564734280831576,0.010066962707265082,3.8047473327707833,1
3.680378857721402,-1.0072401443939247,8.059596301433071,0.998,3.1961538461538463,368.0,-0.0005273131661032,0.0059653762679339,0.9507456172037588,discharge,0.9563494498706867,0.010067232911597583,3.804714726829366,1
3.6798515445552993,-1.0071670036111835,8.065561677701005,0.998,3.1956153846153845,369.0,-0.0005273131661027,0.0059653762679339,0.9506057328977016,discharge,0.9562254806608986,0.0100674533543841,3.8046818120781265,1
3.679324231389196,-1.007093862828442,8.071527053968937,0.998,3.195076923076923,370.0,-0.0005273131661032,0.0059653762679321,0.9504658587500866,discharge,0.9561015204537934,0.010067626507850473,3.804648586715085,1
3.6787969182230937,-1.0070207220457008,8.077492430236871,0.998,3.1945384615384613,371.0,-0.0005273131661027,0.0059653762679339,0.9503259947609136,discharge,0.9559775692493708,0.010067754721398765,3.8046150490603785,1
3.67826960505699,-1.0069475812629594,8.083457806504805,0.998,3.194,372.0,-0.0005273131661032,0.0059653762679339,0.9501861409301826,discharge,0.9558536270476311,0.01006784022770934,3.804581197550085,1
3.67773888361086,-1.0068999172619968,8.089122873036896,0.998,3.1935384615384614,373.0,-0.0005307214461303,0.0056650665320905,0.9500462937194518,discharge,0.9557296907127124,0.010067897805774752,3.804546507632712,1
3.67720816216473,-1.006852253261034,8.094787939568988,0.998,3.193076923076923,374.0,-0.0005307214461298,0.0056650665320923,0.9499064531287212,discharge,0.9556057602446146,0.010067928843110759,3.804511488096574,1
3.6766774407186,-1.0068045892600714,8.100453006101079,0.998,3.1926153846153844,375.0,-0.0005307214461303,0.0056650665320905,0.9497666191579904,discharge,0.9554818356433379,0.010067934658299322,3.804476138262577,1
3.6761467192724697,-1.0067569252591086,8.106118072633171,0.998,3.1921538461538463,376.0,-0.0005307214461303,0.0056650665320923,0.94962679180726,discharge,0.9553579169088822,0.010067916504413337,3.804440457516588,1
3.6756159978263394,-1.006709261258146,8.111783139165262,0.998,3.191692307692308,377.0,-0.0005307214461298,0.0056650665320905,0.9494869710765298,discharge,0.9552340040412475,0.010067875572271219,3.8044044453060075,1
3.675085276380209,-1.0066615972571835,8.117448205697354,0.998,3.1912307692307693,378.0,-0.0005307214461303,0.0056650665320923,0.9493471569657996,discharge,0.9551100970404338,0.010067812993529797,3.8043681011367942,1
3.674554554934079,-1.0066139332562207,8.123113272229444,0.998,3.190769230769231,379.0,-0.0005307214461303,0.0056650665320905,0.9492073494750696,discharge,0.9549861959064411,0.010067729843623547,3.8043314245704885,1
3.674023833487949,-1.0065662692552582,8.128778338761537,0.998,3.1903076923076923,380.0,-0.0005307214461303,0.0056650665320923,0.9490675486043396,discharge,0.9548623006392694,0.010067627144557795,3.804294415221426,1
3.6734931120418186,-1.0065186052542956,8.134443405293627,0.998,3.1898461538461538,381.0,-0.0005307214461298,0.0056650665320905,0.94892775435361,discharge,0.9547384112389187,0.010067505867563163,3.8042570727540443,1
3.672962390595688,-1.0064709412533328,8.14010847182572,0.998,3.1893846153846157,382.0,-0.0005307214461303,0.0056650665320923,0.9487879667228803,discharge,0.954614527705389,0.010067366935618122,3.8042193968804514,1
3.672431669149558,-1.0064232772523702,8.14577353835781,0.998,3.188923076923077,383.0,-0.0005307214461303,0.0056650665320905,0.9486481857121508,discharge,0.9544906500386804,0.010067211225846239,3.8041813873579327,1
3.671900947703428,-1.0063756132514077,8.151438604889902,0.998,3.1884615384615387,384.0,-0.0005307214461298,0.0056650665320923,0.9485084113214216,discharge,0.9543667782387927,0.010067039571794303,3.8041430439867057,1
3.671370226257298,-1.0063279492504449,8.157103671421993,0.998,3.188,385.0,-0.0005307214461303,0.0056650665320905,0.9483686435506924,discharge,0.954242912305726,0.010066852765597288,3.804104366607809,1
3.6708944168542863,-1.0062447864434507,8.161835962569269,0.998,3.1875,386.0,-0.0004758094030115,0.0047322911472758,0.9482288873303528,discharge,0.9541190566089235,0.010066633923713644,3.8040660841364726,1
3.6704186074512744,-1.0061616236364568,8.166568253716544,0.998,3.1870000000000003,387.0,-0.0004758094030119,0.0047322911472758,0.9480891426604032,discharge,0.953995211148385,0.010066384637722784,3.80402748567394,1
3.669942798048263,-1.0060784608294626,8.17130054486382,0.998,3.1865,388.0,-0.0004758094030115,0.0047322911472758,0.9479494095408436,discharge,0.9538713759241108,0.010066106420132143,3.80398857037572,1
3.6694669886452513,-1.005995298022469,8.176032836011096,0.998,3.186,389.0,-0.0004758094030115,0.0047322911472758,0.947809687971674,discharge,0.9537475509361006,0.010065800708305596,3.8039493374718263,1
3.66899117924224,-1.0059121352154743,8.180765127158372,0.998,3.1855,390.0,-0.0004758094030115,0.0047322911472758,0.947669977952894,discharge,0.9536237361843546,0.01006546886819669,3.8039097862628375,1
3.668515369839228,-1.0058289724084806,8.185497418305648,0.998,3.185,391.0,-0.0004758094030119,0.0047322911472758,0.947530279484504,discharge,0.9534999316688727,0.010065112197896417,3.803869916116502,1
3.668039560436216,-1.0057458096014864,8.190229709452924,0.998,3.1845000000000003,392.0,-0.0004758094030115,0.0047322911472758,0.9473905925665036,discharge,0.9533761373896549,0.01006473193100473,3.8038297264642664,1
3.667563751033205,-1.0056626467944922,8.1949620006002,0.998,3.184,393.0,-0.0004758094030115,0.0047322911472758,0.9472509171988934,discharge,0.9532523533467012,0.010064329239834538,3.8037892167980627,1
3.667087941630193,-1.0055794839874983,8.199694291747475,0.998,3.1835,394.0,-0.0004758094030119,0.0047322911472758,0.9471112533816728,discharge,0.9531285795400117,0.01006390523845655,3.8037483866673782,1
3.6666121322271814,-1.005496321180504,8.204426582894751,0.998,3.1830000000000003,395.0,-0.0004758094030115,0.0047322911472758,0.9469716011148422,discharge,0.9530048159695863,0.010063460985592819,3.803707235676253,1
3.66613632282417,-1.0054131583735102,8.209158874042027,0.998,3.1825,396.0,-0.0004758094030115,0.0047322911472758,0.9468319603984016,discharge,0.952881062635425,0.010062997487366556,3.8036657634805446,1
3.6656605134211584,-1.005329995566516,8.213891165189303,0.998,3.182,397.0,-0.0004758094030115,0.0047322911472758,0.9466923312323506,discharge,0.9527573195375278,0.010062515699915306,3.8036239697853933,1
3.6651847040181464,-1.005246832759522,8.218623456336578,0.998,3.1815,398.0,-0.0004758094030119,0.0047322911472758,0.9465527136166896,discharge,0.9526335866758948,0.01006201653187431,3.803581854342631,1
3.664708894615135,-1.005163669952528,8.223355747483854,0.998,3.181,399.0,-0.0004758094030115,0.0047322911472758,0.9464131075514184,discharge,0.952509864050526,0.0100615008467365,3.8035394169485035,1
3.66421910539452,-1.0051243436969388,8.227241370684435,0.998,3.1805384615384615,400.0,-0.000489789220615,0.0038856232005812,0.9462735069481272,discharge,0.9523861462657096,0.01006099124373026,3.8034957569636276,1
3.663729316173904,-1.0050850174413497,8.231126993885017,0.998,3.180076923076923,401.0,-0.0004897892206154,0.0038856232005812,0.9461339118068158,discharge,0.9522624333214459,0.010060487420686465,3.8034517520348254,1
3.66323952695329,-1.0050456911857606,8.235012617085598,0.998,3.1796153846153845,402.0,-0.000489789220615,0.0038856232005812,0.9459943221274844,discharge,0.9521387252177347,0.010059989090448192,3.8034074030623284,1
3.662749737732674,-1.0050063649301713,8.23889824028618,0.998,3.179153846153846,403.0,-0.0004897892206154,0.0038856232005812,0.9458547379101332,discharge,0.9520150219545761,0.010059495980124889,3.8033627109314683,1
3.662259948512059,-1.004967038674582,8.24278386348676,0.998,3.1786923076923075,404.0,-0.000489789220615,0.0038856232005812,0.9457151591547616,discharge,0.95189132353197,0.010059007830383604,3.803317676513441,1
3.6617701592914433,-1.004927712418993,8.246669486687342,0.998,3.178230769230769,405.0,-0.0004897892206154,0.0038856232005812,0.94557558586137,discharge,0.9517676299499166,0.010058524394775422,3.803272300665929,1
3.661280370070828,-1.004888386163404,8.250555109887921,0.998,3.177769230769231,406.0,-0.000489789220615,0.0038856232005795,0.9454360180299584,discharge,0.9516439412084157,0.010058045439095366,3.8032265842338187,1
3.660790580850213,-1.0048490599078148,8.254440733088503,0.998,3.1773076923076924,407.0,-0.0004897892206154,0.0038856232005812,0.9452964556605268,discharge,0.9515202573074674,0.010057570740774107,3.8031805280496966,1
3.6603007916295978,-1.0048097336522257,8.258326356289084,0.998,3.176846153846154,408.0,-0.000489789220615,0.0038856232005812,0.9451568987530752,discharge,0.9513965782470716,0.010057100088299879,3.8031341329345407,1
3.6598110024089823,-1.0047704073966364,8.262211979489665,0.998,3.1763846153846154,409.0,-0.0004897892206154,0.0038856232005812,0.9450173473076032,discharge,0.9512729040272284,0.010056633280669127,3.803087399698253,1
3.6593212131883672,-1.0047310811410473,8.266097602690246,0.998,3.175923076923077,410.0,-0.000489789220615,0.0038856232005812,0.9448778013241116,discharge,0.9511492346479378,0.01005617012686445,3.803040329140068,1
3.658831423967752,-1.004691754885458,8.269983225890828,0.998,3.1754615384615383,411.0,-0.0004897892206154,0.0038856232005812,0.9447382608025996,discharge,0.9510255701091997,0.01005571044535846,3.8029929220492025,1
3.6583416347471367,-1.004652428629869,8.273868849091409,0.998,3.175,412.0,-0.000489789220615,0.0038856232005812,0.9445987257430678,discharge,0.9509019104110142,0.01005525406364232,3.8029451792052202,1
3.657881571414872,-1.0048383742864742,8.279921186435228,0.998,3.1744999999999997,413.0,-0.0004600633322651,0.006052337343819,0.9444591648577502,discharge,0.9507782278253275,0.010054912736133565,3.8028924729257083,1
3.6574215080826065,-1.0050243199430795,8.285973523779047,0.998,3.174,414.0,-0.0004600633322651,0.006052337343819,0.944319578146647,discharge,0.9506545223521394,0.010054680746772165,3.802839314746838,1
3.656961444750342,-1.0052102655996846,8.292025861122866,0.998,3.1735,415.0,-0.0004600633322651,0.006052337343819,0.944179965609758,discharge,0.95053079399145,0.010054552663480253,3.802785710482711,1
3.656501381418076,-1.00539621125629,8.298078198466687,0.998,3.173,416.0,-0.0004600633322655,0.0060523373438208,0.9440403272470836,discharge,0.9504070427432593,0.01005452332405347,3.8027316656776695,1
3.6560413180858102,-1.005582156912895,8.304130535810506,0.998,3.1725,417.0,-0.0004600633322651,0.006052337343819,0.9439006630586236,discharge,0.9502832686075673,0.010054587822753272,3.8026771856197583,1
3.6555812547535456,-1.0057681025695004,8.310182873154325,0.998,3.172,418.0,-0.0004600633322651,0.006052337343819,0.9437609730443778,discharge,0.950159471584374,0.010054741497565316,3.802622275353389,1
3.65512119142128,-1.0059540482261056,8.316235210498144,0.998,3.1715,419.0,-0.0004600633322651,0.006052337343819,0.9436212572043464,discharge,0.9500356516736793,0.010054979918090904,3.802566939691508,1
3.6546611280890153,-1.0061399938827107,8.322287547841963,0.998,3.171,420.0,-0.0004600633322651,0.006052337343819,0.9434815155385292,discharge,0.9499118088754833,0.010055298874039977,3.8025111832270913,1
3.65420106475675,-1.006325939539316,8.328339885185782,0.998,3.1705,421.0,-0.0004600633322651,0.006052337343819,0.9433417480469266,discharge,0.9497879431897861,0.010055694364295794,3.80245501034406,1
3.653741001424485,-1.0065118851959212,8.334392222529601,0.998,3.17,422.0,-0.0004600633322651,0.006052337343819,0.9432019547295384,discharge,0.9496640546165875,0.010056162586522905,3.802398425227687,1
3.653280938092219,-1.0066978308525265,8.340444559873422,0.998,3.1695,423.0,-0.0004600633322655,0.0060523373438208,0.9430621355863644,discharge,0.9495401431558876,0.010056699927291402,3.8023414318744653,1
3.6528208747599544,-1.0068837765091316,8.346496897217241,0.998,3.169,424.0,-0.0004600633322651,0.006052337343819,0.9429222906174048,discharge,0.9494162088076865,0.010057302952691824,3.802284034101541,1
3.6523608114276898,-1.007069722165737,8.35254923456106,0.998,3.1685000000000003,425.0,-0.0004600633322651,0.006052337343819,0.9427824198226596,discharge,0.949292251571984,0.01005796839941631,3.802226235555492,1
3.651900748095424,-1.007255667822342,8.35860157190488,0.998,3.168,426.0,-0.0004600633322651,0.006052337343819,0.9426425232021286,discharge,0.9491682714487802,0.010058693166282873,3.8021680397210007,1
3.651425623979778,-1.007209334462995,8.363568959846948,0.998,3.167615384615385,427.0,-0.0004751241156459,0.0049673879420684,0.9425026330167866,discharge,0.9490442970286127,0.01005935890659401,3.802114223417516,1
3.650950499864132,-1.0071630011036483,8.368536347789016,0.998,3.1672307692307693,428.0,-0.0004751241156464,0.0049673879420684,0.9423627492666332,discharge,0.9489203283114814,0.010059968552874676,3.8020601387419295,1
3.650475375748486,-1.0071166677443013,8.373503735731084,0.998,3.166846153846154,429.0,-0.0004751241156459,0.0049673879420684,0.9422228719516688,discharge,0.9487963652973864,0.010060524891957724,3.8020057835166,1
3.65000025163284,-1.0070703343849543,8.378471123673151,0.998,3.1664615384615384,430.0,-0.0004751241156459,0.0049673879420666,0.9420830010718932,discharge,0.9486724079863277,0.01006103057222211,3.801951155701667,1
3.6495251275171934,-1.0070240010256075,8.38343851161522,0.998,3.1660769230769232,431.0,-0.0004751241156464,0.0049673879420684,0.9419431366273062,discharge,0.9485484563783052,0.010061488110471478,3.8018962533882315,1
3.6490500034015474,-1.0069776676662603,8.388405899557288,0.998,3.1656923076923076,432.0,-0.0004751241156459,0.0049673879420684,0.941803278617908,discharge,0.948424510473319,0.010061899898471014,3.8018410747918616,1
3.6485748792859014,-1.0069313343069135,8.393373287499356,0.998,3.1653076923076924,433.0,-0.0004751241156459,0.0049673879420684,0.9416634270436988,discharge,0.948300570271369,0.010062268209159538,3.8017856182462704,1
3.6480997551702554,-1.0068850009475665,8.398340675441425,0.998,3.1649230769230767,434.0,-0.0004751241156459,0.0049673879420684,0.9415235819046784,discharge,0.9481766357724554,0.010062595202552971,3.8017298821974914,1
3.647624631054609,-1.0068386675882195,8.403308063383493,0.998,3.1645384615384615,435.0,-0.0004751241156464,0.0049673879420684,0.9413837432008466,discharge,0.948052706976578,0.010062882931354504,3.8016738651982713,1
3.647149506938963,-1.0067923342288727,8.40827545132556,0.998,3.164153846153846,436.0,-0.0004751241156459,0.0049673879420666,0.9412439109322036,discharge,0.9479287838837368,0.010063133346286059,3.801617565902718,1
3.646674382823317,-1.0067460008695257,8.413242839267628,0.998,3.1637692307692307,437.0,-0.0004751241156459,0.0049673879420684,0.9411040850987497,discharge,0.9478048664939319,0.010063348301154858,3.8015609830611985,1
3.6461992587076706,-1.006699667510179,8.418210227209697,0.998,3.163384615384615,438.0,-0.0004751241156464,0.0049673879420684,0.9409642657004844,discharge,0.9476809548071633,0.01006352955766829,3.8015041155156113,1
3.6457241345920246,-1.006653334150832,8.423177615151765,0.998,3.163,439.0,-0.0004751241156459,0.0049673879420684,0.940824452737408,discharge,0.947557048823431,0.010063678790009566,3.801446962194701,1
3.645259625516638,-1.006635637179487,8.427719522513234,0.998,3.1625384615384613,440.0,-0.0004645090753867,0.0045419073614692,0.940684642232244,discharge,0.9474331450179665,0.01006381181615927,3.801388933493489,1
3.64479511644125,-1.006617940208142,8.432261429874703,0.998,3.162076923076923,441.0,-0.0004645090753871,0.0045419073614692,0.9405448341849928,discharge,0.9473092433907699,0.010063929441264519,3.8013306019091178,1
3.644330607365864,-1.0066002432367969,8.436803337236173,0.998,3.1616153846153843,442.0,-0.0004645090753867,0.0045419073614692,0.9404050285956544,discharge,0.9471853439418413,0.010064032430471562,3.8012719672503685,1
3.6438660982904767,-1.0065825462654518,8.441345244597642,0.998,3.161153846153846,443.0,-0.0004645090753871,0.0045419073614692,0.9402652254642286,discharge,0.9470614466711805,0.010064121510913062,3.801213029363609,1
3.64340158921509,-1.0065648492941068,8.445887151959111,0.998,3.1606923076923077,444.0,-0.0004645090753867,0.0045419073614692,0.9401254247907156,discharge,0.9469375515787877,0.010064197373596685,3.8011537881307524,1
3.642937080139703,-1.0065471523227618,8.45042905932058,0.998,3.160230769230769,445.0,-0.0004645090753867,0.0045419073614692,0.9399856265751152,discharge,0.9468136586646627,0.010064260675199825,3.80109424346757,1
3.642472571064316,-1.0065294553514168,8.45497096668205,0.998,3.1597692307692307,446.0,-0.0004645090753871,0.0045419073614692,0.9398458308174276,discharge,0.9466897679288057,0.010064312039775194,3.8010343953218992,1
3.6420080619889297,-1.0065117583800718,8.459512874043519,0.998,3.159307692307692,447.0,-0.0004645090753867,0.0045419073614692,0.9397060375176524,discharge,0.9465658793712165,0.01006435206037166,3.8009742436721026,1
3.6415435529135425,-1.0064940614087268,8.464054781404988,0.998,3.1588461538461536,448.0,-0.0004645090753867,0.0045419073614692,0.9395662466757904,discharge,0.9464419929918952,0.010064381300574559,3.8009137885254214,1
3.6410790438381553,-1.0064763644373818,8.468596688766457,0.998,3.1583846153846156,449.0,-0.0004645090753871,0.0045419073614692,0.9394264582918406,discharge,0.9463181087908419,0.010064400295969493,3.800853029916657,1
3.640614534762769,-1.0064586674660367,8.473138596127926,0.998,3.157923076923077,450.0,-0.0004645090753867,0.0045419073614692,0.9392866723658037,discharge,0.9461942267680564,0.01006440955553339,3.8007919679066515,1
3.6401500256873818,-1.0064409704946915,8.477680503489395,0.998,3.1574615384615385,451.0,-0.0004645090753871,0.0045419073614692,0.9391468888976794,discharge,0.9460703469235389,0.010064409562956471,3.8007306025810443,1
3.6396855166119946,-1.0064232735233467,8.482222410850865,0.998,3.157,452.0,-0.0004645090753867,0.0045419073614692,0.9390071078874678,discharge,0.9459464692572892,0.01006440077789852,3.800668934048927,1
3.6392683587272057,-1.0064678579778552,8.487904541914384,0.998,3.1566428571428573,453.0,-0.0004171578847889,0.0056821310635193,0.9388673206849708,discharge,0.9458225861032707,0.01006441457949916,3.800605682003249,1
3.6388512008424168,-1.006512442432364,8.493586672977901,0.998,3.156285714285714,454.0,-0.0004171578847889,0.0056821310635175,0.9387275272901886,discharge,0.9456986974614836,0.010064449845620407,3.8005420937045193,1
3.638434042957628,-1.0065570268868724,8.49926880404142,0.998,3.1559285714285714,455.0,-0.0004171578847889,0.0056821310635193,0.9385877277031208,discharge,0.9455748033319277,0.01006450550987372,3.8004781707287094,1
3.6380168850728385,-1.006601611341381,8.504950935104938,0.998,3.1555714285714287,456.0,-0.0004171578847893,0.0056821310635175,0.938447921923768,discharge,0.945450903714603,0.010064580558850289,3.80041391459851,1
3.6375997271880496,-1.0066461957958894,8.510633066168458,0.998,3.155214285714286,457.0,-0.0004171578847889,0.0056821310635193,0.9383081099521297,discharge,0.9453269986095097,0.010064674029488924,3.800349326785913,1
3.6371825693032607,-1.0066907802503982,8.516315197231975,0.998,3.154857142857143,458.0,-0.0004171578847889,0.0056821310635175,0.938168291788206,discharge,0.9452030880166477,0.010064785006574716,3.8002844087147998,1
3.636765411418472,-1.0067353647049069,8.521997328295495,0.998,3.1545,459.0,-0.0004171578847889,0.0056821310635193,0.938028467431997,discharge,0.9450791719360169,0.01006491262036196,3.8002191617632137,1
3.636348253533683,-1.0067799491594152,8.527679459359014,0.998,3.154142857142858,460.0,-0.0004171578847889,0.0056821310635193,0.9378886368835028,discharge,0.9449552503676173,0.010065056044315176,3.800153587265727,1
3.635931095648894,-1.006824533613924,8.533361590422532,0.998,3.153785714285714,461.0,-0.0004171578847889,0.0056821310635175,0.9377488001427228,discharge,0.944831323311449,0.010065214492962372,3.800087686515464,1
3.635513937764105,-1.0068691180684324,8.53904372148605,0.998,3.1534285714285715,462.0,-0.0004171578847889,0.0056821310635193,0.937608957209658,discharge,0.944707390767512,0.010065387219854938,3.80002146076629,1
3.635096779879316,-1.0069137025229409,8.544725852549568,0.998,3.1530714285714287,463.0,-0.0004171578847893,0.0056821310635175,0.9374691080843074,discharge,0.9445834527358062,0.010065573515628923,3.799954911234644,1
3.6346796219945263,-1.0069582869774494,8.550407983613088,0.998,3.152714285714286,464.0,-0.0004171578847889,0.0056821310635193,0.9373292527666716,discharge,0.9444595092163317,0.0100657727061626,3.799888039101374,1
3.634262464109738,-1.007002871431958,8.556090114676605,0.998,3.152357142857143,465.0,-0.0004171578847889,0.0056821310635175,0.9371893912567506,discharge,0.9443355602090885,0.010065984150825592,3.799820845513567,1
3.633845306224949,-1.0070474558864666,8.561772245740125,0.998,3.152,466.0,-0.0004171578847889,0.0056821310635193,0.9370495235545442,discharge,0.9442116057140765,0.010066207240814968,3.799753331586169,1
3.633438026191074,-1.0069413136935352,8.565143766741567,0.9979846153846154,3.1515384615384616,467.0,-0.0004072800338748,0.0033715210014424,0.936909670594309,discharge,0.9440876642837933,0.010066366514387705,3.7996885978262083,1
3.6330307461572,-1.0068351715006036,8.568515287743008,0.9979692307692308,3.151076923076923,468.0,-0.0004072800338743,0.0033715210014406,0.9367698323760448,discharge,0.943963735918239,0.010066465142036017,3.799623627172476,1
3.632623466123325,-1.0067290293076725,8.57188680874445,0.9979538461538462,3.1506153846153846,469.0,-0.0004072800338748,0.0033715210014424,0.9366300088997522,discharge,0.9438398206174136,0.010066506136737456,3.7995584172533174,1
3.63221618608945,-1.006622887114741,8.575258329745893,0.9979384615384616,3.150153846153846,470.0,-0.0004072800338743,0.0033715210014424,0.9364902001654308,discharge,0.9437159183813169,0.010066492361780482,3.799492965846025,1
3.631808906055576,-1.006516744921809,8.578629850747333,0.9979230769230768,3.1496923076923076,471.0,-0.0004072800338748,0.0033715210014406,0.9363504061730804,discharge,0.943592029209949,0.010066426538201223,3.7994272708692787,1
3.6314016260217015,-1.006410602728878,8.582001371748776,0.9979076923076924,3.149230769230769,472.0,-0.0004072800338743,0.0033715210014424,0.9362106269227016,discharge,0.94346815310331,0.010066311251850785,3.799361330376141,1
3.630994345987826,-1.0063044605359466,8.585372892750218,0.9978923076923076,3.148769230769231,473.0,-0.0004072800338748,0.0033715210014424,0.9360708624142936,discharge,0.9433442900613997,0.010066148960111437,3.799295142547385,1
3.630587065953952,-1.0061983183430152,8.58874441375166,0.9978769230769232,3.1483076923076925,474.0,-0.0004072800338743,0.0033715210014424,0.9359311126478572,discharge,0.9432204400842183,0.010065941998279131,3.7992287056849974,1
3.6301797859200775,-1.0060921761500836,8.592115934753101,0.9978615384615384,3.147846153846154,475.0,-0.0004072800338748,0.0033715210014406,0.935791377623392,discharge,0.9430966031717658,0.010065692585628927,3.799162018206241,1
3.629772505886203,-1.0059860339571522,8.595487455754544,0.9978461538461538,3.147384615384615,476.0,-0.0004072800338743,0.0033715210014424,0.9356516573408978,discharge,0.9429727793240421,0.010065402831179073,3.7990950786377495,1
3.629365225852328,-1.0058798917642209,8.598858976755986,0.9978307692307692,3.146923076923077,477.0,-0.0004072800338748,0.0033715210014424,0.935511951800375,discharge,0.9428489685410472,0.010065074739168737,3.7990278856102,1
3.628957945818454,-1.0057737495712893,8.602230497757427,0.9978153846153848,3.1464615384615384,478.0,-0.0004072800338743,0.0033715210014406,0.9353722610018236,discharge,0.9427251708227811,0.01006471021426357,3.798960437853016,1
3.628550665784579,-1.005667607378358,8.60560201875887,0.9978,3.146,479.0,-0.0004072800338748,0.0033715210014424,0.9352325849452432,discharge,0.9426013861692438,0.010064311066502673,3.7988927341893977,1
3.628160991175477,-1.005661689058306,8.607738970478836,0.9978142857142858,3.145642857142857,480.0,-0.0003896746091021,0.0021369517199669,0.9350929097106516,discharge,0.9424776022441751,0.010063928808674606,3.798822712218573,1
3.627771316566375,-1.0056557707382543,8.609875922198803,0.9978285714285714,3.145285714285714,481.0,-0.0003896746091021,0.0021369517199669,0.9349532352980492,discharge,0.9423538190475749,0.01006356260166299,3.798752377800104,1
3.627381641957273,-1.0056498524182027,8.61201287391877,0.9978428571428573,3.1449285714285713,482.0,-0.0003896746091021,0.0021369517199669,0.9348135617074356,discharge,0.9422300365794432,0.010063211648039966,3.7986817322739723,1
3.6269919673481703,-1.005643934098151,8.614149825638737,0.9978571428571428,3.144571428571429,483.0,-0.0003896746091025,0.0021369517199669,0.9346738889388108,discharge,0.9421062548397799,0.010062875189995048,3.798610776940056,1
3.626602292739068,-1.005638015778099,8.616286777358704,0.9978714285714286,3.144214285714286,484.0,-0.0003896746091021,0.0021369517199669,0.9345342169921748,discharge,0.9419824738285854,0.010062552507366875,3.7985395130601476,1
3.626212618129966,-1.0056320974580475,8.618423729078671,0.9978857142857144,3.1438571428571427,485.0,-0.0003896746091021,0.0021369517199669,0.934394545867528,discharge,0.9418586935458593,0.010062242915772747,3.798467941859734,1
3.625822943520864,-1.0056261791379957,8.62056068079864,0.9979,3.1435,486.0,-0.0003896746091021,0.0021369517199687,0.93425487556487,discharge,0.9417349139916017,0.010061945764831088,3.79839606452985,1
3.625433268911762,-1.005620260817944,8.622697632518607,0.9979142857142858,3.1431428571428572,487.0,-0.0003896746091021,0.0021369517199669,0.9341152060842008,discharge,0.9416111351658126,0.01006166043647223,3.7983238822288037,1
3.62504359430266,-1.0056143424978925,8.624834584238574,0.9979285714285714,3.142785714285714,488.0,-0.0003896746091021,0.0021369517199669,0.9339755374255204,discharge,0.9414873570684921,0.010061386343333095,3.7982513960836193,1
3.6246539196935577,-1.0056084241778405,8.62697153595854,0.9979428571428572,3.1424285714285713,489.0,-0.0003896746091021,0.0021369517199669,0.9338358695888292,discharge,0.94136357969964,0.01006112292723166,3.798178607191766,1
3.624264245084455,-1.0056025058577889,8.629108487678508,0.9979571428571428,3.1420714285714286,490.0,-0.0003896746091025,0.0021369517199669,0.9336962025741268,discharge,0.9412398030592565,0.010060869657717195,3.7981055166224715,1
3.623874570475353,-1.0055965875377368,8.631245439398475,0.9979714285714286,3.141714285714286,491.0,-0.0003896746091021,0.0021369517199669,0.9335565363814132,discharge,0.9411160271473415,0.01006062603069253,3.798032125418122,1
3.623484895866251,-1.0055906692176853,8.633382391118442,0.9979857142857144,3.1413571428571427,492.0,-0.0003896746091021,0.0021369517199669,0.9334168710106884,discharge,0.9409922519638951,0.010060391567104776,3.797958434595618,1
3.623095221257149,-1.0055847508976334,8.635519342838409,0.998,3.141,493.0,-0.0003896746091021,0.0021369517199669,0.9332772064619526,discharge,0.9408684775089172,0.010060165811701086,3.797884445147594,1
3.6226929723955967,-1.005560899555324,8.63506413397882,0.998,3.140615384615385,494.0,-0.000402248861552,-0.0004552088595879,0.9331375452259032,discharge,0.9407447059897305,0.010059939422460475,3.7978105269467686,1
3.622290723534044,-1.0055370482130144,8.634608925119233,0.998,3.140230769230769,495.0,-0.0004022488615524,-0.0004552088595879,0.9329978873025404,discharge,0.940620937406335,0.01005971243087288,3.797736321853099,1
3.621888474672492,-1.005513196870705,8.634153716259643,0.998,3.139846153846154,496.0,-0.000402248861552,-0.0004552088595897,0.932858232691864,discharge,0.9404971717587308,0.01005948486686377,3.797661830388036,1
3.62148622581094,-1.0054893455283955,8.633698507400055,0.998,3.1394615384615383,497.0,-0.000402248861552,-0.0004552088595879,0.9327185813938738,discharge,0.9403734090469178,0.010059256758871883,3.7975870530739613,1
3.621083976949388,-1.005465494186086,8.633243298540467,0.998,3.139076923076923,498.0,-0.0004022488615524,-0.0004552088595879,0.93257893340857,discharge,0.940249649270896,0.010059028133923068,3.7975119904342045,1
3.620681728087835,-1.0054416428437765,8.63278808968088,0.998,3.138692307692308,499.0,-0.000402248861552,-0.0004552088595879,0.9324392887359528,discharge,0.9401258924306655,0.010058799017700498,3.79743664299279,1
3.620279479226283,-1.005417791501467,8.63233288082129,0.998,3.138307692307692,500.0,-0.000402248861552,-0.0004552088595897,0.9322996473760222,discharge,0.9400021385262262,0.010058569434611364,3.797361011274649,1
3.619877230364731,-1.0053939401591576,8.631877671961702,0.998,3.137923076923077,501.0,-0.000402248861552,-0.0004552088595879,0.9321600093287778,discharge,0.9398783875575781,0.010058339407850277,3.7972850958052886,1
3.619474981503179,-1.005370088816848,8.631422463102114,0.998,3.137538461538462,502.0,-0.0004022488615524,-0.0004552088595879,0.93202037459422,discharge,0.9397546395247213,0.010058108959459503,3.7972088971108753,1
3.619072732641627,-1.0053462374745386,8.630967254242526,0.998,3.137153846153846,503.0,-0.000402248861552,-0.0004552088595879,0.9318807431723486,discharge,0.9396308944276557,0.010057878110386215,3.797132415718181,1
3.618670483780075,-1.0053223861322291,8.630512045382936,0.998,3.136769230769231,504.0,-0.000402248861552,-0.0004552088595897,0.9317411150631636,discharge,0.9395071522663813,0.010057646880536904,3.797055652154397,1
3.6182682349185225,-1.0052985347899197,8.630056836523348,0.998,3.1363846153846153,505.0,-0.0004022488615524,-0.0004552088595879,0.9316014902666648,discharge,0.9393834130408981,0.010057415288829075,3.796978606947281,1
3.6178659860569704,-1.00527468344761,8.62960162766376,0.998,3.136,506.0,-0.000402248861552,-0.0004552088595879,0.9314618687828528,discharge,0.9392596767512063,0.010057183353240386,3.7969012806249745,1
3.6174627515550433,-1.00527222818638,8.616046704134,0.998,3.135615384615385,507.0,-0.0004032345019271,-0.0135549235297602,0.9313222476400492,discharge,0.9391359407637252,0.010056961720738986,3.7968232334945706,1
3.617059517053117,-1.0052697729251496,8.602491780604238,0.998,3.1352307692307693,508.0,-0.0004032345019266,-0.013554923529762,0.931182626838254,discharge,0.939012205078455,0.010056749879452546,3.7967448945165967,1
3.6166562825511894,-1.0052673176639195,8.588936857074478,0.998,3.134846153846154,509.0,-0.0004032345019271,-0.0135549235297602,0.9310430063774672,discharge,0.9388884696953956,0.010056547342939294,3.7966662647041143,1
3.6162530480492623,-1.0052648624026894,8.575381933544715,0.998,3.1344615384615384,510.0,-0.0004032345019266,-0.013554923529762,0.9309033862576892,discharge,0.9387647346145471,0.010056353648924592,3.796587345045539,1
3.615849813547336,-1.005262407141459,8.561827010014955,0.998,3.134076923076923,511.0,-0.0004032345019271,-0.0135549235297602,0.9307637664789196,discharge,0.9386409998359094,0.010056168358100276,3.7965081365058877,1
3.615446579045408,-1.005259951880229,8.548272086485195,0.998,3.1336923076923076,512.0,-0.0004032345019271,-0.0135549235297602,0.9306241470411584,discharge,0.9385172653594827,0.010055991052983649,3.796428640027864,1
3.6150433445434818,-1.0052574966189989,8.534717162955433,0.998,3.1333076923076923,513.0,-0.0004032345019266,-0.013554923529762,0.9304845279444056,discharge,0.9383935311852667,0.010055821336833163,3.796348856533003,1
3.6146401100415546,-1.0052550413577688,8.521162239425673,0.998,3.1329230769230767,514.0,-0.0004032345019271,-0.0135549235297602,0.9303449091886616,discharge,0.9382697973132615,0.010055658832617964,3.7962687869226706,1
3.614236875539627,-1.0052525860965384,8.507607315895912,0.998,3.1325384615384615,515.0,-0.0004032345019271,-0.0135549235297602,0.930205290773926,discharge,0.9381460637434673,0.01005550318203864,3.7961884320790347,1
3.6138336410377008,-1.0052501308353083,8.49405239236615,0.998,3.132153846153846,516.0,-0.0004032345019266,-0.013554923529762,0.9300656727001988,discharge,0.9380223304758839,0.010055354044596612,3.796107792866022,1
3.6134304065357736,-1.0052476755740782,8.48049746883639,0.998,3.13176923076923,517.0,-0.0004032345019271,-0.0135549235297602,0.9299260549674802,discharge,0.9378985975105113,0.010055211096709763,3.7960268701301554,1
3.613027172033847,-1.005245220312848,8.466942545306628,0.998,3.131384615384615,518.0,-0.0004032345019266,-0.013554923529762,0.92978643757577,discharge,0.9377748648473495,0.010055074030872009,3.7959456647014713,1
3.61262393753192,-1.0052427650516178,8.453387621776868,0.998,3.131,519.0,-0.0004032345019271,-0.0135549235297602,0.9296468205250684,discharge,0.9376511324863986,0.010054942554854613,3.795864177394238,1
3.612236142721088,-1.0051878952301314,8.440182598420098,0.998,3.130642857142857,520.0,-0.0003877948108321,-0.0132050233567699,0.9295072110951754,discharge,0.9375274068792119,0.010054790350632833,3.7957834876191443,1
3.611848347910256,-1.005133025408645,8.42697757506333,0.998,3.130285714285714,521.0,-0.0003877948108317,-0.0132050233567682,0.9293676092860907,discharge,0.9374036880257893,0.01005461844801395,3.7957025466193626,1
3.611460553099424,-1.0050781555871586,8.41377255170656,0.998,3.129928571428571,522.0,-0.0003877948108321,-0.0132050233567699,0.9292280150978148,discharge,0.9372799759261309,0.010054427825642927,3.795621353979814,1
3.611072758288591,-1.0050232857656722,8.40056752834979,0.998,3.1295714285714284,523.0,-0.0003877948108321,-0.0132050233567699,0.9290884285303472,discharge,0.9371562705802366,0.010054219413544221,3.795539909333438,1
3.6106849634777594,-1.0049684159441858,8.387362504993021,0.998,3.1292142857142857,524.0,-0.0003877948108321,-0.0132050233567682,0.9289488495836884,discharge,0.9370325719881065,0.010053994095537326,3.7954582123587337,1
3.610297168666928,-1.0049135461226997,8.374157481636251,0.998,3.1288571428571426,525.0,-0.0003877948108317,-0.0132050233567699,0.928809278257838,discharge,0.9369088801497406,0.010053752711532301,3.7953762627775527,1
3.609909373856095,-1.004858676301213,8.360952458279483,0.998,3.1285,526.0,-0.0003877948108321,-0.0132050233567682,0.9286697145527962,discharge,0.9367851950651388,0.010053496059711254,3.795294060352785,1
3.6095215790452633,-1.004803806479727,8.347747434922713,0.998,3.128142857142857,527.0,-0.0003877948108321,-0.0132050233567699,0.928530158468563,discharge,0.9366615167343012,0.010053224898601444,3.795211604886396,1
3.609133784234431,-1.0047489366582405,8.334542411565943,0.998,3.127785714285714,528.0,-0.0003877948108317,-0.0132050233567699,0.9283906100051382,discharge,0.9365378451572277,0.010052939949045402,3.795128896217432,1
3.6087459894235994,-1.004694066836754,8.321337388209175,0.998,3.1274285714285712,529.0,-0.0003877948108321,-0.0132050233567682,0.928251069162522,discharge,0.9364141803339184,0.010052641896073147,3.795045934220102,1
3.608358194612767,-1.0046391970152675,8.308132364852405,0.998,3.1270714285714285,530.0,-0.0003877948108321,-0.0132050233567699,0.9281115359407144,discharge,0.9362905222643733,0.010052331390681419,3.7949627188020627,1
3.607970399801935,-1.004584327193781,8.294927341495635,0.998,3.126714285714286,531.0,-0.0003877948108321,-0.0132050233567699,0.9279720103397152,discharge,0.9361668709485923,0.010052009051524494,3.7948792499026776,1
3.6075826049911033,-1.0045294573722947,8.281722318138867,0.998,3.1263571428571426,532.0,-0.0003877948108317,-0.0132050233567682,0.9278324923595246,discharge,0.9360432263865754,0.010051675466521,3.7947955274914458,1
3.607194810180271,-1.0044745875508083,8.268517294782097,0.998,3.126,533.0,-0.0003877948108321,-0.0132050233567699,0.9276929820001424,discharge,0.9359195885783228,0.010051331194380921,3.794711551566486,1
3.606763747588095,-1.004649189590633,8.258590202941381,0.998,3.125538461538462,534.0,-0.0004310625921761,-0.0099270918407157,0.9275534473904772,discharge,0.935795929278821,0.010051090771008284,3.7946225991052733,1
3.6063326849959183,-1.0048237916304583,8.248663111100665,0.998,3.125076923076923,535.0,-0.0004310625921761,-0.0099270918407157,0.9274138885305284,discharge,0.9356722484880703,0.01005094903704558,3.794533265076578,1
3.6059016224037426,-1.0049983936702835,8.23873601925995,0.998,3.1246153846153844,536.0,-0.0004310625921761,-0.0099270918407157,0.9272743054202964,discharge,0.9355485462060705,0.010050901089459675,3.7944435547557074,1
3.6054705598115664,-1.0051729957101083,8.228808927419234,0.998,3.1241538461538463,537.0,-0.0004310625921761,-0.0099270918407157,0.9271346980597812,discharge,0.9354248224328217,0.010050942268807234,3.794353473174376,1
3.60503949721939,-1.0053475977499338,8.218881835578518,0.998,3.123692307692308,538.0,-0.0004310625921761,-0.0099270918407157,0.9269950664489826,discharge,0.9353010771683238,0.01005106814713283,3.794263025132949,1
3.604608434627214,-1.0055221997897588,8.208954743737802,0.998,3.1232307692307693,539.0,-0.0004310625921761,-0.0099270918407157,0.9268554105879008,discharge,0.9351773104125768,0.01005127451646829,3.7941722152117983,1
3.604177372035038,-1.0056968018295838,8.199027651897087,0.998,3.1227692307692307,540.0,-0.0004310625921761,-0.0099270918407157,0.9267157304765354,discharge,0.9350535221655808,0.010051557377903413,3.7940810477823814,1
3.6037463094428617,-1.0058714038694088,8.18910056005637,0.998,3.122307692307692,541.0,-0.0004310625921761,-0.0099270918407157,0.926576026114887,discharge,0.9349297124273358,0.010051912931199652,3.7939895270174686,1
3.6033152468506855,-1.006046005909234,8.179173468215655,0.998,3.1218461538461537,542.0,-0.0004310625921761,-0.0099270918407157,0.9264362975029552,discharge,0.9348058811978417,0.010052337564919833,3.7938976569011302,1
3.6028841842585098,-1.006220607949059,8.16924637637494,0.998,3.1213846153846156,543.0,-0.0004310625921761,-0.0099270918407157,0.92629654464074,discharge,0.9346820284770986,0.010052827847048222,3.793805441238117,1
3.602453121666333,-1.006395209988884,8.159319284534224,0.998,3.120923076923077,544.0,-0.0004310625921761,-0.0099270918407157,0.9261567675282416,discharge,0.9345581542651065,0.010053380516076607,3.7937128836626632,1
3.602022059074157,-1.0065698120287092,8.149392192693508,0.998,3.1204615384615386,545.0,-0.0004310625921761,-0.0099270918407157,0.9260169661654596,discharge,0.9344342585618652,0.010053992472533243,3.7936199876470735,1
3.6015909964819808,-1.0067444140685342,8.139465100852792,0.998,3.12,546.0,-0.0004310625921761,-0.0099270918407157,0.9258771405523948,discharge,0.934310341367375,0.010054660770932634,3.7935267565097206,1
3.601216524823127,-1.0066217884356752,8.1294371942663,0.998,3.1196428571428574,547.0,-0.0003744716588536,-0.0100279065864921,0.9257373319706674,discharge,0.9341864392665115,0.010055234945103122,3.7934393120565013,1
3.600842053164274,-1.006499162802816,8.119409287679806,0.998,3.119285714285714,548.0,-0.0003744716588531,-0.0100279065864938,0.9255975404202782,discharge,0.9340625522592747,0.010055719671273024,3.793351705662916,1
3.6004675815054203,-1.006376537169957,8.109381381093314,0.998,3.1189285714285715,549.0,-0.0003744716588536,-0.0100279065864921,0.9254577659012267,discharge,0.9339386803456646,0.010056119393348847,3.7932639334894303,1
3.6000931098465667,-1.0062539115370976,8.099353474506822,0.998,3.1185714285714288,550.0,-0.0003744716588536,-0.0100279065864921,0.9253180084135132,discharge,0.9338148235256812,0.01005643833445737,3.793175991916447,1
3.599718638187713,-1.0061312859042386,8.089325567920328,0.998,3.118214285714286,551.0,-0.0003744716588536,-0.0100279065864938,0.9251782679571378,discharge,0.9336909817993246,0.010056680507914306,3.793087877533366,1
3.59934416652886,-1.0060086602713794,8.079297661333836,0.998,3.117857142857143,552.0,-0.0003744716588531,-0.0100279065864921,0.9250385445321,discharge,0.9335671551665947,0.010056849727648018,3.7929995871281306,1
3.5989696948700063,-1.0058860346385203,8.069269754747344,0.998,3.1175,553.0,-0.0003744716588536,-0.0100279065864921,0.9248988381384002,discharge,0.9334433436274916,0.01005694961810537,3.7929111176773667,1
3.5985952232111527,-1.0057634090056613,8.05924184816085,0.998,3.1171428571428574,554.0,-0.0003744716588536,-0.0100279065864938,0.9247591487760384,discharge,0.9333195471820152,0.010056983623665442,3.7928224663369012,1
3.5982207515522995,-1.005640783372802,8.049213941574358,0.998,3.1167857142857143,555.0,-0.0003744716588531,-0.0100279065864921,0.9246194764450144,discharge,0.9331957658301655,0.010056955017585571,3.792733630432925,1
3.597846279893446,-1.005518157739943,8.039186034987866,0.998,3.1164285714285715,556.0,-0.0003744716588536,-0.0100279065864921,0.9244798211453282,discharge,0.9330719995719425,0.01005686691050291,3.7926446074533473,1
3.597471808234592,-1.0053955321070838,8.029158128401372,0.998,3.116071428571429,557.0,-0.0003744716588536,-0.0100279065864938,0.92434018287698,discharge,0.9329482484073462,0.010056722258513645,3.792555395039891,1
3.5970973365757386,-1.0052729064742247,8.01913022181488,0.998,3.115714285714286,558.0,-0.0003744716588536,-0.0100279065864921,0.9242005616399698,discharge,0.9328245123363768,0.010056523870850813,3.792465990980229,1
3.5967228649168854,-1.0051502808413657,8.009102315228388,0.998,3.115357142857143,559.0,-0.0003744716588531,-0.0100279065864921,0.9240609574342972,discharge,0.9327007913590339,0.010056274417180676,3.792376393200832,1
3.596348393258032,-1.0050276552085065,7.999074408641895,0.998,3.115,560.0,-0.0003744716588536,-0.0100279065864929,0.9239213702599628,discharge,0.9325770854753179,0.010055976434536602,3.7922865997599815,1
3.5959121027565337,-1.005177729556134,7.995596499446495,0.998,3.1145384615384617,561.0,-0.000436290501498,-0.0034779091954,0.923781762241969,discharge,0.9324533611193939,0.010055767815217106,3.7921909941460483,1
3.5954758122550357,-1.0053278039037614,7.992118590251095,0.998,3.114076923076923,562.0,-0.000436290501498,-0.0034779091954,0.9236421333803156,discharge,0.932329618291262,0.010055644119522507,3.7920950351851133,1
3.5950395217535376,-1.005477878251389,7.988640681055695,0.998,3.1136153846153847,563.0,-0.000436290501498,-0.0034779091954,0.9235024836750028,discharge,0.9322058569909223,0.01005560112832385,3.7919987274830467,1
3.594603231252039,-1.0056279525990164,7.985162771860295,0.998,3.113153846153846,564.0,-0.0004362905014985,-0.0034779091954,0.9233628131260307,discharge,0.9320820772183747,0.010055634832104633,3.791902075436111,1
3.594166940750541,-1.005778026946644,7.981684862664895,0.998,3.1126923076923076,565.0,-0.000436290501498,-0.0034779091954,0.9232231217333992,discharge,0.931958278973619,0.01005574142054695,3.791805083241374,1
3.593730650249043,-1.0059281012942711,7.978206953469495,0.998,3.112230769230769,566.0,-0.000436290501498,-0.0034779091954,0.9230834094971084,discharge,0.9318344622566556,0.01005591727263502,3.7917077549065348,1
3.593294359747545,-1.0060781756418986,7.974729044274095,0.998,3.111769230769231,567.0,-0.000436290501498,-0.0034779091954,0.9229436764171582,discharge,0.9317106270674842,0.010056158947250387,3.791610094259454,1
3.592858069246047,-1.006228249989526,7.9712511350786945,0.998,3.111307692307693,568.0,-0.000436290501498,-0.0034779091954,0.9228039224935486,discharge,0.931586773406105,0.010056463174234347,3.7915121049569938,1
3.5924217787445487,-1.0063783243371536,7.9677732258832945,0.998,3.110846153846154,569.0,-0.000436290501498,-0.0034779091954,0.9226641477262796,discharge,0.9314629012725177,0.010056826845894436,3.791413790493532,1
3.59198548824305,-1.006528398684781,7.9642953166878945,0.998,3.1103846153846155,570.0,-0.0004362905014985,-0.0034779091954,0.9225243521153512,discharge,0.9313390106667226,0.010057247008932853,3.7913151542090606,1
3.591549197741552,-1.0066784730324083,7.9608174074924944,0.998,3.109923076923077,571.0,-0.000436290501498,-0.0034779091954,0.9223845356607632,discharge,0.9312151015887197,0.010057720856775924,3.791216199296806,1
3.591112907240054,-1.006828547380036,7.957339498297094,0.998,3.1094615384615385,572.0,-0.000436290501498,-0.0034779091954,0.922244698362516,discharge,0.9310911740385087,0.01005824572228463,3.7911169288105935,1
3.590676616738556,-1.0069786217276635,7.953861589101694,0.998,3.109,573.0,-0.000436290501498,-0.0034779091954,0.9221048402206092,discharge,0.9309672280160899,0.010058819070827289,3.7910173456716683,1
3.5902757799380467,-1.0067619127689342,7.945203128630395,0.998,3.108615384615385,574.0,-0.0004008368005092,-0.0086584604712998,0.9219650121771692,discharge,0.9308433086677363,0.010059256270425804,3.7909250056712036,1
3.5898749431375374,-1.006545203810205,7.936544668159095,0.998,3.108230769230769,575.0,-0.0004008368005092,-0.0086584604712998,0.9218252142321957,discharge,0.930719415993448,0.010059564085157346,3.790832567037343,1
3.589474106337028,-1.006328494851476,7.927886207687795,0.998,3.107846153846154,576.0,-0.0004008368005092,-0.0086584604712998,0.9216854463856884,discharge,0.9305955499932249,0.010059748943049915,3.7907400239992484,1
3.589073269536519,-1.0061117858927466,7.919227747216496,0.998,3.1074615384615383,577.0,-0.0004008368005092,-0.0086584604712989,0.9215457086376478,discharge,0.9304717106670671,0.010059816952777743,3.7906473711043547,1
3.5886724327360096,-1.0058950769340174,7.910569286745196,0.998,3.107076923076923,578.0,-0.0004008368005092,-0.0086584604712998,0.9214060009880736,discharge,0.9303478980149745,0.010059773919527268,3.7905546032024886,1
3.5882715959355003,-1.005678367975288,7.901910826273896,0.998,3.106692307692308,579.0,-0.0004008368005092,-0.0086584604712998,0.921266323436966,discharge,0.9302241120369472,0.010059625360074834,3.7904617154307396,1
3.5878707591349905,-1.005461659016559,7.893252365802597,0.998,3.106307692307692,580.0,-0.0004008368005097,-0.0086584604712998,0.9211266759843248,discharge,0.9301003527329851,0.010059376517115328,3.7903687031991757,1
3.5874699223344813,-1.0052449500578298,7.884593905331297,0.998,3.105923076923077,581.0,-0.0004008368005092,-0.0086584604712998,0.92098705863015,discharge,0.9299766201030882,0.010059032372878947,3.7902755621772126,1
3.587069085533972,-1.0050282410991005,7.875935444859997,0.998,3.105538461538462,582.0,-0.0004008368005092,-0.0086584604712998,0.920847471374442,discharge,0.9298529141472567,0.010058597662071461,3.790182288280698,1
3.5866682487334627,-1.0048115321403712,7.867276984388698,0.998,3.105153846153846,583.0,-0.0004008368005092,-0.0086584604712989,0.9207079142172,discharge,0.9297292348654903,0.01005807688417158,3.7900888776596124,1
3.5862674119329534,-1.0045948231816422,7.858618523917398,0.998,3.104769230769231,584.0,-0.0004008368005092,-0.0086584604712998,0.9205683871584248,discharge,0.9296055822577892,0.010057474315117387,3.789995326686326,1
3.585866575132444,-1.004378114222913,7.849960063446098,0.998,3.1043846153846153,585.0,-0.0004008368005092,-0.0086584604712998,0.920428890198116,discharge,0.9294819563241533,0.010056794018412151,3.789901631944575,1
3.585465738331935,-1.0041614052641836,7.841301602974799,0.998,3.104,586.0,-0.0004008368005092,-0.0086584604712998,0.920289423336274,discharge,0.9293583570645827,0.0100560398556784,3.7898077902188625,1
3.5850642631368768,-1.0043670959479212,7.831574245202175,0.998,3.1035714285714286,587.0,-0.000401475195058,-0.0097273577726237,0.9201499279062813,discharge,0.9292347324871537,0.010055425350961315,3.7897050988701007,1
3.584662787941819,-1.0045727866316585,7.821846887429551,0.998,3.103142857142857,588.0,-0.0004014751950576,-0.0097273577726237,0.9200104039081378,discharge,0.9291110825918664,0.010054943565847907,3.7896020131694375,1
3.584261312746761,-1.004778477315396,7.812119529656927,0.998,3.1027142857142858,589.0,-0.000401475195058,-0.0097273577726237,0.919870851341844,discharge,0.9289874073787208,0.01005458790663562,3.789498540050665,1
3.583859837551703,-1.0049841679991334,7.802392171884304,0.998,3.1022857142857143,590.0,-0.000401475195058,-0.0097273577726229,0.9197312702073998,discharge,0.9288637068477168,0.010054352107206607,3.789394686120083,1
3.5834583623566454,-1.005189858682871,7.79266481411168,0.998,3.101857142857143,591.0,-0.0004014751950576,-0.0097273577726237,0.9195916605048048,discharge,0.9287399809988545,0.010054230212752856,3.789290457672832,1
3.5830568871615873,-1.0053955493666082,7.782937456339057,0.998,3.101428571428571,592.0,-0.000401475195058,-0.0097273577726237,0.9194520222340596,discharge,0.9286162298321338,0.01005421656430986,3.7891858607083426,1
3.5826554119665297,-1.0056012400503458,7.773210098566433,0.998,3.101,593.0,-0.0004014751950576,-0.0097273577726237,0.9193123553951636,discharge,0.9284924533475548,0.010054305784058682,3.7890809009450166,1
3.5822539367714716,-1.0058069307340831,7.763482740793809,0.998,3.1005714285714285,594.0,-0.000401475195058,-0.0097273577726237,0.9191726599881171,discharge,0.9283686515451175,0.010054492761358232,3.788975583834247,1
3.5818524615764136,-1.0060126214178209,7.753755383021185,0.998,3.100142857142857,595.0,-0.000401475195058,-0.0097273577726237,0.9190329360129204,discharge,0.9282448244248218,0.010054772639471493,3.7888699145736155,1
3.581450986381356,-1.0062183121015582,7.744028025248562,0.998,3.0997142857142856,596.0,-0.0004014751950576,-0.0097273577726237,0.9188931834695728,discharge,0.9281209719866678,0.010055140802951192,3.7887638981195675,1
3.581049511186298,-1.0064240027852955,7.734300667475939,0.998,3.099285714285714,597.0,-0.000401475195058,-0.0097273577726229,0.9187534023580748,discharge,0.9279970942306554,0.010055592865652174,3.7886575391993564,1
3.58064803599124,-1.006629693469033,7.724573309703315,0.998,3.0988571428571428,598.0,-0.000401475195058,-0.0097273577726237,0.9186135926784263,discharge,0.9278731911567847,0.010056124659339341,3.7885508423225063,1
3.580246560796182,-1.0068353841527704,7.714845951930691,0.998,3.0984285714285713,599.0,-0.0004014751950576,-0.0097273577726237,0.9184737544306276,discharge,0.9277492627650556,0.01005673222286157,3.788443811791523,1
3.579845085601124,-1.007041074836508,7.705118594158067,0.998,3.098,600.0,-0.000401475195058,-0.0097273577726237,0.918333887614678,discharge,0.9276253090554683,0.010057411791863471,3.7883364517122877,1
3.579417934855901,-1.0069848215899768,7.70088393307062,0.998,3.0976153846153847,601.0,-0.0004271507452231,-0.0042346610874473,0.9181940286116792,discharge,0.9275013622699267,0.010058029651461523,3.788234161790939,1
3.578990784110678,-1.0069285683434457,7.696649271983173,0.998,3.097230769230769,602.0,-0.0004271507452231,-0.0042346610874473,0.9180541774216316,discharge,0.927377422408431,0.010058588867468486,3.7881317006085546,1
3.5785636333654547,-1.0068723150969143,7.6924146108957245,0.998,3.096846153846154,603.0,-0.0004271507452231,-0.0042346610874481,0.9179143340445348,discharge,0.9272534894709812,0.010059092353383087,3.7880290657766054,1
3.5781364826202315,-1.0068160618503834,7.688179949808277,0.998,3.096461538461538,604.0,-0.0004271507452231,-0.0042346610874473,0.917774498480389,discharge,0.9271295634575772,0.010059542877957208,3.7879262550506536,1
3.5777093318750084,-1.0067598086038525,7.68394528872083,0.998,3.096076923076923,605.0,-0.0004271507452231,-0.0042346610874473,0.917634670729194,discharge,0.9270056443682192,0.01005994307238712,3.787823266323238,1
3.5772821811297852,-1.0067035553573211,7.679710627633383,0.998,3.0956923076923077,606.0,-0.0004271507452231,-0.0042346610874473,0.91749485079095,discharge,0.9268817322029069,0.010060295437147444,3.787720097616987,1
3.5768550303845625,-1.0066473021107902,7.6754759665459344,0.998,3.095307692307692,607.0,-0.0004271507452227,-0.0042346610874481,0.9173550386656568,discharge,0.9267578269616406,0.010060602348485591,3.787616747078219,1
3.5764278796393394,-1.006591048864259,7.671241305458487,0.998,3.094923076923077,608.0,-0.0004271507452231,-0.0042346610874473,0.9172152343533144,discharge,0.9266339286444201,0.010060866064593553,3.7875132129706417,1
3.576000728894116,-1.006534795617728,7.66700664437104,0.998,3.0945384615384617,609.0,-0.0004271507452231,-0.0042346610874473,0.9170754378539232,discharge,0.9265100372512454,0.010061088731473064,3.7874094936696037,1
3.575573578148893,-1.0064785423711968,7.662771983283592,0.998,3.094153846153846,610.0,-0.0004271507452231,-0.0042346610874473,0.9169356491674828,discharge,0.9263861527821166,0.010061272388509379,3.787305587656427,1
3.57514642740367,-1.0064222891246657,7.658537322196144,0.998,3.093769230769231,611.0,-0.0004271507452231,-0.0042346610874481,0.9167958682939932,discharge,0.9262622752370336,0.01006141897376813,3.7872014935132174,1
3.574719276658447,-1.0063660358781346,7.654302661108697,0.998,3.093384615384615,612.0,-0.0004271507452231,-0.0042346610874473,0.9166560952334544,discharge,0.9261384046159965,0.01006153032902904,3.7870972099176865,1
3.5742921259132237,-1.0063097826316034,7.65006800002125,0.998,3.093,613.0,-0.0004271507452231,-0.0042346610874473,0.9165163299858669,discharge,0.9260145409190053,0.010061608204569536,3.786992735638499,1
3.5739139701007785,-1.0063528736592915,7.640324680193266,0.998,3.0926428571428572,614.0,-0.0003781558124451,-0.0097433198279839,0.9163765587534142,discharge,0.9258906719180667,0.010061703619388181,3.7868860228383467,1
3.5735358142883333,-1.00639596468698,7.630581360365282,0.998,3.092285714285714,615.0,-0.0003781558124451,-0.0097433198279839,0.9162367815360966,discharge,0.925766797613181,0.010061815702108175,3.7867790597240294,1
3.573157658475888,-1.006439055714668,7.620838040537298,0.998,3.0919285714285714,616.0,-0.0003781558124451,-0.0097433198279839,0.916096998333914,discharge,0.9256429180043481,0.010061943624643986,3.786671847573287,1
3.572779502663443,-1.0064821467423564,7.611094720709314,0.998,3.0915714285714286,617.0,-0.0003781558124451,-0.0097433198279839,0.9159572091468664,discharge,0.9255190330915679,0.010062086600050571,3.786564387622411,1
3.572401346850998,-1.0065252377700449,7.60135140088133,0.998,3.091214285714286,618.0,-0.0003781558124451,-0.0097433198279839,0.915817413974954,discharge,0.9253951428748405,0.01006224388047946,3.7864566810682962,1
3.5720231910385527,-1.006568328797733,7.591608081053346,0.998,3.0908571428571427,619.0,-0.0003781558124451,-0.0097433198279839,0.9156776128181764,discharge,0.9252712473541658,0.01006241475523638,3.786348729070337,1
3.5716450352261075,-1.006611419825421,7.581864761225363,0.998,3.0905,620.0,-0.0003781558124451,-0.009743319827983,0.915537805676534,discharge,0.9251473465295439,0.010062598548935386,3.786240532752352,1
3.571266879413662,-1.0066545108531093,7.572121441397379,0.998,3.0901428571428573,621.0,-0.0003781558124456,-0.0097433198279839,0.9153979925500266,discharge,0.9250234404009747,0.010062794619744677,3.786132093204264,1
3.570888723601217,-1.0066976018807976,7.562378121569395,0.998,3.089785714285714,622.0,-0.0003781558124451,-0.0097433198279839,0.9152581734386545,discharge,0.9248995289684583,0.010063002357719597,3.786023411483787,1
3.5705105677887716,-1.006740692908486,7.552634801741411,0.998,3.0894285714285714,623.0,-0.0003781558124451,-0.0097433198279839,0.915118348342417,discharge,0.9247756122319947,0.010063221183218422,3.785914488618035,1
3.5701324119763265,-1.0067837839361742,7.542891481913427,0.998,3.0890714285714287,624.0,-0.0003781558124451,-0.0097433198279839,0.9149785172613148,discharge,0.9246516901915838,0.01006345054539687,3.785805325605034,1
3.5697542561638813,-1.0068268749638625,7.5331481620854435,0.998,3.088714285714286,625.0,-0.0003781558124451,-0.0097433198279839,0.9148386801953476,discharge,0.9245277628472256,0.010063689920777401,3.7856959234150986,1
3.569376100351436,-1.0068699659915503,7.5234048422574595,0.998,3.088357142857143,626.0,-0.0003781558124451,-0.0097433198279839,0.9146988371445154,discharge,0.9244038301989203,0.010063938811889606,3.7855862829922144,1
3.568997944538991,-1.0069130570192388,7.513661522429476,0.998,3.088,627.0,-0.0003781558124451,-0.0097433198279839,0.9145589881088184,discharge,0.9242798922466676,0.010064196745978117,3.7854764052553955,1
3.5685400270725474,-1.006867126051,7.507867009913445,0.998,3.0875384615384616,628.0,-0.0004579174664436,-0.0057945125160303,0.9144191454524224,discharge,0.9241559599479221,0.010064419046354986,3.7853681254120994,1
3.568082109606104,-1.006821195082761,7.502072497397414,0.998,3.087076923076923,629.0,-0.0004579174664431,-0.0057945125160312,0.9142793091753276,discharge,0.9240320333026837,0.010064607483354727,3.7852596617566854,1
3.5676241921396605,-1.0067752641145222,7.496277984881384,0.998,3.0866153846153845,630.0,-0.0004579174664436,-0.0057945125160303,0.9141394792775338,discharge,0.9239081123109525,0.010064763739359071,3.7851510131108026,1
3.567166274673217,-1.0067293331462832,7.490483472365352,0.998,3.086153846153846,631.0,-0.0004579174664436,-0.0057945125160312,0.9139996557590412,discharge,0.9237841969727284,0.010064889413166583,3.785042178379112,1
3.5667083572067737,-1.0066834021780444,7.484688959849322,0.998,3.0856923076923075,632.0,-0.0004579174664431,-0.0057945125160303,0.91385983861985,discharge,0.9236602872880114,0.01006498602414519,3.7849331565451823,1
3.56625043974033,-1.0066374712098054,7.478894447333291,0.998,3.085230769230769,633.0,-0.0004579174664436,-0.0057945125160312,0.9137200278599596,discharge,0.9235363832568015,0.010065055016178421,3.7848239466674634,1
3.5657925222738864,-1.0065915402415666,7.47309993481726,0.998,3.084769230769231,634.0,-0.0004579174664436,-0.0057945125160303,0.9135802234793704,discharge,0.9234124848790989,0.01006509776141557,3.784714547875583,1
3.565334604807443,-1.0065456092733276,7.467305422301229,0.998,3.0843076923076924,635.0,-0.0004579174664436,-0.0057945125160312,0.9134404254780826,discharge,0.9232885921549033,0.010065115563835565,3.7846049593668005,1
3.5648766873409996,-1.0064996783050888,7.461510909785199,0.998,3.083846153846154,636.0,-0.0004579174664431,-0.0057945125160303,0.9133006338560956,discharge,0.9231647050842149,0.010065109662633766,3.784495180402583,1
3.564418769874556,-1.0064537473368498,7.455716397269168,0.998,3.0833846153846154,637.0,-0.0004579174664436,-0.0057945125160312,0.91316084861341,discharge,0.9230408236670335,0.010065081235440514,3.784385210305391,1
3.5639608524081123,-1.006407816368611,7.449921884753137,0.998,3.082923076923077,638.0,-0.0004579174664436,-0.0057945125160303,0.9130210697500256,discharge,0.9229169479033593,0.01006503140137976,3.7842750484556418,1
3.563502934941669,-1.006361885400372,7.444127372237106,0.998,3.0824615384615384,639.0,-0.0004579174664431,-0.0057945125160312,0.912881297265942,discharge,0.9227930777931923,0.010064961223975754,3.7841646942887928,1
3.5630450174752255,-1.0063159544321332,7.438332859721076,0.998,3.082,640.0,-0.0004579174664436,-0.0057945125160303,0.91274153116116,discharge,0.9226692133365324,0.010064871713915317,3.7840541472926,1
3.5626197323699955,-1.0062760153524302,7.434198703052033,0.998,3.0816153846153846,641.0,-0.0004252851052299,-0.0041341566690427,0.912601770603472,discharge,0.9225453537958558,0.010064766808530082,3.7839432835236138,1
3.562194447264766,-1.0062360762727274,7.43006454638299,0.998,3.081230769230769,642.0,-0.0004252851052295,-0.0041341566690427,0.9124620155928788,discharge,0.9224214991711625,0.010064647272682135,3.783832222548222,1
3.561769162159536,-1.0061961371930244,7.425930389713947,0.998,3.080846153846154,643.0,-0.0004252851052299,-0.0041341566690435,0.9123222661293796,discharge,0.9222976494624524,0.010064513833234097,3.783720964132442,1
3.5613438770543064,-1.0061561981133216,7.421796233044904,0.998,3.080461538461538,644.0,-0.0004252851052295,-0.0041341566690427,0.912182522212975,discharge,0.9221738046697256,0.010064367180937003,3.7836095080779097,1
3.5609185919490765,-1.0061162590336186,7.417662076375861,0.998,3.080076923076923,645.0,-0.0004252851052299,-0.0041341566690427,0.9120427838436648,discharge,0.9220499647929822,0.010064207972224373,3.783497854219979,1
3.560493306843847,-1.0060763199539158,7.413527919706819,0.998,3.0796923076923077,646.0,-0.0004252851052295,-0.0041341566690427,0.911903051021449,discharge,0.921926129832222,0.010064036830917156,3.783386002426119,1
3.560068021738617,-1.0060363808742128,7.409393763037775,0.998,3.079307692307692,647.0,-0.0004252851052299,-0.0041341566690435,0.9117633237463276,discharge,0.921802299787445,0.010063854349843972,3.783273952594246,1
3.5596427366333874,-1.00599644179451,7.405259606368732,0.998,3.078923076923077,648.0,-0.0004252851052295,-0.0041341566690427,0.9116236020183004,discharge,0.9216784746586513,0.010063661092380856,3.783161704651165,1
3.5592174515281574,-1.005956502714807,7.401125449699689,0.998,3.0785384615384617,649.0,-0.0004252851052299,-0.0041341566690427,0.911483885837368,discharge,0.9215546544458408,0.0100634575939145,3.783049258551167,1
3.558792166422928,-1.0059165636351042,7.396991293030647,0.998,3.078153846153846,650.0,-0.0004252851052295,-0.0041341566690427,0.9113441752035296,discharge,0.9214308391490137,0.010063244363232814,3.782936614274557,1
3.558366881317698,-1.0058766245554012,7.392857136361603,0.998,3.077769230769231,651.0,-0.0004252851052299,-0.0041341566690435,0.9112044701167858,discharge,0.9213070287681698,0.010063021883846378,3.7828237718264286,1
3.5579415962124683,-1.0058366854756984,7.38872297969256,0.998,3.077384615384615,652.0,-0.0004252851052295,-0.0041341566690427,0.9110647705771364,discharge,0.9211832233033093,0.010062790615244269,3.7827107312353254,1
3.5575163111072383,-1.0057967463959954,7.384588823023518,0.998,3.077,653.0,-0.0004252851052299,-0.0041341566690427,0.9109250765845814,discharge,0.921059422754432,0.010062550994087482,3.782597492552073,1
3.5571203313767756,-1.005690753300827,7.376645848536757,0.998,3.0766428571428572,654.0,-0.0003959797304626,-0.0079429744867605,0.9107853973132896,discharge,0.9209356352519316,0.010062270618749375,3.782485417271271,1
3.5567243516463125,-1.005584760205659,7.368702874049997,0.998,3.076285714285714,655.0,-0.0003959797304631,-0.0079429744867605,0.9106457327632612,discharge,0.9208118607958079,0.010061951513956831,3.782373182815632,1
3.55632837191585,-1.0054787671104906,7.360759899563236,0.998,3.0759285714285713,656.0,-0.0003959797304626,-0.0079429744867605,0.9105060829344958,discharge,0.9206880993860611,0.010061595603845364,3.782260787788048,1
3.555932392185387,-1.0053727740153222,7.352816925076476,0.998,3.0755714285714286,657.0,-0.0003959797304626,-0.0079429744867605,0.9103664478269936,discharge,0.9205643510226911,0.010061204716956644,3.7821482308863095,1
3.5555364124549245,-1.005266780920154,7.344873950589715,0.998,3.075214285714286,658.0,-0.0003959797304626,-0.0079429744867605,0.9102268274407548,discharge,0.9204406157056979,0.010060780590987733,3.7820355108982775,1
3.5551404327244613,-1.0051607878249855,7.336930976102955,0.998,3.0748571428571427,659.0,-0.0003959797304631,-0.0079429744867605,0.910087221775779,discharge,0.9203168934350816,0.010060324877304383,3.7819226266974675,1
3.5547444529939987,-1.0050547947298174,7.328988001616193,0.998,3.0745,660.0,-0.0003959797304626,-0.0079429744867614,0.9099476308320664,discharge,0.9201931842108421,0.0100598391452301,3.7818095772386724,1
3.554348473263536,-1.004948801634649,7.321045027129433,0.998,3.0741428571428573,661.0,-0.0003959797304626,-0.0079429744867605,0.9098080546096172,discharge,0.9200694880329794,0.010059324886122115,3.7816963615539843,1
3.553952493533073,-1.004842808539481,7.313102052642672,0.998,3.073785714285714,662.0,-0.0003959797304631,-0.0079429744867605,0.9096684931084312,discharge,0.9199458049014935,0.010058783517244874,3.7815829787488173,1
3.55355651380261,-1.0047368154443126,7.305159078155912,0.998,3.0734285714285714,663.0,-0.0003959797304626,-0.0079429744867605,0.9095289463285084,discharge,0.9198221348163844,0.01005821638545106,3.7814694279982954,1
3.5531605340721475,-1.0046308223491442,7.297216103669151,0.998,3.0730714285714287,664.0,-0.0003959797304626,-0.0079429744867605,0.9093894142698488,discharge,0.9196984777776521,0.010057624770679768,3.78135570854374,1
3.552764554341685,-1.004524829253976,7.289273129182391,0.998,3.072714285714286,665.0,-0.0003959797304626,-0.0079429744867605,0.9092498969324524,discharge,0.9195748337852967,0.010057009889280856,3.7812418196893516,1
3.5523685746112217,-1.0044188361588078,7.28133015469563,0.998,3.072357142857143,666.0,-0.0003959797304631,-0.0079429744867605,0.9091103943163192,discharge,0.9194512028393181,0.010056372897174157,3.7811277607989986,1
3.551972594880759,-1.0043128430636394,7.27338718020887,0.998,3.072,667.0,-0.0003959797304626,-0.0079429744867605,0.9089709064214492,discharge,0.9193275849397163,0.010055714892851729,3.781013531293324,1
3.551551277977094,-1.004404734296653,7.263628901084712,0.998,3.0715384615384616,668.0,-0.0004213169036648,-0.0097582791241581,0.9088314057639082,discharge,0.9192039557294943,0.01005513523203755,3.780895051533827,1
3.5511299610734293,-1.0044966255296666,7.253870621960553,0.998,3.071076923076923,669.0,-0.0004213169036648,-0.0097582791241581,0.9086918923436956,discharge,0.919080315208652,0.010054630022512417,3.780776283497041,1
3.5507086441697644,-1.00458851676268,7.244112342836395,0.998,3.0706153846153845,670.0,-0.0004213169036648,-0.0097582791241581,0.908552366160812,discharge,0.9189566633771893,0.01005419556542822,3.7806572312794566,1
3.5502873272660995,-1.0046804079956937,7.234354063712237,0.998,3.070153846153846,671.0,-0.0004213169036648,-0.0097582791241581,0.9084128272152572,discharge,0.9188330002351064,0.010053828345700991,3.7805378987935887,1
3.5498660103624347,-1.0047722992287071,7.224595784588079,0.998,3.0696923076923075,672.0,-0.0004213169036648,-0.0097582791241581,0.9082732755070309,discharge,0.9187093257824032,0.010053525022881241,3.780418289777122,1
3.54944469345877,-1.0048641904617208,7.214837505463921,0.998,3.069230769230769,673.0,-0.0004213169036648,-0.0097582791241581,0.9081337110361334,discharge,0.9185856400190797,0.010053282422477857,3.78029840780164,1
3.549023376555106,-1.0049560816947345,7.205079226339762,0.998,3.068769230769231,674.0,-0.0004213169036644,-0.009758279124159,0.9079941338025648,discharge,0.918461942945136,0.010053097527713052,3.7801782562808106,1
3.5486020596514405,-1.005047972927748,7.1953209472156034,0.998,3.0683076923076924,675.0,-0.0004213169036648,-0.0097582791241581,0.9078545438063248,discharge,0.9183382345605718,0.010052967471686942,3.780057838478249,1
3.5481807427477756,-1.0051398641607614,7.185562668091445,0.998,3.067846153846154,676.0,-0.0004213169036648,-0.0097582791241581,0.9077149410474136,discharge,0.9182145148653875,0.010052889529931386,3.7799371575149707,1
3.5477594258441107,-1.005231755393775,7.175804388967287,0.998,3.0673846153846154,677.0,-0.0004213169036648,-0.0097582791241581,0.907575325525831,discharge,0.9180907838595829,0.010052861113333778,3.7798162163764313,1
3.547338108940446,-1.0053236466267883,7.166046109843129,0.998,3.066923076923077,678.0,-0.0004213169036648,-0.0097582791241581,0.9074356972415772,discharge,0.9179670415431579,0.010052879761412382,3.7796950179192996,1
3.546916792036781,-1.0054155378598022,7.156287830718971,0.998,3.0664615384615383,679.0,-0.0004213169036648,-0.0097582791241581,0.9072960561946524,discharge,0.9178432879161127,0.01005294313592577,3.7795735648778037,1
3.546495475133116,-1.0055074290928157,7.146529551594813,0.998,3.066,680.0,-0.0004213169036648,-0.0097582791241581,0.907156402385056,discharge,0.9177195229784472,0.01005304901479974,3.779451859869849,1
3.546099170594182,-1.0055407034824286,7.156826568272459,0.998,3.0655714285714284,681.0,-0.0003963045389343,0.0102970166776463,0.9070167439540168,discharge,0.9175957539451354,0.010053166164657311,3.7793311138601897,1
3.545702866055247,-1.0055739778720416,7.167123584950105,0.998,3.065142857142857,682.0,-0.0003963045389347,0.0102970166776463,0.9068770809015346,discharge,0.9174719808161773,0.010053294025539663,3.7792101555019264,1
3.5453065615163126,-1.0056072522616544,7.177420601627752,0.998,3.0647142857142855,683.0,-0.0003963045389343,0.0102970166776463,0.9067374132276094,discharge,0.917348203591573,0.010053432065307535,3.7790889857568377,1
3.5449102569773783,-1.0056405266512674,7.187717618305397,0.998,3.064285714285714,684.0,-0.0003963045389343,0.0102970166776454,0.9065977409322412,discharge,0.9172244222713224,0.010053579778259117,3.7789676055599464,1
3.544513952438444,-1.0056738010408803,7.198014634983044,0.998,3.0638571428571426,685.0,-0.0003963045389343,0.0102970166776463,0.90645806401543,discharge,0.9171006368554255,0.010053736683816603,3.778846015820821,1
3.544117647899509,-1.005707075430493,7.20831165166069,0.998,3.063428571428571,686.0,-0.0003963045389347,0.0102970166776463,0.9063183824771756,discharge,0.9169768473438824,0.01005390232527799,3.778724217424811,1
3.5437213433605748,-1.005740349820106,7.218608668338336,0.998,3.0629999999999997,687.0,-0.0003963045389343,0.0102970166776463,0.9061786963174784,discharge,0.916853053736693,0.01005407626863089,3.7786022112342446,1
3.5433250388216404,-1.005773624209719,7.228905685015983,0.998,3.0625714285714287,688.0,-0.0003963045389343,0.0102970166776463,0.9060390055363382,discharge,0.9167292560338574,0.010054258101425283,3.7784799980895634,1
3.5429287342827056,-1.005806898599332,7.239202701693629,0.998,3.0621428571428573,689.0,-0.0003963045389347,0.0102970166776463,0.905899310133755,discharge,0.9166054542353754,0.010054447431702262,3.7783575788103736,1
3.5425324297437712,-1.005840172988945,7.2494997183712755,0.998,3.061714285714286,690.0,-0.0003963045389343,0.0102970166776463,0.9057596101097288,discharge,0.9164816483412471,0.010054643886976012,3.778234954196494,1
3.542136125204837,-1.005873447378558,7.259796735048921,0.998,3.0612857142857144,691.0,-0.0003963045389343,0.0102970166776454,0.9056199054642596,discharge,0.9163578383514726,0.01005484711326635,3.778112125028866,1
3.5417398206659025,-1.0059067217681708,7.270093751726567,0.998,3.060857142857143,692.0,-0.0003963045389343,0.0102970166776463,0.9054801961973472,discharge,0.9162340242660517,0.010055056774179342,3.777989092070535,1
3.5413435161269677,-1.0059399961577835,7.280390768404214,0.998,3.0604285714285715,693.0,-0.0003963045389347,0.0102970166776463,0.905340482308992,discharge,0.9161102060849846,0.010055272550033596,3.777865856067531,1
3.5409472115880334,-1.0059732705473967,7.29068778508186,0.998,3.06,694.0,-0.0003963045389343,0.0102970166776463,0.9052007637991936,discharge,0.9159863838082712,0.010055494137029955,3.777742417749611,1
3.5405433518694793,-1.0059677354270993,7.297248695580288,0.998,3.0596923076923077,695.0,-0.000403859718554,0.0065609104984281,0.9050610460581622,discharge,0.9158625622128594,0.010055701965334585,3.777619578041483,1
3.5401394921509253,-1.005962200306802,7.303809606078717,0.998,3.0593846153846154,696.0,-0.000403859718554,0.0065609104984289,0.9049213290858974,discharge,0.9157387412987493,0.010055896718499262,3.7774965605168753,1
3.539735632432371,-1.0059566651865046,7.310370516577145,0.998,3.059076923076923,697.0,-0.000403859718554,0.0065609104984281,0.9047816128823992,discharge,0.9156149210659408,0.010056079046115919,3.777373364973191,1
3.5393317727138167,-1.0059511300662074,7.316931427075573,0.998,3.0587692307692307,698.0,-0.0004038597185545,0.0065609104984281,0.9046418974476678,discharge,0.9154911015144338,0.010056249565503817,3.777249991239737,1
3.5389279129952627,-1.00594559494591,7.323492337574002,0.998,3.0584615384615383,699.0,-0.000403859718554,0.0065609104984289,0.904502182781703,discharge,0.9153672826442284,0.010056408863312901,3.7771264391760195,1
3.5385240532767086,-1.0059400598256123,7.3300532480724305,0.998,3.058153846153846,700.0,-0.000403859718554,0.0065609104984281,0.9043624688845052,discharge,0.9152434644553247,0.010056557497047496,3.7770027086702536,1
3.5381201935581545,-1.0059345247053153,7.336614158570859,0.998,3.057846153846154,701.0,-0.000403859718554,0.0065609104984281,0.9042227557560738,discharge,0.9151196469477225,0.010056695996514299,3.776878799637909,1
3.5377163338396005,-1.005928989585018,7.343175069069287,0.998,3.0575384615384618,702.0,-0.000403859718554,0.0065609104984281,0.9040830433964092,discharge,0.9149958301214219,0.010056824865198447,3.7767547120203817,1
3.5373124741210464,-1.0059234544647204,7.349735979567716,0.998,3.0572307692307694,703.0,-0.000403859718554,0.0065609104984289,0.9039433318055112,discharge,0.9148720139764229,0.0100569445815712,3.7766304457835913,1
3.536908614402492,-1.0059179193444232,7.356296890066144,0.998,3.056923076923077,704.0,-0.0004038597185545,0.0065609104984281,0.9038036209833802,discharge,0.9147481985127256,0.010057055600332673,3.776506000916837,1
3.536504754683938,-1.0059123842241258,7.362857800564572,0.998,3.0566153846153847,705.0,-0.000403859718554,0.0065609104984281,0.9036639109300156,discharge,0.9146243837303298,0.010057158353592822,3.7763813774315658,1
3.536100894965384,-1.0059068491038283,7.369418711063001,0.998,3.0563076923076924,706.0,-0.000403859718554,0.0065609104984289,0.903524201645418,discharge,0.9145005696292356,0.010057253251993747,3.776256575360254,1
3.5356970352468298,-1.005901313983531,7.375979621561429,0.998,3.056,707.0,-0.000403859718554,0.0065609104984281,0.9033844931295868,discharge,0.914376756209443,0.010057340685776258,3.776131594755347,1
3.535317820643189,-1.0058777452692111,7.379772432116221,0.998,3.0555384615384615,708.0,-0.0003792146036412,0.0037928105547919,0.9032447878871884,discharge,0.9142529456906539,0.010057412066442157,3.7760068075655235,1
3.534938606039548,-1.0058541765548912,7.383565242671012,0.998,3.055076923076923,709.0,-0.0003792146036407,0.003792810554791,0.9031050859182224,discharge,0.9141291380728681,0.01005746819153358,3.775881852773143,1
3.5345593914359066,-1.005830607840571,7.387358053225804,0.998,3.0546153846153845,710.0,-0.0003792146036412,0.0037928105547919,0.902965387222689,discharge,0.9140053333560857,0.010057509818969612,3.775756730071628,1
3.534180176832266,-1.005807039126251,7.391150863780596,0.998,3.054153846153846,711.0,-0.0003792146036412,0.0037928105547919,0.902825691800588,discharge,0.9138815315403067,0.010057537669014814,3.7756314391915433,1
3.5338009622286246,-1.005783470411931,7.394943674335387,0.998,3.0536923076923075,712.0,-0.0003792146036407,0.003792810554791,0.90268599965192,discharge,0.9137577326255311,0.010057552426149963,3.775505979898767,1
3.5334217476249834,-1.005759901697611,7.398736484890179,0.998,3.053230769230769,713.0,-0.0003792146036412,0.0037928105547919,0.902546310776684,discharge,0.9136339366117588,0.010057554740849836,3.7753803519927063,1
3.533042533021342,-1.005736332983291,7.402529295444971,0.998,3.052769230769231,714.0,-0.0003792146036412,0.0037928105547919,0.9024066251748808,discharge,0.91351014349899,0.010057545231272676,3.775254555304603,1
3.532663318417701,-1.005712764268971,7.406322105999763,0.998,3.0523076923076924,715.0,-0.0003792146036412,0.0037928105547919,0.90226694284651,discharge,0.9133863532872245,0.01005752448486573,3.775128589695913,1
3.53228410381406,-1.005689195554651,7.410114916554554,0.998,3.051846153846154,716.0,-0.0003792146036407,0.003792810554791,0.902127263791572,discharge,0.9132625659764624,0.010057493059891011,3.77500245505684,1
3.531904889210419,-1.005665626840331,7.413907727109346,0.998,3.0513846153846154,717.0,-0.0003792146036412,0.0037928105547919,0.9019875880100664,discharge,0.9131387815667037,0.010057451486875268,3.7748761513047975,1
3.531525674606778,-1.0056420581260108,7.417700537664138,0.998,3.050923076923077,718.0,-0.0003792146036412,0.0037928105547919,0.9018479155019932,discharge,0.9130150000579484,0.01005740026998791,3.7747496783831336,1
3.531146460003137,-1.0056184894116909,7.421493348218929,0.998,3.0504615384615383,719.0,-0.0003792146036407,0.003792810554791,0.9017082462673528,discharge,0.9128912214501965,0.010057339888350475,3.7746230362596838,1
3.530767245399496,-1.0055949206973709,7.425286158773721,0.998,3.05,720.0,-0.0003792146036412,0.0037928105547919,0.9015685803061448,discharge,0.912767445743448,0.010057270797281052,3.7744962249256893,1
3.5304215267992594,-1.0056452237444873,7.431455626172134,0.998,3.049714285714286,721.0,-0.0003457186002364,0.0061694673984131,0.9014289073584024,discharge,0.9126436638450461,0.01005723013004022,3.774367720883485,1
3.530075808199023,-1.0056955267916037,7.4376250935705475,0.998,3.0494285714285714,722.0,-0.0003457186002364,0.0061694673984131,0.901289227424126,discharge,0.9125198757549908,0.010057216474490918,3.7742390033863487,1
3.5297300895987864,-1.00574582983872,7.443794560968961,0.998,3.049142857142857,723.0,-0.0003457186002364,0.0061694673984131,0.901149540503315,discharge,0.9123960814732821,0.0100572284886531,3.774110074181944,1
3.5293843709985495,-1.0057961328858362,7.449964028367375,0.998,3.0488571428571425,724.0,-0.0003457186002369,0.006169467398414,0.9010098465959696,discharge,0.91227228099992,0.010057264897218244,3.7739809349509112,1
3.529038652398313,-1.0058464359329526,7.456133495765788,0.998,3.0485714285714285,725.0,-0.0003457186002364,0.0061694673984131,0.90087014570209,discharge,0.9121484743349044,0.010057324488236997,3.773851587310308,1
3.5286929337980766,-1.0058967389800688,7.462302963164201,0.998,3.048285714285714,726.0,-0.0003457186002364,0.0061694673984131,0.9007304378216764,discharge,0.9120246614782355,0.010057406109971414,3.7737220328166585,1
3.52834721519784,-1.0059470420271852,7.468472430562614,0.998,3.048,727.0,-0.0003457186002364,0.0061694673984131,0.9005907229547281,discharge,0.9119008424299131,0.010057508667903562,3.7735922729689957,1
3.5280014965976036,-1.0059973450743016,7.474641897961027,0.998,3.0477142857142856,728.0,-0.0003457186002364,0.0061694673984131,0.9004510011012455,discharge,0.9117770171899374,0.01005763112189275,3.7734623092116633,1
3.527655777997367,-1.0060476481214178,7.480811365359441,0.998,3.047428571428571,729.0,-0.0003457186002364,0.0061694673984131,0.9003112722612286,discharge,0.9116531857583083,0.010057772483473983,3.773332142937042,1
3.5273100593971307,-1.0060979511685342,7.486980832757854,0.998,3.047142857142857,730.0,-0.0003457186002364,0.0061694673984131,0.9001715364346774,discharge,0.9115293481350258,0.010057931813290642,3.7732017754881504,1
3.526964340796894,-1.0061482542156506,7.493150300156268,0.998,3.0468571428571427,731.0,-0.0003457186002369,0.006169467398414,0.9000317936215919,discharge,0.9114055043200899,0.010058108218654712,3.7730712081609914,1
3.5266186221966573,-1.006198557262767,7.499319767554681,0.998,3.0465714285714283,732.0,-0.0003457186002364,0.0061694673984131,0.8998920438219721,discharge,0.9112816543135006,0.01005830085122821,3.7729404422070307,1
3.526272903596421,-1.0062488603098831,7.505489234953094,0.998,3.0462857142857143,733.0,-0.0003457186002364,0.0061694673984131,0.899752287035818,discharge,0.9111577981152579,0.01005850890481982,3.772809478835176,1
3.5259271849961844,-1.0062991633569995,7.511658702351507,0.998,3.046,734.0,-0.0003457186002364,0.0061694673984131,0.8996125232631295,discharge,0.9110339357253617,0.010058731613290977,3.7726783192140756,1
3.525583842066796,-1.006178322506018,7.514357114827544,0.998,3.0456923076923075,735.0,-0.0003433429293884,0.0026984124760369,0.8994727762738925,discharge,0.9109100882094088,0.010058883221793198,3.7725504945209605,1
3.525240499137407,-1.006057481655036,7.517055527303581,0.998,3.045384615384615,736.0,-0.0003433429293888,0.0026984124760369,0.8993330460681072,discharge,0.9107862555673991,0.010058967262676145,3.7724225788362253,1
3.5248971562080187,-1.0059366408040544,7.519753939779618,0.998,3.045076923076923,737.0,-0.0003433429293884,0.0026984124760369,0.8991933326457733,discharge,0.9106624377993326,0.010058987092797223,3.772294569292958,1
3.52455381327863,-1.0058157999530726,7.522452352255656,0.998,3.0447692307692305,738.0,-0.0003433429293888,0.0026984124760378,0.8990536360068908,discharge,0.9105386349052094,0.010058945902240284,3.7721664631903464,1
3.5242104703492414,-1.005694959102091,7.525150764731693,0.998,3.044461538461538,739.0,-0.0003433429293884,0.0026984124760369,0.89891395615146,discharge,0.9104148468850293,0.010058846722601187,3.772038257985286,1
3.523867127419853,-1.005574118251109,7.52784917720773,0.998,3.0441538461538458,740.0,-0.0003433429293884,0.0026984124760369,0.8987742930794806,discharge,0.9102910737387924,0.010058692434861705,3.7719099512846133,1
3.523523784490464,-1.0054532774001277,7.530547589683767,0.998,3.043846153846154,741.0,-0.0003433429293888,0.0026984124760369,0.8986346467909528,discharge,0.9101673154664986,0.010058485776872258,3.7717815408375017,1
3.5231804415610757,-1.0053324365491456,7.533246002159804,0.998,3.0435384615384615,742.0,-0.0003433429293884,0.0026984124760369,0.8984950172858767,discharge,0.9100435720681481,0.010058229350462881,3.7716530245284767,1
3.5228370986316873,-1.005211595698164,7.535944414635841,0.998,3.043230769230769,743.0,-0.0003433429293884,0.0026984124760369,0.8983554045642519,discharge,0.9099198435437408,0.010057925628200915,3.771524400370564,1
3.5224937557022984,-1.005090754847182,7.538642827111879,0.998,3.042923076923077,744.0,-0.0003433429293888,0.0026984124760378,0.8982158086260786,discharge,0.9097961298932767,0.010057576959812973,3.771395666498939,1
3.52215041277291,-1.0049699139962005,7.541341239587916,0.998,3.0426153846153845,745.0,-0.0003433429293884,0.0026984124760369,0.898076229471357,discharge,0.9096724311167559,0.010057185578287829,3.7712668211647458,1
3.521807069843521,-1.0048490731452189,7.544039652063953,0.998,3.042307692307692,746.0,-0.0003433429293888,0.0026984124760369,0.8979366671000868,discharge,0.9095487472141782,0.010056753605676143,3.771137862729361,1
3.5214637269141327,-1.004728232294237,7.54673806453999,0.998,3.042,747.0,-0.0003433429293884,0.0026984124760369,0.8977971215122682,discharge,0.9094250781855437,0.010056283058602011,3.771008789658875,1
3.5211464837967834,-1.0048657977310538,7.550228700170509,0.998,3.041642857142857,748.0,-0.0003172431173492,0.0034906356305191,0.8976575568181389,discharge,0.9093013922243862,0.010055904233495363,3.770874270009155,1
3.5208292406794337,-1.0050033631678703,7.553719335801028,0.998,3.041285714285714,749.0,-0.0003172431173497,0.0034906356305191,0.8975179730176989,discharge,0.9091776893307056,0.010055612573475715,3.7707394768144638,1
3.5205119975620844,-1.0051409286046873,7.557209971431547,0.998,3.040928571428571,750.0,-0.0003172431173492,0.0034906356305191,0.8973783701109482,discharge,0.909053969504502,0.010055403748055023,3.770604414756838,1
3.520194754444735,-1.005278494041504,7.560700607062066,0.998,3.0405714285714285,751.0,-0.0003172431173492,0.0034906356305191,0.897238748097887,discharge,0.9089302327457753,0.010055273641890173,3.770469088303137,1
3.5198775113273855,-1.0054160594783208,7.564191242692585,0.998,3.0402142857142858,752.0,-0.0003172431173497,0.0034906356305191,0.8970991069785149,discharge,0.9088064790545256,0.01005521834409427,3.7703335017156374,1
3.519560268210036,-1.0055536249151376,7.567681878323104,0.998,3.0398571428571426,753.0,-0.0003172431173492,0.0034906356305191,0.8969594467528322,discharge,0.9086827084307528,0.010055234138078958,3.7701976590622994,1
3.5192430250926865,-1.0056911903519543,7.571172513953624,0.998,3.0395,754.0,-0.0003172431173497,0.0034906356305191,0.8968197674208389,discharge,0.908558920874457,0.010055317491901385,3.770061564226294,1
3.5189257819753372,-1.0058287557887708,7.574663149584142,0.998,3.039142857142857,755.0,-0.0003172431173492,0.0034906356305182,0.8966800689825349,discharge,0.9084351163856381,0.010055465049090747,3.7699252209152774,1
3.518608538857988,-1.0059663212255876,7.578153785214661,0.998,3.038785714285714,756.0,-0.0003172431173492,0.0034906356305191,0.8965403514379202,discharge,0.9083112949642963,0.01005567361993058,3.769788632670096,1
3.5182912957406383,-1.0061038866624044,7.58164442084518,0.998,3.0384285714285713,757.0,-0.0003172431173497,0.0034906356305191,0.896400614786995,discharge,0.9081874566104314,0.010055940173174165,3.769651802873044,1
3.517974052623289,-1.0062414520992211,7.585135056475699,0.998,3.0380714285714285,758.0,-0.0003172431173492,0.0034906356305191,0.8962608590297589,discharge,0.9080636013240435,0.010056261828171521,3.769514734755678,1
3.5176568095059397,-1.006379017536038,7.588625692106218,0.998,3.037714285714286,759.0,-0.0003172431173492,0.0034906356305191,0.8961210841662123,discharge,0.9079397291051325,0.010056635847387538,3.769377431406464,1
3.51733956638859,-1.0065165829728546,7.592116327736737,0.998,3.037357142857142,760.0,-0.0003172431173497,0.0034906356305191,0.8959812901963549,discharge,0.9078158399536985,0.010057059629291825,3.7692398957776945,1
3.5170223232712408,-1.0066541484096714,7.595606963367256,0.998,3.037,761.0,-0.0003172431173492,0.0034906356305191,0.8958414771201869,discharge,0.9076919338697415,0.010057530701601796,3.769102130692384,1
3.51668423345963,-1.0067576659232156,7.5972342170542575,0.998,3.0366923076923076,762.0,-0.0003380898116107,0.0016272536870012,0.8957016496665864,discharge,0.9075680150441195,0.010058029799358952,3.7689648412835006,1
3.5163461436480192,-1.00686118343676,7.598861470741259,0.998,3.0363846153846152,763.0,-0.0003380898116107,0.0016272536870012,0.8955618078355536,discharge,0.9074440834768329,0.010058555530218397,3.7688273483520183,1
3.5160080538364085,-1.0069647009503042,7.60048872442826,0.998,3.036076923076923,764.0,-0.0003380898116107,0.0016272536870012,0.8954219516270883,discharge,0.9073201391678815,0.010059106571008952,3.7686896535880283,1
3.5156699640247977,-1.0070682184638486,7.602115978115261,0.998,3.0357692307692306,765.0,-0.0003380898116107,0.0016272536870012,0.8952820810411904,discharge,0.9071961821172652,0.010059681664296499,3.768551758615736,1
3.515331874213187,-1.0071717359773928,7.603743231802262,0.998,3.035461538461538,766.0,-0.0003380898116107,0.0016272536870012,0.8951421960778603,discharge,0.9070722123249841,0.010060279615118075,3.7684136649966873,1
3.514993784401576,-1.0072752534909373,7.605370485489264,0.998,3.035153846153846,767.0,-0.0003380898116107,0.0016272536870012,0.8950022967370976,discharge,0.9069482297910383,0.010060899287878212,3.7682753742329727,1
3.5146556945899654,-1.0073787710044817,7.606997739176265,0.998,3.034846153846154,768.0,-0.0003380898116107,0.0016272536870012,0.8948623830189026,discharge,0.9068242345154276,0.010061539603399472,3.768136887769986,1
3.514317604778354,-1.007482288518026,7.608624992863266,0.998,3.0345384615384616,769.0,-0.0003380898116107,0.0016272536870012,0.8947224549232751,discharge,0.9067002264981522,0.010062199536119518,3.767998206999467,1
3.513979514966744,-1.00758580603157,7.610252246550267,0.998,3.0342307692307693,770.0,-0.0003380898116107,0.0016272536870012,0.8945825124502151,discharge,0.9065762057392119,0.010062878111427438,3.76785933326197,1
3.513641425155133,-1.0076893235451143,7.611879500237269,0.998,3.033923076923077,771.0,-0.0003380898116107,0.0016272536870012,0.8944425555997227,discharge,0.9064521722386069,0.010063574403132408,3.7677202678494686,1
3.5133033353435223,-1.0077928410586587,7.61350675392427,0.998,3.0336153846153846,772.0,-0.0003380898116107,0.0016272536870012,0.894302584371798,discharge,0.906328125996337,0.010064287531058105,3.7675810120078213,1
3.5129652455319116,-1.0078963585722032,7.615134007611271,0.998,3.0333076923076923,773.0,-0.0003380898116107,0.0016272536870012,0.8941625987664407,discharge,0.9062040670124024,0.010065016658756646,3.767441566938914,1
3.512627155720301,-1.0079998760857474,7.616761261298272,0.998,3.033,774.0,-0.0003380898116107,0.0016272536870012,0.894022598783651,discharge,0.9060799952868029,0.01006576099133609,3.767301933802988,1
3.5123210541734924,-1.0078566564667046,7.618919774232818,0.998,3.0326153846153847,775.0,-0.0003061015468084,0.002158512934546,0.8938826186924751,discharge,0.9059559411896831,0.010066397190806936,3.7671672045942257,1
3.5120149526266844,-1.0077134368476617,7.6210782871673635,0.998,3.032230769230769,776.0,-0.0003061015468079,0.0021585129345451,0.8937426584929129,discharge,0.9058319047210429,0.010066930629378976,3.7670324396786383,1
3.511708851079876,-1.007570217228619,7.623236800101909,0.998,3.031846153846154,777.0,-0.0003061015468084,0.002158512934546,0.8936027181849645,discharge,0.9057078858808824,0.010067366412362826,3.766897634431016,1
3.511402749533068,-1.0074269976095762,7.625395313036455,0.998,3.031461538461538,778.0,-0.0003061015468079,0.0021585129345451,0.8934627977686298,discharge,0.9055838846692014,0.010067709391429857,3.766762784479009,1
3.5110966479862595,-1.0072837779905333,7.627553825971001,0.998,3.031076923076923,779.0,-0.0003061015468084,0.002158512934546,0.8933228972439089,discharge,0.905459901086,0.010067964177213362,3.766627885690536,1
3.510790546439451,-1.0071405583714903,7.629712338905547,0.998,3.030692307692308,780.0,-0.0003061015468084,0.002158512934546,0.8931830166108018,discharge,0.9053359351312783,0.010068135151283688,3.766492934161782,1
3.510484444892643,-1.0069973387524478,7.631870851840092,0.998,3.030307692307692,781.0,-0.0003061015468079,0.0021585129345451,0.8930431558693084,discharge,0.9052119868050362,0.010068226477528398,3.7663579262059037,1
3.5101783433458347,-1.006854119133405,7.634029364774638,0.998,3.029923076923077,782.0,-0.0003061015468084,0.002158512934546,0.8929033150194288,discharge,0.9050880561072738,0.010068242112967082,3.7662228583421213,1
3.5098722417990262,-1.006710899514362,7.636187877709184,0.998,3.0295384615384617,783.0,-0.0003061015468084,0.002158512934546,0.8927634940611628,discharge,0.904964143037991,0.01006818581802885,3.766087727285447,1
3.5095661402522182,-1.0065676798953194,7.638346390643729,0.998,3.029153846153846,784.0,-0.0003061015468079,0.0021585129345451,0.8926236929945107,discharge,0.9048402475971878,0.010068061166319236,3.7659525299370133,1
3.50926003870541,-1.0064244602762766,7.640504903578275,0.998,3.028769230769231,785.0,-0.0003061015468084,0.002158512934546,0.8924839118194723,discharge,0.9047163697848642,0.010067871553901866,3.765817263374666,1
3.508953937158602,-1.0062812406572337,7.64266341651282,0.998,3.0283846153846152,786.0,-0.0003061015468079,0.0021585129345451,0.8923441505360478,discharge,0.9045925096010203,0.010067620208118995,3.7656819248442495,1
3.5086478356117934,-1.006138021038191,7.6448219294473665,0.998,3.028,787.0,-0.0003061015468084,0.002158512934546,0.8922044091442369,discharge,0.904468667045656,0.010067310195973829,3.7655465117511895,1
3.5083452486015756,-1.0061475764406789,7.648144796872083,0.998,3.0277857142857143,788.0,-0.0003025870102177,0.0033228674247167,0.8920646664252868,discharge,0.9043448233141453,0.010067020332944685,3.7654078691729405,1
3.508042661591358,-1.006157131843167,7.6514676642968,0.998,3.0275714285714286,789.0,-0.0003025870102177,0.0033228674247167,0.8919249223791974,discharge,0.9042209784064885,0.010066749617994232,3.765269054012651,1
3.50774007458114,-1.006166687245655,7.654790531721517,0.998,3.027357142857143,790.0,-0.0003025870102177,0.0033228674247167,0.8917851770059689,discharge,0.9040971323226854,0.010066497099818127,3.765130067622948,1
3.507437487570922,-1.0061762426481429,7.658113399146234,0.998,3.027142857142857,791.0,-0.0003025870102177,0.0033228674247167,0.8916454303056011,discharge,0.9039732850627361,0.010066261874374207,3.7649909113088165,1
3.5071349005607044,-1.006185798050631,7.66143626657095,0.998,3.0269285714285714,792.0,-0.0003025870102177,0.0033228674247167,0.891505682278094,discharge,0.9038494366266405,0.010066043082534434,3.764851586329888,1
3.506832313550486,-1.006195353453119,7.664759133995667,0.998,3.0267142857142857,793.0,-0.0003025870102177,0.0033228674247167,0.8913659329234478,discharge,0.9037255870143986,0.010065839907853502,3.764712093902804,1
3.506529726540269,-1.0062049088556069,7.668082001420384,0.998,3.0265,794.0,-0.0003025870102177,0.0033228674247167,0.8912261822416623,discharge,0.9036017362260106,0.010065651574448291,3.764572435203192,1
3.5062271395300515,-1.006214464258095,7.671404868845101,0.998,3.0262857142857142,795.0,-0.0003025870102173,0.0033228674247167,0.8910864302327376,discharge,0.9034778842614762,0.010065477344982681,3.7644326113677917,1
3.5059245525198337,-1.006224019660583,7.674727736269817,0.998,3.0260714285714285,796.0,-0.0003025870102177,0.0033228674247167,0.8909466768966736,discharge,0.9033540311207956,0.01006531651875248,3.7642926234963063,1
3.505621965509616,-1.006233575063071,7.678050603694534,0.998,3.025857142857143,797.0,-0.0003025870102177,0.0033228674247167,0.8908069222334704,discharge,0.9032301768039688,0.010065168429865495,3.764152472653269,1
3.505319378499398,-1.006243130465559,7.681373471119251,0.998,3.025642857142857,798.0,-0.0003025870102177,0.0033228674247167,0.8906671662431279,discharge,0.9031063213109957,0.010065032445512028,3.764012159869711,1
3.5050167914891803,-1.006252685868047,7.684696338543968,0.998,3.0254285714285714,799.0,-0.0003025870102177,0.0033228674247167,0.8905274089256463,discharge,0.9029824646418763,0.010064907964321284,3.7638716861448898,1
3.5047142044789625,-1.006262241270535,7.6880192059686845,0.998,3.0252142857142856,800.0,-0.0003025870102177,0.0033228674247167,0.8903876502810254,discharge,0.9028586067966107,0.010064794414799443,3.7637310524477465,1
3.5044116174687447,-1.006271796673023,7.691342073393401,0.998,3.025,801.0,-0.0003025870102177,0.0033228674247167,0.8902478903092652,discharge,0.9027347477751988,0.010064691253845324,3.7635902597184865,1
3.50410871628535,-1.006243483773173,7.693882901102692,0.998,3.0246923076923076,802.0,-0.0003029011833945,0.002540827709291,0.8901081342698522,discharge,0.9026108922387381,0.010064579151817528,3.7634500903528485,1
3.5038058151019555,-1.0062151708733231,7.696423728811984,0.998,3.0243846153846152,803.0,-0.0003029011833945,0.0025408277092919,0.8899683821627865,discharge,0.9024870401872286,0.010064458552921577,3.7633097869534,1
3.5035029139185614,-1.0061868579734732,7.698964556521275,0.998,3.024076923076923,804.0,-0.0003029011833941,0.002540827709291,0.889828633988068,discharge,0.9023631916206702,0.010064329879294212,3.763169349510418,1
3.503200012735167,-1.0061585450736232,7.701505384230567,0.998,3.0237692307692305,805.0,-0.0003029011833945,0.0025408277092919,0.8896888897456967,discharge,0.902239346539063,0.010064193532099811,3.7630287780346134,1
3.502897111551772,-1.0061302321737733,7.704046211939859,0.998,3.023461538461538,806.0,-0.0003029011833945,0.002540827709291,0.8895491494356725,discharge,0.902115504942407,0.010064049892572324,3.7628880725561937,1
3.5025942103683776,-1.0061019192739231,7.70658703964915,0.998,3.023153846153846,807.0,-0.0003029011833945,0.002540827709291,0.8894094130579956,discharge,0.9019916668307021,0.010063899323005443,3.762747233123783,1
3.502291309184983,-1.0060736063740734,7.709127867358442,0.998,3.022846153846154,808.0,-0.0003029011833941,0.0025408277092919,0.8892696806126659,discharge,0.9018678322039484,0.010063742167693585,3.7626062598036327,1
3.501988408001589,-1.0060452934742234,7.711668695067733,0.998,3.0225384615384616,809.0,-0.0003029011833945,0.002540827709291,0.8891299520996834,discharge,0.9017440010621458,0.010063578753826118,3.7624651526785335,1
3.5016855068181942,-1.0060169805743735,7.714209522777024,0.998,3.0222307692307693,810.0,-0.0003029011833945,0.002540827709291,0.888990227519048,discharge,0.9016201734052944,0.01006340939233717,3.7623239118471004,1
3.5013826056347996,-1.0059886676745236,7.716750350486316,0.998,3.021923076923077,811.0,-0.0003029011833945,0.0025408277092919,0.88885050687076,discharge,0.9014963492333942,0.01006323437871321,3.7621825374229054,1
3.5010797044514055,-1.0059603547746736,7.719291178195607,0.998,3.0216153846153846,812.0,-0.0003029011833941,0.002540827709291,0.888710790154819,discharge,0.9013725285464451,0.01006305399376051,3.762041029533756,1
3.500776803268011,-1.0059320418748237,7.721832005904899,0.998,3.021307692307692,813.0,-0.0003029011833945,0.0025408277092919,0.8885710773712252,discharge,0.9012487113444472,0.010062868504334478,3.761899388320939,1
3.5004739020846163,-1.0059037289749737,7.72437283361419,0.998,3.021,814.0,-0.0003029011833945,0.002540827709291,0.8884313685199787,discharge,0.9011248976274004,0.010062678164032758,3.7617576139385065,1
3.500182636284241,-1.0059036969348218,7.726005111488013,0.998,3.0207142857142855,815.0,-0.0002912658003753,0.0016322778738233,0.8882916596731822,discharge,0.9010010839142975,0.0100624972641955,3.76161512287189,1
3.4998913704838657,-1.00590366489467,7.727637389361837,0.998,3.0204285714285715,816.0,-0.0002912658003753,0.0016322778738233,0.8881519508308358,discharge,0.9008772702051382,0.01006232533580673,3.761472481602152,1
3.4996001046834904,-1.005903632854518,7.72926966723566,0.998,3.020142857142857,817.0,-0.0002912658003753,0.0016322778738233,0.8880122419929393,discharge,0.9007534564999227,0.01006216193315186,3.761329690969421,1
3.4993088388831146,-1.0059036008143662,7.730901945109483,0.998,3.0198571428571426,818.0,-0.0002912658003757,0.0016322778738233,0.8878725331594928,discharge,0.9006296427986509,0.010062006632660056,3.7611867517912723,1
3.4990175730827393,-1.0059035687742144,7.732534222983307,0.998,3.019571428571429,819.0,-0.0002912658003753,0.0016322778738233,0.8877328243304964,discharge,0.9005058291013228,0.010061859031804097,3.761043664863858,1
3.498726307282364,-1.0059035367340623,7.73416650085713,0.998,3.019285714285714,820.0,-0.0002912658003753,0.0016322778738233,0.88759311550595,discharge,0.9003820154079385,0.010061718748054898,3.7609004309629452,1
3.4984350414819887,-1.0059035046939109,7.735798778730953,0.998,3.019,821.0,-0.0002912658003753,0.0016322778738224,0.8874534066858536,discharge,0.9002582017184979,0.010061585417887976,3.760757050844854,1
3.4981437756816134,-1.005903472653759,7.737431056604776,0.998,3.0187142857142857,822.0,-0.0002912658003753,0.0016322778738233,0.8873136978702073,discharge,0.9001343880330009,0.010061458695839265,3.76061352524747,1
3.497852509881238,-1.0059034406136071,7.739063334478599,0.998,3.0184285714285712,823.0,-0.0002912658003753,0.0016322778738233,0.8871739890590109,discharge,0.9000105743514477,0.010061338253607865,3.760469854891109,1
3.4975612440808628,-1.0059034085734553,7.740695612352423,0.998,3.0181428571428572,824.0,-0.0002912658003753,0.0016322778738233,0.8870342802522646,discharge,0.8998867606738382,0.010061223779203333,3.7603260404793715,1
3.497269978280487,-1.0059033765333034,7.742327890226246,0.998,3.017857142857143,825.0,-0.0002912658003757,0.0016322778738233,0.8868945714499683,discharge,0.8997629470001725,0.010061114976135372,3.760182082699939,1
3.4969787124801117,-1.0059033444931516,7.743960168100069,0.998,3.0175714285714283,826.0,-0.0002912658003753,0.0016322778738233,0.8867548626521221,discharge,0.8996391333304504,0.010061011562643744,3.760037982225388,1
3.4966874466797364,-1.0059033124529997,7.745592445973893,0.998,3.0172857142857143,827.0,-0.0002912658003753,0.0016322778738233,0.8866151538587258,discharge,0.8995153196646721,0.010060913270966478,3.759893739713899,1
3.496396180879361,-1.0059032804128478,7.747224723847716,0.998,3.017,828.0,-0.0002912658003753,0.0016322778738233,0.8864754450697796,discharge,0.8993915060028376,0.010060819846644399,3.7597493558099386,1
3.496099120968138,-1.005959055241861,7.750793479683531,0.998,3.0166923076923076,829.0,-0.0002970599112237,0.0035687558358148,0.8863357285343293,discharge,0.8992676854758441,0.010060758773522896,3.7596036792550014,1
3.4958020610569136,-1.0060148300708738,7.754362235519345,0.998,3.016384615384615,830.0,-0.0002970599112237,0.0035687558358139,0.886196004252375,discharge,0.8991438580836919,0.010060728444347366,3.759457828160385,1
3.4955050011456894,-1.0060706048998869,7.75793099135516,0.998,3.016076923076923,831.0,-0.0002970599112241,0.0035687558358148,0.8860562722239167,discharge,0.8990200238263808,0.010060727331713946,3.759311804419844,1
3.4952079412344657,-1.0061263797289,7.761499747190974,0.998,3.0157692307692305,832.0,-0.0002970599112237,0.0035687558358139,0.8859165324489544,discharge,0.8988961827039108,0.010060753984102415,3.759165609851015,1
3.494910881323242,-1.0061821545579128,7.7650685030267885,0.998,3.015461538461538,833.0,-0.0002970599112237,0.0035687558358148,0.885776784927488,discharge,0.8987723347162819,0.010060807022106183,3.759019246199107,1
3.494613821412018,-1.006237929386926,7.768637258862603,0.998,3.015153846153846,834.0,-0.0002970599112237,0.0035687558358139,0.8856370296595176,discharge,0.8986484798634942,0.010060885134849583,3.758872715140588,1
3.494316761500794,-1.006293704215939,7.772206014698417,0.998,3.014846153846154,835.0,-0.0002970599112241,0.0035687558358148,0.8854972666450431,discharge,0.8985246181455476,0.010060987076583153,3.7587260182864575,1
3.49401970158957,-1.006349479044952,7.775774770534231,0.998,3.0145384615384616,836.0,-0.0002970599112237,0.0035687558358139,0.8853574958840646,discharge,0.8984007495624422,0.010061111663448074,3.758579157185581,1
3.4937226416783465,-1.006405253873965,7.779343526370046,0.998,3.0142307692307693,837.0,-0.0002970599112237,0.0035687558358148,0.8852177173765822,discharge,0.8982768741141779,0.01006125777040135,3.7584321333277435,1
3.4934255817671227,-1.006461028702978,7.78291228220586,0.998,3.013923076923077,838.0,-0.0002970599112237,0.0035687558358139,0.8850779311225957,discharge,0.8981529918007547,0.010061424328293753,3.758284948146565,1
3.4931285218558985,-1.0065168035319911,7.786481038041675,0.998,3.0136153846153846,839.0,-0.0002970599112241,0.0035687558358148,0.8849381371221051,discharge,0.8980291026221727,0.01006161032109294,3.758137603022276,1
3.4928314619446748,-1.006572578361004,7.790049793877489,0.998,3.013307692307692,840.0,-0.0002970599112237,0.0035687558358139,0.8847983353751105,discharge,0.8979052065784319,0.010061814783244536,3.757990099284331,1
3.492534402033451,-1.006628353190017,7.793618549713304,0.998,3.013,841.0,-0.0002970599112237,0.0035687558358148,0.8846585258816119,discharge,0.8977813036695321,0.010062036797164301,3.7578424382139457,1
3.4922518831842635,-1.006594624415012,7.796352284699863,0.998,3.0126923076923076,842.0,-0.0002825188491875,0.0027337349865597,0.8845187210726654,discharge,0.8976574049122076,0.010062231024165263,3.7576964686130565,1
3.491969364335076,-1.0065608956400072,7.799086019686424,0.998,3.012384615384615,843.0,-0.0002825188491875,0.0027337349865605,0.884378920948271,discharge,0.8975335103064583,0.010062398844741883,3.7575503994270214,1
3.4916868454858885,-1.0065271668650022,7.801819754672984,0.998,3.012076923076923,844.0,-0.0002825188491875,0.0027337349865597,0.8842391255084285,discharge,0.8974096198522843,0.010062541570803649,3.75740422974143,1
3.491404326636701,-1.006493438089997,7.804553489659544,0.998,3.0117692307692305,845.0,-0.0002825188491875,0.0027337349865605,0.8840993347531383,discharge,0.8972857335496854,0.010062660449082486,3.757257958706577,1
3.4911218077875135,-1.006459709314992,7.807287224646104,0.998,3.011461538461538,846.0,-0.0002825188491875,0.0027337349865597,0.8839595486824001,discharge,0.8971618513986619,0.010062756664370866,3.757111585534208,1
3.490839288938326,-1.006425980539987,7.810020959632665,0.998,3.011153846153846,847.0,-0.0002825188491875,0.0027337349865605,0.883819767296214,discharge,0.8970379733992135,0.010062831342599053,3.756965109494435,1
3.490556770089138,-1.006392251764982,7.812754694619224,0.998,3.010846153846154,848.0,-0.0002825188491879,0.0027337349865597,0.8836799905945799,discharge,0.8969140995513404,0.010062885553759456,3.7568185299128816,1
3.4902742512399505,-1.0063585229899772,7.815488429605785,0.998,3.0105384615384616,849.0,-0.0002825188491875,0.0027337349865605,0.883540218577498,discharge,0.8967902298550425,0.010062920314685711,3.756671846167795,1
3.489991732390763,-1.0063247942149722,7.818222164592345,0.998,3.0102307692307693,850.0,-0.0002825188491875,0.0027337349865597,0.8834004512449681,discharge,0.8966663643103199,0.010062936591693687,3.7565250576875373,1
3.4897092135415755,-1.006291065439967,7.820955899578905,0.998,3.009923076923077,851.0,-0.0002825188491875,0.0027337349865605,0.8832606885969904,discharge,0.8965425029171724,0.010062935303091271,3.756378163947933,1
3.489426694692388,-1.006257336664962,7.823689634565465,0.998,3.0096153846153846,852.0,-0.0002825188491875,0.0027337349865597,0.8831209306335647,discharge,0.8964186456756003,0.010062917321563485,3.7562311644699666,1
3.4891441758432005,-1.0062236078899571,7.8264233695520256,0.998,3.009307692307692,853.0,-0.0002825188491875,0.0027337349865605,0.8829811773546911,discharge,0.8962947925856033,0.010062883476439095,3.7560840588175535,1
3.488861656994013,-1.0061898791149522,7.829157104538585,0.998,3.009,854.0,-0.0002825188491875,0.0027337349865597,0.8828414287603695,discharge,0.8961709436471815,0.010062834555844603,3.755936846595312,1
3.488595291307788,-1.006005153094896,7.829959865848736,0.998,3.0087142857142855,855.0,-0.0002663656862251,0.0008027613101511,0.8827017058224398,discharge,0.8960471174461396,0.010062696291128123,3.755792644637871,1
3.488328925621562,-1.0058204270748397,7.830762627158888,0.998,3.0084285714285715,856.0,-0.0002663656862256,0.0008027613101511,0.8825620085409016,discharge,0.8959233139824776,0.010062473121035323,3.7556484290099834,1
3.488062559935337,-1.0056357010547834,7.831565388469038,0.998,3.008142857142857,857.0,-0.0002663656862251,0.0008027613101502,0.8824223369157551,discharge,0.8957995332561954,0.010062169263788542,3.7555041959409112,1
3.4877961942491114,-1.005450975034727,7.832368149779189,0.998,3.0078571428571426,858.0,-0.0002663656862256,0.0008027613101511,0.8822826909470003,discharge,0.8956757752672931,0.010061788728042712,3.7553599418687083,1
3.487529828562886,-1.0052662490146709,7.83317091108934,0.998,3.007571428571429,859.0,-0.0002663656862251,0.0008027613101511,0.8821430706346371,discharge,0.8955520400157706,0.010061335323296967,3.7552156634297416,1
3.487263462876661,-1.0050815229946144,7.833973672399491,0.998,3.007285714285714,860.0,-0.0002663656862256,0.0008027613101511,0.8820034759786657,discharge,0.8954283275016279,0.010060812669788994,3.755071357448829,1
3.4869970971904354,-1.004896796974558,7.834776433709642,0.998,3.007,861.0,-0.0002663656862251,0.0008027613101511,0.8818639069790858,discharge,0.8953046377248651,0.010060224207897817,3.7549270209298036,1
3.48673073150421,-1.004712070954502,7.835579195019792,0.998,3.0067142857142857,862.0,-0.0002663656862251,0.0008027613101502,0.8817243636358977,discharge,0.8951809706854822,0.010059573207079436,3.7547826510466322,1
3.4864643658179846,-1.0045273449344456,7.836381956329944,0.998,3.0064285714285712,863.0,-0.0002663656862256,0.0008027613101511,0.8815848459491012,discharge,0.8950573263834791,0.010058862774358534,3.754638245134866,1
3.4861980001317594,-1.0043426189143894,7.837184717640095,0.998,3.0061428571428572,864.0,-0.0002663656862251,0.0008027613101511,0.8814453539186965,discharge,0.8949337048188559,0.010058095862398295,3.7544938006836013,1
3.4859316344455338,-1.0041578928943329,7.837987478950246,0.998,3.005857142857143,865.0,-0.0002663656862256,0.0008027613101511,0.8813058875446834,discharge,0.8948101059916125,0.010057275277169313,3.7543493153278256,1
3.4856652687593086,-1.0039731668742766,7.838790240260396,0.998,3.0055714285714283,866.0,-0.0002663656862251,0.0008027613101502,0.8811664468270619,discharge,0.8946865299017489,0.010056403685237485,3.754204786841096,1
3.485398903073083,-1.0037884408542204,7.839593001570547,0.998,3.0052857142857143,867.0,-0.0002663656862256,0.0008027613101511,0.8810270317658322,discharge,0.8945629765492652,0.010055483620689847,3.7540602131286662,1
3.485132537386858,-1.003603714834164,7.840395762880698,0.998,3.005,868.0,-0.0002663656862251,0.0008027613101511,0.8808876423609941,discharge,0.8944394459341614,0.010054517491716314,3.753915592220821,1
3.4848433183651744,-1.0039834730769133,7.843980065837631,0.9979846153846154,3.004769230769231,869.0,-0.0002892190216834,0.0035843029569324,0.8807482002119557,discharge,0.8943158685757377,0.010053788030839887,3.7537592680715006,1
3.4845540993434905,-1.0043632313196622,7.847564368794563,0.9979692307692308,3.0045384615384614,870.0,-0.0002892190216838,0.0035843029569324,0.8806087053187168,discharge,0.8941922444739945,0.01005328348004597,3.7536025423587325,1
3.484264880321807,-1.0047429895624114,7.851148671751496,0.9979538461538462,3.0043076923076923,871.0,-0.0002892190216834,0.0035843029569324,0.8804691576812775,discharge,0.8940685736289314,0.010052992665475198,3.7534454264914965,1
3.483975661300123,-1.0051227478051603,7.854732974708427,0.9979384615384616,3.004076923076923,872.0,-0.0002892190216838,0.0035843029569315,0.880329557299638,discharge,0.8939448560405487,0.01005290496840176,3.7532879313240235,1
3.4836864422784397,-1.0055025060479097,7.85831727766536,0.9979230769230768,3.003846153846154,873.0,-0.0002892190216834,0.0035843029569324,0.8801899041737979,discharge,0.8938210917088463,0.010053010297653554,3.7531300671834473,1
3.483397223256756,-1.0058822642906586,7.861901580622292,0.9979076923076924,3.0036153846153844,874.0,-0.0002892190216838,0.0035843029569324,0.8800501983037576,discharge,0.8936972806338241,0.01005329906340256,3.752971843895889,1
3.4831080042350724,-1.0062620225334076,7.865485883579224,0.9978923076923076,3.0033846153846153,875.0,-0.0002892190216834,0.0035843029569324,0.8799104396895169,discharge,0.8935734228154822,0.010053762152257329,3.7528132708114676,1
3.4828187852133885,-1.0066417807761567,7.869070186536157,0.9978769230769232,3.003153846153846,876.0,-0.0002892190216838,0.0035843029569324,0.8797706283310758,discharge,0.8934495182538206,0.010054390903592931,3.7526543568279314,1
3.482529566191705,-1.007021539018906,7.872654489493089,0.9978615384615384,3.002923076923077,877.0,-0.0002892190216834,0.0035843029569324,0.8796307642284342,discharge,0.8933255669488392,0.010055177087056855,3.7524951104131428,1
3.482240347170021,-1.0074012972616548,7.876238792450021,0.9978461538461538,3.0026923076923073,878.0,-0.0002892190216838,0.0035843029569315,0.8794908473815923,discharge,0.8932015689005381,0.010056112881192444,3.7523355396264733,1
3.4819511281483377,-1.007781055504404,7.8798230954069535,0.9978307692307692,3.0024615384615383,879.0,-0.0002892190216834,0.0035843029569324,0.87935087779055,discharge,0.8930775241089174,0.010057190853124369,3.7521756521390914,1
3.481661909126654,-1.008160813747153,7.883407398363886,0.9978153846153848,3.002230769230769,880.0,-0.0002892190216838,0.0035843029569324,0.8792108554553074,discharge,0.8929534325739769,0.010058403939253328,3.752015455253288,1
3.4813726901049704,-1.008540571989902,7.886991701320818,0.9978,3.002,881.0,-0.0002892190216834,0.0035843029569324,0.8790707803758644,discharge,0.8928292942957167,0.01005974542690989,3.7518549559208636,1
3.481118487363905,-1.0083134483152805,7.889629931847871,0.9978142857142858,3.0017142857142853,882.0,-0.0002542027410652,0.0026382305270526,0.8789307368413761,discharge,0.8927051839734382,0.010060907429174117,3.7517066912134864,1
3.48086428462284,-1.0080863246406588,7.892268162374924,0.9978285714285714,3.0014285714285713,883.0,-0.0002542027410652,0.0026382305270526,0.8787907248518427,discharge,0.8925811016071417,0.010061898863140833,3.751558515025281,1
3.4806100818817747,-1.0078592009660374,7.894906392901976,0.9978428571428573,3.001142857142857,884.0,-0.0002542027410652,0.0026382305270526,0.8786507444072641,discharge,0.892457047196827,0.010062728202890643,3.751410419330749,1
3.480355879140709,-1.0076320772914158,7.89754462342903,0.9978571428571428,3.000857142857143,885.0,-0.0002542027410656,0.0026382305270535,0.8785107955076402,discharge,0.8923330207424941,0.01006340350149953,3.7512623965245226,1
3.4801016763996437,-1.0074049536167942,7.900182853956083,0.9978714285714286,3.0005714285714284,886.0,-0.0002542027410652,0.0026382305270526,0.8783708781529712,discharge,0.8922090222441431,0.010063932411954971,3.751114439400393,1
3.4798474736585785,-1.0071778299421723,7.902821084483136,0.9978857142857144,3.0002857142857144,887.0,-0.0002542027410652,0.0026382305270526,0.8782309923432571,discharge,0.892085051701774,0.010064322207032916,3.750966541131449,1
3.4795932709175132,-1.006950706267551,7.905459315010188,0.9979,3.0,888.0,-0.0002542027410652,0.0026382305270526,0.8780911380784977,discharge,0.8919611091153866,0.010064579798187251,3.7508186952511986,1
3.479339068176448,-1.0067235825929295,7.908097545537241,0.9979142857142858,2.9997142857142856,889.0,-0.0002542027410652,0.0026382305270526,0.8779513153586931,discharge,0.8918371944849811,0.010064711753500799,3.7506708956356234,1
3.4790848654353828,-1.006496458918308,7.910735776064294,0.9979285714285714,2.9994285714285716,890.0,-0.0002542027410652,0.0026382305270526,0.8778115241838433,discharge,0.8917133078105575,0.010064724314744495,3.75052313648609,1
3.4788306626943175,-1.0062693352436862,7.913374006591346,0.9979428571428572,2.999142857142857,891.0,-0.0002542027410652,0.0026382305270526,0.8776717645539484,discharge,0.8915894490921157,0.010064623413589035,3.7503754123131854,1
3.478576459953252,-1.0060422115690646,7.9160122371184,0.9979571428571428,2.998857142857143,892.0,-0.0002542027410656,0.0026382305270535,0.8775320364690082,discharge,0.8914656183296558,0.010064414687011103,3.7502277179212604,1
3.4783222572121866,-1.0058150878944432,7.9186504676454526,0.9979714285714286,2.9985714285714287,893.0,-0.0002542027410652,0.0026382305270526,0.8773923399290229,discharge,0.8913418155231777,0.010064103491934201,3.750080048393829,1
3.4780680544711213,-1.0055879642198216,7.921288698172505,0.9979857142857144,2.9982857142857147,894.0,-0.0002542027410652,0.0026382305270526,0.8772526749339924,discharge,0.8912180406726814,0.010063694919142096,3.749932399079658,1
3.477813851730056,-1.0053608405452,7.923926928699558,0.998,2.998,895.0,-0.0002542027410652,0.0026382305270526,0.8771130414839167,discharge,0.891094293778167,0.010063193806501024,3.7497847655795056,1
3.477554006962332,-1.005297326902113,7.927761337704964,0.998,2.997769230769231,896.0,-0.000259844767724,0.0038344090054058,0.8769734168551803,discharge,0.8909705547013591,0.010062686035363535,3.749633765375789,1
3.477294162194608,-1.0052338132590262,7.93159574671037,0.998,2.9975384615384617,897.0,-0.000259844767724,0.0038344090054058,0.8768338010477832,discharge,0.890846823442258,0.010062171936533394,3.7494826707213695,1
3.477034317426884,-1.0051702996159395,7.935430155715775,0.998,2.9973076923076927,898.0,-0.000259844767724,0.0038344090054049,0.8766941940617254,discharge,0.8907231000008634,0.010061651824379559,3.7493314816843655,1
3.4767744726591605,-1.0051067859728526,7.939264564721181,0.998,2.997076923076923,899.0,-0.0002598447677235,0.0038344090054058,0.8765545958970069,discharge,0.8905993843771755,0.01006112599765268,3.749180198347978,1
3.4765146278914365,-1.0050432723297658,7.943098973726587,0.998,2.996846153846154,900.0,-0.000259844767724,0.0038344090054058,0.8764150065536278,discharge,0.8904756765711941,0.010060594740261039,3.749028820809743,1
3.4762547831237125,-1.0049797586866789,7.946933382731992,0.998,2.9966153846153847,901.0,-0.000259844767724,0.0038344090054058,0.876275426031588,discharge,0.8903519765829193,0.010060058322007945,3.748877349180775,1
3.4759949383559885,-1.0049162450435922,7.950767791737397,0.998,2.9963846153846156,902.0,-0.000259844767724,0.0038344090054049,0.8761358543308875,discharge,0.8902282844123511,0.010059516999292485,3.748725783585042,1
3.4757350935882645,-1.0048527314005054,7.954602200742803,0.998,2.996153846153846,903.0,-0.000259844767724,0.0038344090054058,0.8759962914515264,discharge,0.8901046000594897,0.010058971015775471,3.7485741241587833,1
3.4754752488205405,-1.0047892177574185,7.958436609748209,0.998,2.995923076923077,904.0,-0.000259844767724,0.0038344090054058,0.8758567373935044,discharge,0.8899809235243348,0.010058420603012288,3.748422371049744,1
3.475215404052817,-1.0047257041143316,7.962271018753615,0.998,2.9956923076923077,905.0,-0.0002598447677235,0.0038344090054058,0.8757171921568219,discharge,0.8898572548068865,0.010057865981054313,3.748270524416693,1
3.474955559285093,-1.004662190471245,7.96610542775902,0.998,2.9954615384615386,906.0,-0.000259844767724,0.0038344090054049,0.8755776557414787,discharge,0.8897335939071448,0.010057307359020455,3.748118584428785,1
3.474695714517369,-1.004598676828158,7.969939836764426,0.998,2.995230769230769,907.0,-0.000259844767724,0.0038344090054058,0.8754381281474748,discharge,0.8896099408251097,0.01005674493564029,3.7479665512650677,1
3.474435869749645,-1.0045351631850712,7.973774245769832,0.998,2.995,908.0,-0.000259844767724,0.0038344090054058,0.8752986093748102,discharge,0.8894862955607812,0.010056178899770223,3.7478144251139396,1
3.4741801152683025,-1.0044898190218805,7.97605636997132,0.998,2.9947142857142857,909.0,-0.0002557544813424,0.0022821242014883,0.8751590968999461,discharge,0.8893626558777318,0.01005561845774534,3.747661830968494,1
3.4739243607869605,-1.0044444748586894,7.978338494172809,0.998,2.9944285714285717,910.0,-0.0002557544813419,0.0022821242014892,0.8750195907228824,discharge,0.8892390217759614,0.010055063331655296,3.7475091328667327,1
3.473668606305618,-1.0043991306954982,7.980620618374298,0.998,2.994142857142857,911.0,-0.0002557544813424,0.0022821242014883,0.8748800908436191,discharge,0.8891153932554701,0.010054513257396732,3.7473563314427394,1
3.473412851824276,-1.0043537865323071,7.982902742575787,0.998,2.9938571428571428,912.0,-0.0002557544813419,0.0022821242014892,0.8747405972621562,discharge,0.8889917703162578,0.010053967983987324,3.747203427316987,1
3.4731570973429338,-1.0043084423691164,7.985184866777275,0.998,2.9935714285714288,913.0,-0.0002557544813424,0.0022821242014883,0.8746011099784938,discharge,0.8888681529583244,0.01005342727291392,3.747050421097048,1
3.472901342861592,-1.0042630982059255,7.987466990978764,0.998,2.9932857142857143,914.0,-0.0002557544813419,0.0022821242014892,0.8744616289926319,discharge,0.8887445411816702,0.010052890897513045,3.7468973133781174,1
3.4726455883802494,-1.0042177540427344,7.989749115180253,0.998,2.9930000000000003,915.0,-0.0002557544813424,0.0022821242014883,0.8743221543045705,discharge,0.888620934986295,0.010052358642382192,3.746744104743648,1
3.472389833898907,-1.0041724098795437,7.992031239381741,0.998,2.992714285714286,916.0,-0.0002557544813424,0.0022821242014883,0.8741826859143094,discharge,0.8884973343721988,0.010051830302820369,3.746590795765952,1
3.472134079417565,-1.0041270657163526,7.99431336358323,0.998,2.992428571428571,917.0,-0.0002557544813419,0.0022821242014892,0.8740432238218487,discharge,0.8883737393393817,0.01005130568429642,3.7464373870066225,1
3.4718783249362226,-1.0040817215531617,7.9965954877847185,0.998,2.9921428571428574,918.0,-0.0002557544813424,0.0022821242014883,0.8739037680271886,discharge,0.8882501498878436,0.010050784601943785,3.7462838790171618,1
3.4716225704548807,-1.0040363773899708,7.998877611986208,0.998,2.991857142857143,919.0,-0.0002557544813419,0.0022821242014892,0.8737643185303289,discharge,0.8881265660175844,0.010050266880080337,3.746130272339391,1
3.4713668159735382,-1.0039910332267796,8.001159736187697,0.998,2.9915714285714285,920.0,-0.0002557544813424,0.0022821242014892,0.8736248753312696,discharge,0.8880029877286044,0.010049752351752097,3.7459765675059344,1
3.4711110614921963,-1.0039456890635887,8.003441860389184,0.998,2.9912857142857145,921.0,-0.0002557544813419,0.0022821242014874,0.8734854384300108,discharge,0.8878794150209034,0.0100492408582996,3.74582276504062,1
3.470855307010854,-1.0039003449003978,8.005723984590674,0.998,2.991,922.0,-0.0002557544813424,0.0022821242014892,0.8733460078265525,discharge,0.8877558478944814,0.010048732248945815,3.745668865458921,1
3.470603684677127,-1.0039925429835848,8.007859748966968,0.998,2.990692307692308,923.0,-0.0002516223337267,0.0021357643762947,0.8732065644178046,discharge,0.8876322694196698,0.010048294713389007,3.745512028790333,1
3.4703520623434,-1.004084741066772,8.009995513343261,0.998,2.9903846153846154,924.0,-0.0002516223337272,0.0021357643762929,0.8730671082037677,discharge,0.8875086795964686,0.010047924720579778,3.7453550097333395,1
3.470100440009673,-1.0041769391499589,8.012131277719556,0.998,2.990076923076923,925.0,-0.0002516223337267,0.0021357643762947,0.8729276391844413,discharge,0.8873850784248779,0.010047618914896386,3.7451978119658262,1
3.469848817675946,-1.0042691372331458,8.01426704209585,0.998,2.9897692307692307,926.0,-0.0002516223337272,0.0021357643762947,0.8727881573598255,discharge,0.8872614659048976,0.010047374107429249,3.7450404389988057,1
3.469597195342219,-1.004361335316333,8.016402806472144,0.998,2.9894615384615384,927.0,-0.0002516223337267,0.0021357643762929,0.8726486627299205,discharge,0.8871378420365278,0.010047187267698446,3.744882894184707,1
3.4693455730084923,-1.00445353339952,8.018538570848438,0.998,2.989153846153846,928.0,-0.0002516223337267,0.0021357643762947,0.8725091552947262,discharge,0.8870142068197684,0.010047055515782688,3.7447251807251467,1
3.469093950674765,-1.0045457314827069,8.020674335224733,0.998,2.988846153846154,929.0,-0.0002516223337272,0.0021357643762947,0.8723696350542425,discharge,0.8868905602546194,0.010046976114839365,3.744567301678468,1
3.4688423283410383,-1.0046379295658938,8.022810099601028,0.998,2.988538461538462,930.0,-0.0002516223337267,0.0021357643762947,0.8722301020084694,discharge,0.8867669023410809,0.010046946463996176,3.7444092599669077,1
3.4685907060073116,-1.004730127649081,8.02494586397732,0.998,2.9882307692307695,931.0,-0.0002516223337267,0.0021357643762929,0.872090556157407,discharge,0.8866432330791528,0.010046964091595934,3.7442510583832394,1
3.4683390836735843,-1.004822325732268,8.027081628353615,0.998,2.987923076923077,932.0,-0.0002516223337272,0.0021357643762947,0.8719509975010553,discharge,0.8865195524688352,0.010047026648776965,3.7440926995972696,1
3.4680874613398576,-1.0049145238154549,8.02921739272991,0.998,2.987615384615385,933.0,-0.0002516223337267,0.0021357643762947,0.8718114260394143,discharge,0.886395860510128,0.010047131903372454,3.7439341861619218,1
3.4678358390061303,-1.005006721898642,8.031353157106203,0.998,2.9873076923076924,934.0,-0.0002516223337272,0.0021357643762929,0.8716718417724839,discharge,0.8862721572030312,0.010047277734112875,3.7437755205190144,1
3.4675842166724036,-1.005098919981829,8.033488921482498,0.998,2.987,935.0,-0.0002516223337267,0.0021357643762947,0.8715322447002642,discharge,0.8861484425475449,0.010047462125116449,3.7436167050047984,1
3.4673267667353396,-1.0051679885105451,8.034840591096284,0.998,2.986769230769231,936.0,-0.000257449937064,0.0013516696137862,0.8713926380351933,discharge,0.8860247193906174,0.010047671669554937,3.743458219548689,1
3.4670693167982756,-1.0052370570392617,8.03619226071007,0.998,2.9865384615384616,937.0,-0.000257449937064,0.0013516696137862,0.8712530217772712,discharge,0.8859009877322489,0.010047905117769181,3.743299603135877,1
3.466811866861212,-1.0053061255679776,8.037543930323857,0.998,2.986307692307693,938.0,-0.0002574499370635,0.0013516696137862,0.8711133959264978,discharge,0.8857772475724394,0.010048161282184904,3.7431408572802956,1
3.466554416924148,-1.005375194096694,8.038895599937645,0.998,2.986076923076923,939.0,-0.000257449937064,0.001351669613788,0.8709737604828733,discharge,0.8856534989111887,0.010048439034228243,3.7429819834366316,1
3.466296966987084,-1.00544426262541,8.04024726955143,0.998,2.985846153846154,940.0,-0.000257449937064,0.0013516696137862,0.8708341154463975,discharge,0.885529741748497,0.010048737301394522,3.742822983003278,1
3.46603951705002,-1.0055133311541264,8.041598939165217,0.998,2.985615384615385,941.0,-0.000257449937064,0.0013516696137862,0.8706944608170706,discharge,0.8854059760843642,0.010049055064462659,3.7426638573251085,1
3.4657820671129564,-1.0055823996828426,8.042950608779003,0.998,2.9853846153846155,942.0,-0.0002574499370635,0.0013516696137862,0.8705547965948924,discharge,0.8852822019187904,0.010049391354847946,3.7425046076960786,1
3.4655246171758924,-1.005651468211559,8.04430227839279,0.998,2.985153846153846,943.0,-0.000257449937064,0.0013516696137862,0.8704151227798631,discharge,0.8851584192517754,0.010049745252086375,3.742345235361814,1
3.4652671672388284,-1.005720536740275,8.045653948006576,0.998,2.984923076923077,944.0,-0.000257449937064,0.0013516696137862,0.8702754393719825,discharge,0.8850346280833195,0.010050115881443927,3.7421857415219715,1
3.4650097173017644,-1.0057896052689914,8.047005617620364,0.998,2.9846923076923075,945.0,-0.000257449937064,0.001351669613788,0.8701357463712507,discharge,0.8849108284134224,0.010050502411644634,3.7420261273324837,1
3.464752267364701,-1.0058586737977075,8.04835728723415,0.998,2.9844615384615385,946.0,-0.0002574499370635,0.0013516696137862,0.8699960437776677,discharge,0.8847870202420842,0.010050904052711529,3.7418663939077703,1
3.464494817427637,-1.005927742326424,8.049708956847937,0.998,2.984230769230769,947.0,-0.000257449937064,0.0013516696137862,0.8698563315912334,discharge,0.8846632035693051,0.010051320053914846,3.7417065423227327,1
3.464237367490573,-1.00599681085514,8.051060626461723,0.998,2.984,948.0,-0.000257449937064,0.0013516696137862,0.869716609811948,discharge,0.8845393783950848,0.01005174970182216,3.741546573614773,1
3.46398850516428,-1.0060130516283892,8.05561720638973,0.998,2.9837857142857143,949.0,-0.000248862326293,0.0045565799280069,0.8695768857769997,discharge,0.8844155512218358,0.010052166072849682,3.7413875798988196,1
3.4637396428379867,-1.0060292924016383,8.060173786317735,0.998,2.9835714285714285,950.0,-0.000248862326293,0.0045565799280051,0.8694371594863882,discharge,0.884291722049558,0.01005256982661207,3.7412285042980913,1
3.4634907805116937,-1.0060455331748874,8.064730366245742,0.998,2.983357142857143,951.0,-0.000248862326293,0.0045565799280069,0.869297430940114,discharge,0.8841678908782514,0.010052961589953368,3.7410693465233003,1
3.4632419181854,-1.0060617739481368,8.069286946173747,0.998,2.983142857142857,952.0,-0.0002488623262935,0.0045565799280051,0.8691577001381767,discharge,0.884044057707916,0.010053341958575103,3.7409101063159786,1
3.462993055859107,-1.006078014721386,8.073843526101754,0.998,2.9829285714285714,953.0,-0.000248862326293,0.0045565799280069,0.8690179670805765,discharge,0.8839202225385518,0.010053711498583482,3.740750783446887,1
3.462744193532814,-1.006094255494635,8.07840010602976,0.998,2.9827142857142857,954.0,-0.000248862326293,0.0045565799280051,0.8688782317673134,discharge,0.8837963853701589,0.010054070747959734,3.7405913777145523,1
3.462495331206521,-1.0061104962678842,8.082956685957766,0.998,2.9825,955.0,-0.000248862326293,0.0045565799280069,0.8687384941983873,discharge,0.8836725462027372,0.010054420217957404,3.7404318889439043,1
3.462246468880228,-1.006126737041133,8.087513265885773,0.998,2.982285714285714,956.0,-0.000248862326293,0.0045565799280069,0.8685987543737983,discharge,0.8835487050362867,0.01005476039443021,3.740272316984914,1
3.461997606553935,-1.0061429778143824,8.092069845813779,0.998,2.9820714285714285,957.0,-0.000248862326293,0.0045565799280051,0.8684590122935463,discharge,0.8834248618708074,0.01005509173909396,3.7401126617113367,1
3.461748744227642,-1.0061592185876316,8.096626425741785,0.998,2.9818571428571428,958.0,-0.000248862326293,0.0045565799280069,0.8683192679576313,discharge,0.8833010167062993,0.010055414690725746,3.7399529230195263,1
3.4614998819013483,-1.006175459360881,8.10118300566979,0.998,2.981642857142857,959.0,-0.0002488623262935,0.0045565799280051,0.8681795213660535,discharge,0.8831771695427625,0.01005572966630358,3.7397931008272853,1
3.461251019575055,-1.00619170013413,8.105739585597798,0.998,2.9814285714285713,960.0,-0.000248862326293,0.0045565799280069,0.8680397725188126,discharge,0.8830533203801969,0.0100560370620894,3.7396331950727713,1
3.461002157248762,-1.0062079409073792,8.110296165525803,0.998,2.9812142857142856,961.0,-0.000248862326293,0.0045565799280051,0.8679000214159087,discharge,0.8829294692186025,0.010056337254658276,3.7394732057135043,1
3.460753294922469,-1.0062241816806283,8.11485274545381,0.998,2.981,962.0,-0.000248862326293,0.0045565799280069,0.867760268057342,discharge,0.8828056160579794,0.01005663060187648,3.7393131327253384,1
3.4605151288265708,-1.0061658677211407,8.118027600389363,0.998,2.9806923076923075,963.0,-0.0002381660958983,0.003174854935553,0.8676205227979363,discharge,0.8826817700750491,0.010056880403957556,3.7391545160604163,1
3.460276962730672,-1.006107553761653,8.121202455324916,0.998,2.980384615384615,964.0,-0.0002381660958987,0.003174854935553,0.8674807856376916,discharge,0.8825579312698117,0.010057088824287125,3.738995862813082,1
3.4600387966347737,-1.0060492398021657,8.124377310260469,0.998,2.980076923076923,965.0,-0.0002381660958983,0.003174854935553,0.867341056576608,discharge,0.8824340996422674,0.010057257918770669,3.7388371712792967,1
3.459800630538875,-1.005990925842678,8.127552165196024,0.998,2.9797692307692305,966.0,-0.0002381660958987,0.0031748549355548,0.8672013356146854,discharge,0.8823102751924159,0.010057389641173304,3.7386784398567317,1
3.4595624644429765,-1.0059326118831904,8.130727020131577,0.998,2.979461538461538,967.0,-0.0002381660958983,0.003174854935553,0.8670616227519239,discharge,0.8821864579202574,0.010057485848194252,3.7385196670395517,1
3.459324298347078,-1.0058742979237028,8.13390187506713,0.998,2.979153846153846,968.0,-0.0002381660958983,0.003174854935553,0.8669219179883233,discharge,0.8820626478257918,0.01005754830428923,3.7383608514137143,1
3.459086132251179,-1.0058159839642151,8.137076730002683,0.998,2.978846153846154,969.0,-0.0002381660958987,0.003174854935553,0.8667822213238838,discharge,0.8819388449090191,0.010057578686253229,3.7382019916523066,1
3.458847966155281,-1.0057576700047277,8.140251584938236,0.998,2.9785384615384616,970.0,-0.0002381660958983,0.003174854935553,0.8666425327586054,discharge,0.8818150491699394,0.010057578587575633,3.738043086511268,1
3.458609800059383,-1.00569935604524,8.143426439873789,0.998,2.9782307692307692,971.0,-0.0002381660958983,0.003174854935553,0.866502852292488,discharge,0.8816912606085525,0.010057549522578963,3.7378841348251752,1
3.458371633963484,-1.0056410420857524,8.146601294809344,0.998,2.977923076923077,972.0,-0.0002381660958987,0.0031748549355548,0.8663631799255317,discharge,0.8815674792248586,0.010057492930351995,3.7377251355033456,1
3.4581334678675857,-1.005582728126265,8.149776149744897,0.998,2.977615384615385,973.0,-0.0002381660958983,0.003174854935553,0.8662235156577364,discharge,0.8814437050188576,0.010057410178487484,3.737566087526119,1
3.457895301771687,-1.0055244141667774,8.15295100468045,0.998,2.977307692307692,974.0,-0.0002381660958987,0.003174854935553,0.866083859489102,discharge,0.8813199379905495,0.010057302566634198,3.7374069899412583,1
3.4576571356757886,-1.0054661002072898,8.156125859616003,0.998,2.977,975.0,-0.0002381660958983,0.003174854935553,0.8659442114196289,discharge,0.8811961781399344,0.010057171329872463,3.7372478418606168,1
3.4574247462162258,-1.0055317354440338,8.157360155184163,0.998,2.976857142857143,976.0,-0.0002323894595628,0.0012342955681603,0.8658045542341505,discharge,0.881072410210472,0.010057079221681881,3.7370860820988927,1
3.4571923567566634,-1.005597370680778,8.158594450752323,0.998,2.9767142857142854,977.0,-0.0002323894595623,0.0012342955681603,0.865664887932667,discharge,0.8809486342021623,0.01005702429809824,3.736924191899353,1
3.4569599672971005,-1.0056630059175222,8.159828746320485,0.998,2.9765714285714284,978.0,-0.0002323894595628,0.0012342955681621,0.8655252125151786,discharge,0.8808248501150052,0.010057004711736291,3.736762173424563,1
3.456727577837538,-1.0057286411542663,8.161063041888646,0.998,2.976428571428571,979.0,-0.0002323894595623,0.0012342955681603,0.8653855279816849,discharge,0.8807010579490009,0.010057018706991569,3.7366000287450025,1
3.4564951883779753,-1.0057942763910106,8.162297337456806,0.998,2.9762857142857144,980.0,-0.0002323894595628,0.0012342955681603,0.865245834332186,discharge,0.8805772577041492,0.010057064615480584,3.736437759843721,1
3.456262798918413,-1.005859911627755,8.163531633024967,0.998,2.976142857142857,981.0,-0.0002323894595623,0.0012342955681603,0.8651061315666823,discharge,0.8804534493804502,0.010057140851707561,3.7362753686206083,1
3.45603040945885,-1.0059255468644988,8.164765928593127,0.998,2.976,982.0,-0.0002323894595628,0.0012342955681603,0.8649664196851733,discharge,0.880329632977904,0.010057245908946457,3.73611285689655,1
3.4557980199992873,-1.005991182101243,8.166000224161289,0.998,2.975857142857143,983.0,-0.0002323894595628,0.0012342955681621,0.8648266986876592,discharge,0.8802058084965104,0.010057378355327565,3.735950226417306,1
3.455565630539725,-1.0060568173379871,8.16723451972945,0.998,2.9757142857142855,984.0,-0.0002323894595623,0.0012342955681603,0.8646869685741401,discharge,0.8800819759362696,0.010057536830118542,3.7357874788572834,1
3.455333241080162,-1.0061224525747314,8.16846881529761,0.998,2.9755714285714285,985.0,-0.0002323894595628,0.0012342955681603,0.8645472293446158,discharge,0.8799581352971814,0.010057720040190206,3.735624615823012,1
3.4551008516205997,-1.0061880878114755,8.16970311086577,0.998,2.9754285714285715,986.0,-0.0002323894595623,0.0012342955681603,0.8644074809990865,discharge,0.8798342865792459,0.010057926756657908,3.735461638856533,1
3.454868462161037,-1.0062537230482196,8.170937406433932,0.998,2.9752857142857145,987.0,-0.0002323894595628,0.0012342955681621,0.864267723537552,discharge,0.879710429782463,0.010058155811689774,3.7352985494385846,1
3.4546360727014744,-1.006319358284964,8.172171702002093,0.998,2.975142857142857,988.0,-0.0002323894595623,0.0012342955681603,0.8641279569600124,discharge,0.879586564906833,0.010058406095473506,3.735135348991635,1
3.4544036832419116,-1.006384993521708,8.173405997570253,0.998,2.975,989.0,-0.0002323894595628,0.0012342955681603,0.8639881812664677,discharge,0.8794626919523556,0.010058676553333902,3.734972038882788,1
3.4541628141252203,-1.0062426701501437,8.176568280093987,0.998,2.9746923076923077,990.0,-0.0002408691166913,0.0031622825237338,0.863848425340058,discharge,0.8793388365160414,0.010058862866138343,3.734812916358934,1
3.4539219450085294,-1.0061003467785794,8.179730562617722,0.998,2.9743846153846154,991.0,-0.0002408691166908,0.0031622825237356,0.8637086891807831,discharge,0.8792149985978903,0.01005896921433535,3.734653818427858,1
3.453681075891838,-1.0059580234070151,8.182892845141456,0.998,2.974076923076923,992.0,-0.0002408691166913,0.0031622825237338,0.8635689727886433,discharge,0.8790911781979024,0.010058999570682695,3.734494741476446,1
3.453440206775147,-1.0058157000354508,8.18605512766519,0.998,2.9737692307692307,993.0,-0.0002408691166913,0.0031622825237338,0.8634292761636384,discharge,0.8789673753160776,0.010058957710565768,3.734335682088339,1
3.453199337658456,-1.0056733766638866,8.189217410188926,0.998,2.9734615384615384,994.0,-0.0002408691166908,0.0031622825237356,0.8632895993057683,discharge,0.8788435899524161,0.010058847221803342,3.734176637034093,1
3.4529584685417647,-1.0055310532923225,8.19237969271266,0.998,2.973153846153846,995.0,-0.0002408691166913,0.0031622825237338,0.8631499422150333,discharge,0.8787198221069177,0.010058671513966144,3.734017603261865,1
3.4527175994250734,-1.0053887299207578,8.195541975236393,0.998,2.972846153846154,996.0,-0.0002408691166913,0.0031622825237338,0.8630103048914333,discharge,0.8785960717795824,0.010058433827232474,3.7338585778885194,1
3.452476730308382,-1.0052464065491935,8.198704257760127,0.998,2.972538461538462,997.0,-0.0002408691166913,0.0031622825237338,0.8628706873349681,discharge,0.8784723389704103,0.010058137240803873,3.73369955819126,1
3.4522358611916912,-1.0051040831776292,8.201866540283863,0.998,2.9722307692307695,998.0,-0.0002408691166908,0.0031622825237356,0.8627310895456378,discharge,0.8783486236794015,0.010057784680902682,3.7335405415995924,1
3.451994992075,-1.004961759806065,8.205028822807597,0.998,2.971923076923077,999.0,-0.0002408691166913,0.0031622825237338,0.8625915115234425,discharge,0.8782249259065558,0.010057378928372267,3.733381525687799,1
3.4517541229583086,-1.004819436434501,8.20819110533133,0.998,2.9716153846153848,1000.0,-0.0002408691166913,0.0031622825237338,0.8624519532683822,discharge,0.8781012456518732,0.010056922625899658,3.7332225081676427,1
3.451513253841618,-1.0046771130629364,8.211353387855066,0.998,2.9713076923076924,1001.0,-0.0002408691166908,0.0031622825237356,0.8623124147804568,discharge,0.8779775829153538,0.010056418284879359,3.733063486881507,1
3.4512723847249265,-1.004534789691372,8.2145156703788,0.998,2.971,1002.0,-0.0002408691166913,0.0031622825237338,0.8621728960596663,discharge,0.8778539376969976,0.010055868291936148,3.7329044597958885,1
3.4510290576462457,-1.004705236530879,8.218407003540824,0.998,2.970846153846154,1003.0,-0.0002433270786807,0.0038913331620236,0.8620333536657037,discharge,0.8777302714988436,0.010055430303904657,3.732738963595766,1
3.450785730567565,-1.004875683370386,8.222298336702847,0.998,2.9706923076923077,1004.0,-0.0002433270786807,0.0038913331620236,0.8618937875985689,discharge,0.877606584320892,0.010055098756218293,3.732573259532954,1
3.4505424034888845,-1.005046130209893,8.22618966986487,0.998,2.9705384615384616,1005.0,-0.0002433270786803,0.0038913331620236,0.861754197858262,discharge,0.8774828761631426,0.010054868360766207,3.7324073531785844,1
3.4502990764102037,-1.0052165770494,8.230081003026894,0.998,2.9703846153846154,1006.0,-0.0002433270786807,0.0038913331620236,0.8616145844447829,discharge,0.8773591470255955,0.010054734092158573,3.7322412498409636,1
3.450055749331523,-1.0053870238889069,8.233972336188918,0.998,2.9702307692307692,1007.0,-0.0002433270786807,0.0038913331620236,0.8614749473581317,discharge,0.8772353969082507,0.010054691174674231,3.73207495457872,1
3.449812422252842,-1.0055574707284138,8.237863669350942,0.998,2.970076923076923,1008.0,-0.0002433270786807,0.0038913331620236,0.8613352865983083,discharge,0.8771116258111081,0.010054735069856772,3.7319084722131644,1
3.4495690951741618,-1.0057279175679206,8.241755002512964,0.998,2.969923076923077,1009.0,-0.0002433270786803,0.0038913331620218,0.8611956021653128,discharge,0.8769878337341679,0.010054861464726894,3.731741807340049,1
3.449325768095481,-1.0058983644074275,8.245646335674987,0.998,2.9697692307692307,1010.0,-0.0002433270786807,0.0038913331620236,0.8610558940591451,discharge,0.87686402067743,0.010055066260580368,3.7315749643408034,1
3.4490824410168,-1.0060688112469345,8.24953766883701,0.998,2.9696153846153845,1011.0,-0.0002433270786807,0.0038913331620236,0.8609161622798052,discharge,0.8767401866408943,0.010055345562342539,3.731407947393208,1
3.4488391139381194,-1.0062392580864414,8.253429001999034,0.998,2.9694615384615384,1012.0,-0.0002433270786807,0.0038913331620236,0.8607764068272932,discharge,0.8766163316245609,0.010055695668451714,3.7312407604814237,1
3.448595786859439,-1.0064097049259484,8.257320335161058,0.998,2.969307692307692,1013.0,-0.0002433270786803,0.0038913331620236,0.860636627701609,discharge,0.8764924556284297,0.010056113061245158,3.7310734074056926,1
3.448352459780758,-1.0065801517654551,8.261211668323082,0.998,2.969153846153846,1014.0,-0.0002433270786807,0.0038913331620236,0.8604968249027527,discharge,0.8763685586525009,0.01005659439782273,3.73090589179144,1
3.4481091327020774,-1.0067505986049623,8.265103001485105,0.998,2.969,1015.0,-0.0002433270786807,0.0038913331620236,0.8603569984307242,discharge,0.8762446406967743,0.010057136501364417,3.7307382170979206,1
3.447891232583263,-1.006692782355114,8.26803886548776,0.998,2.9687142857142854,1016.0,-0.0002179001188142,0.0029358640026551,0.8602171799887305,discharge,0.8761207298574791,0.01005762294846312,3.730575102438111,1
3.447673332464449,-1.0066349661052654,8.270974729490417,0.998,2.9684285714285714,1017.0,-0.0002179001188142,0.0029358640026568,0.8600773695767714,discharge,0.8759968261346152,0.010058056504211715,3.730411980114954,1
3.4474554323456346,-1.006577149855417,8.273910593493072,0.998,2.968142857142857,1018.0,-0.0002179001188142,0.0029358640026551,0.859937567194847,discharge,0.8758729295281825,0.010058439796329248,3.730248847830124,1
3.4472375322268207,-1.0065193336055689,8.276846457495727,0.998,2.9678571428571425,1019.0,-0.0002179001188138,0.0029358640026551,0.8597977728429573,discharge,0.8757490400381812,0.010058775321985871,3.730085703415266,1
3.4470196321080064,-1.0064615173557203,8.279782321498384,0.998,2.9675714285714285,1020.0,-0.0002179001188142,0.0029358640026568,0.8596579865211025,discharge,0.8756251576646112,0.010059065454288696,3.7299225448257216,1
3.446801731989192,-1.0064037011058715,8.28271818550104,0.998,2.967285714285714,1021.0,-0.0002179001188142,0.0029358640026551,0.8595182082292822,discharge,0.8755012824074726,0.01005931244844543,3.7297593701341594,1
3.446583831870378,-1.0063458848560234,8.285654049503696,0.998,2.967,1022.0,-0.0002179001188142,0.0029358640026568,0.8593784379674966,discharge,0.8753774142667653,0.010059518447621785,3.729596177524866,1
3.4463659317515636,-1.006288068606175,8.288589913506351,0.998,2.9667142857142856,1023.0,-0.0002179001188142,0.0029358640026551,0.8592386757357457,discharge,0.8752535532424893,0.010059685488507896,3.729432965288075,1
3.4461480316327493,-1.0062302523563265,8.291525777509007,0.998,2.966428571428571,1024.0,-0.0002179001188142,0.0029358640026551,0.8590989215340296,discharge,0.8751296993346446,0.01005981550660817,3.7292697318147705,1
3.445930131513935,-1.006172436106478,8.294461641511663,0.998,2.966142857142857,1025.0,-0.0002179001188142,0.0029358640026568,0.8589591753623481,discharge,0.8750058525432312,0.010059910341268347,3.7291064755915815,1
3.445712231395121,-1.0061146198566298,8.297397505514319,0.998,2.9658571428571427,1026.0,-0.0002179001188138,0.0029358640026551,0.8588194372207014,discharge,0.8748820128682491,0.0100599717404528,3.72894319519607,1
3.445494331276307,-1.0060568036067814,8.300333369516974,0.998,2.9655714285714283,1027.0,-0.0002179001188142,0.0029358640026551,0.8586797071090894,discharge,0.8747581803096983,0.010060001365284501,3.7287798892921105,1
3.4452764311574926,-1.0059989873569328,8.30326923351963,0.998,2.9652857142857143,1028.0,-0.0002179001188142,0.0029358640026568,0.8585399850275119,discharge,0.8746343548675789,0.010060000794359411,3.7286165566256835,1
3.4450585310386783,-1.0059411711070845,8.306205097522286,0.998,2.965,1029.0,-0.0002179001188142,0.0029358640026551,0.8584002709759693,discharge,0.8745105365418908,0.010059971527846559,3.7284531960206717,1
3.444823082725883,-1.0059603848514258,8.308703197329576,0.998,2.9648461538461537,1030.0,-0.0002354483127948,0.0024980998072905,0.858260554255851,discharge,0.8743867158512397,0.01005995326100363,3.728288214897841,1
3.444587634413089,-1.005979598595767,8.311201297136867,0.998,2.9646923076923075,1031.0,-0.0002354483127948,0.0024980998072905,0.8581208348671572,discharge,0.8742628927956256,0.010059945447351056,3.7281231547116813,1
3.4443521861002937,-1.0059988123401082,8.313699396944159,0.998,2.9645384615384613,1032.0,-0.0002354483127948,0.0024980998072923,0.8579811128098878,discharge,0.8741390673750485,0.010059947567559168,3.7279580162892856,1
3.4441167377874984,-1.0060180260844491,8.31619749675145,0.998,2.964384615384615,1033.0,-0.0002354483127953,0.0024980998072905,0.8578413880840428,discharge,0.8740152395895084,0.010059959128099346,3.7277928004316356,1
3.4438812894747035,-1.006037239828791,8.31869559655874,0.998,2.964230769230769,1034.0,-0.0002354483127948,0.0024980998072905,0.8577016606896221,discharge,0.8738914094390053,0.01005997965996219,3.7276275079148475,1
3.4436458411619086,-1.006056453573132,8.32119369636603,0.998,2.964076923076923,1035.0,-0.0002354483127948,0.0024980998072905,0.8575619306266258,discharge,0.8737675769235392,0.010060008717439367,3.7274621394914007,1
3.4434103928491138,-1.006075667317473,8.323691796173323,0.998,2.963923076923077,1036.0,-0.0002354483127948,0.0024980998072923,0.8574221978950539,discharge,0.8736437420431101,0.010060045876965984,3.727296695891301,1
3.443174944536319,-1.0060948810618144,8.326189895980614,0.998,2.963769230769231,1037.0,-0.0002354483127948,0.0024980998072905,0.8572824624949065,discharge,0.873519904797718,0.010060090736020466,3.7271311778231815,1
3.442939496223524,-1.0061140948061558,8.328687995787904,0.998,2.9636153846153848,1038.0,-0.0002354483127948,0.0024980998072905,0.8571427244261833,discharge,0.8733960651873629,0.010060142912079089,3.7269655859753366,1
3.4427040479107287,-1.0061333085504969,8.331186095595195,0.998,2.9634615384615386,1039.0,-0.0002354483127953,0.0024980998072905,0.8570029836888846,discharge,0.8732722232120448,0.010060202041622468,3.726799921016722,1
3.442468599597934,-1.0061525222948382,8.333684195402487,0.998,2.9633076923076924,1040.0,-0.0002354483127948,0.0024980998072923,0.8568632402830104,discharge,0.8731483788717637,0.010060267779191386,3.7266341835979127,1
3.442233151285139,-1.0061717360391793,8.336182295209777,0.998,2.9631538461538462,1041.0,-0.0002354483127948,0.0024980998072905,0.8567234942085604,discharge,0.8730245321665195,0.010060339796489544,3.726468374351967,1
3.441997702972344,-1.0061909497835206,8.338680395017068,0.998,2.963,1042.0,-0.0002354483127948,0.0024980998072905,0.856583745465535,discharge,0.8729006830963124,0.010060417781530877,3.726302493895324,1
3.441805008591175,-1.0061339073830164,8.341655481347244,0.998,2.9627142857142856,1043.0,-0.0001926943811692,0.002975086330176,0.8564440046450651,discharge,0.8727768410472857,0.010060463552669596,3.7261381183801823,1
3.4416123142100052,-1.006076864982512,8.344630567677418,0.998,2.9624285714285716,1044.0,-0.0001926943811696,0.0029750863301742,0.8563042717471508,discharge,0.8726530060194395,0.010060478710339143,3.725973721400938,1
3.441419619828836,-1.0060198225820076,8.347605654007594,0.998,2.962142857142857,1045.0,-0.0001926943811692,0.002975086330176,0.8561645467717923,discharge,0.8725291780127739,0.010060464775461101,3.7258093017538805,1
3.441226925447667,-1.0059627801815034,8.35058074033777,0.998,2.9618571428571427,1046.0,-0.0001926943811692,0.002975086330176,0.8560248297189893,discharge,0.8724053570272886,0.010060423193395467,3.7256448583104405,1
3.441034231066497,-1.0059057377809992,8.353555826667945,0.998,2.9615714285714287,1047.0,-0.0001926943811696,0.0029750863301742,0.8558851205887419,discharge,0.8722815430629839,0.010060355337694648,3.7254803900133644,1
3.440841536685328,-1.0058486953804948,8.356530912998121,0.998,2.9612857142857143,1048.0,-0.0001926943811692,0.002975086330176,0.8557454193810502,discharge,0.8721577361198597,0.010060262513670981,3.7253158958731705,1
3.440648842304159,-1.0057916529799904,8.359505999328295,0.998,2.9610000000000003,1049.0,-0.0001926943811692,0.0029750863301742,0.8556057260959141,discharge,0.8720339361979159,0.010060145961786983,3.7251513749647263,1
3.440456147922989,-1.0057346105794862,8.362481085658471,0.998,2.960714285714286,1050.0,-0.0001926943811696,0.002975086330176,0.8554660407333337,discharge,0.8719101432971527,0.0100600068608772,3.724986826424101,1
3.44026345354182,-1.005677568178982,8.365456171988647,0.998,2.9604285714285714,1051.0,-0.0001926943811692,0.002975086330176,0.8553263632933088,discharge,0.8717863574175699,0.010059846331209963,3.724822249445423,1
3.4400707591606503,-1.0056205257784776,8.368431258318822,0.998,2.9601428571428574,1052.0,-0.0001926943811696,0.0029750863301742,0.8551866937758394,discharge,0.8716625785591676,0.010059665437397048,3.724657643278022,1
3.439878064779481,-1.0055634833779732,8.371406344648998,0.998,2.959857142857143,1053.0,-0.0001926943811692,0.002975086330176,0.8550470321809258,discharge,0.8715388067219458,0.01005946519115877,3.7244930072236504,1
3.439685370398312,-1.005506440977469,8.374381430979174,0.998,2.9595714285714285,1054.0,-0.0001926943811692,0.002975086330176,0.8549073785085679,discharge,0.8714150419059046,0.010059246553951712,3.72432834063386,1
3.4394926760171423,-1.0054493985769648,8.377356517309348,0.998,2.9592857142857145,1055.0,-0.0001926943811696,0.0029750863301742,0.8547677327587655,discharge,0.8712912841110437,0.010059010439465898,3.72416364290749,1
3.439299981635973,-1.0053923561764604,8.380331603639524,0.998,2.959,1056.0,-0.0001926943811692,0.002975086330176,0.8546280949315188,discharge,0.8711675333373634,0.010058757715997907,3.7239989134883005,1
3.4390614018722188,-1.005422929712924,8.38332412693296,0.998,2.958846153846154,1057.0,-0.0002385797637542,0.002992523293436,0.8544884528579475,discharge,0.8710437788004768,0.010058532737575343,3.7238323415306693,1
3.4388228221084645,-1.0054535032493876,8.386316650226396,0.998,2.9586923076923077,1058.0,-0.0002385797637542,0.002992523293436,0.8543488065380518,discharge,0.870920020500384,0.010058334125784078,3.7236656810279722,1
3.43858424234471,-1.0054840767858513,8.389309173519834,0.998,2.9585384615384616,1059.0,-0.0002385797637542,0.0029925232934377,0.8542091559718316,discharge,0.870796258437085,0.010058160570691596,3.723498933586084,1
3.4383456625809554,-1.005514650322315,8.39230169681327,0.998,2.9583846153846154,1060.0,-0.0002385797637547,0.002992523293436,0.8540695011592867,discharge,0.8706724926105797,0.010058010827444733,3.7233321007454565,1
3.438107082817201,-1.0055452238587783,8.395294220106706,0.998,2.958230769230769,1061.0,-0.0002385797637542,0.002992523293436,0.8539298421004176,discharge,0.8705487230208682,0.010057883713036434,3.7231651839844004,1
3.437868503053447,-1.0055757973952422,8.398286743400142,0.998,2.958076923076923,1062.0,-0.0002385797637542,0.002992523293436,0.8537901787952237,discharge,0.8704249496679504,0.010057778103233151,3.7229981847221643,1
3.4376299232896925,-1.005606370931706,8.40127926669358,0.998,2.957923076923077,1063.0,-0.0002385797637542,0.0029925232934377,0.8536505112437054,discharge,0.8703011725518264,0.010057692929654895,3.7228311043217825,1
3.4373913435259382,-1.0056369444681696,8.404271789987016,0.998,2.9577692307692307,1064.0,-0.0002385797637542,0.002992523293436,0.8535108394458626,discharge,0.8701773916724961,0.01005762717700034,3.7226639440929326,1
3.437152763762184,-1.0056675180046333,8.407264313280452,0.998,2.9576153846153845,1065.0,-0.0002385797637542,0.002992523293436,0.8533711634016953,discharge,0.8700536070299596,0.010057579880409805,3.722496705294549,1
3.436914183998429,-1.005698091541097,8.410256836573888,0.998,2.9574615384615384,1066.0,-0.0002385797637547,0.002992523293436,0.8532314831112034,discharge,0.8699298186242168,0.010057550122959242,3.7223293891373017,1
3.436675604234675,-1.0057286650775603,8.413249359867326,0.998,2.957307692307692,1067.0,-0.0002385797637542,0.0029925232934377,0.8530917985743871,discharge,0.8698060264552678,0.01005753703327872,3.722161996786002,1
3.4364370244709206,-1.0057592386140242,8.416241883160762,0.998,2.957153846153846,1068.0,-0.0002385797637542,0.002992523293436,0.8529521097912462,discharge,0.8696822305231126,0.010057539783289228,3.721994529361877,1
3.4361984447071663,-1.0057898121504878,8.419234406454198,0.998,2.957,1069.0,-0.0002385797637542,0.002992523293436,0.852812416761781,discharge,0.8695584308277511,0.010057557586051922,3.721826987944689,1
3.4359443523830775,-1.005775073480262,8.420774312967282,0.998,2.9566923076923075,1070.0,-0.0002540923240887,0.0015399065130843,0.8526727257793532,discharge,0.869434632946529,0.01005756718196222,3.721660309853901,1
3.4356902600589887,-1.005760334810036,8.422314219480366,0.998,2.956384615384615,1071.0,-0.0002540923240887,0.0015399065130843,0.8525330368439629,discharge,0.8693108368794462,0.01005756897874846,3.721493588737062,1
3.4354361677349,-1.00574559613981,8.42385412599345,0.998,2.956076923076923,1072.0,-0.0002540923240887,0.0015399065130843,0.8523933499556101,discharge,0.8691870426265028,0.010057563363882445,3.721326824505688,1
3.4351820754108107,-1.0057308574695842,8.425394032506535,0.998,2.9557692307692305,1073.0,-0.0002540923240892,0.0015399065130843,0.8522536651142949,discharge,0.8690632501876988,0.010057550705585819,3.7211600170901664,1
3.434927983086722,-1.0057161187993582,8.42693393901962,0.998,2.955461538461538,1074.0,-0.0002540923240887,0.0015399065130843,0.8521139823200172,discharge,0.8689394595630341,0.010057531353786437,3.7209931664387996,1
3.434673890762633,-1.0057013801291323,8.428473845532704,0.998,2.955153846153846,1075.0,-0.0002540923240887,0.0015399065130843,0.8519743015727771,discharge,0.8688156707525088,0.010057505641027233,3.7208262725168404,1
3.4344197984385443,-1.0056866414589063,8.43001375204579,0.998,2.954846153846154,1076.0,-0.0002540923240887,0.0015399065130861,0.8518346228725744,discharge,0.8686918837561228,0.010057473883329924,3.720659335305721,1
3.4341657061144555,-1.005671902788681,8.431553658558874,0.998,2.9545384615384616,1077.0,-0.0002540923240887,0.0015399065130843,0.8516949462194093,discharge,0.8685680985738762,0.010057436381015809,3.720492354802195,1
3.4339116137903667,-1.0056571641184546,8.433093565071959,0.998,2.954230769230769,1078.0,-0.0002540923240887,0.0015399065130843,0.8515552716132818,discharge,0.8684443152057689,0.010057393419485791,3.720325331017491,1
3.4336575214662775,-1.0056424254482288,8.434633471585043,0.998,2.953923076923077,1079.0,-0.0002540923240892,0.0015399065130843,0.8514155990541917,discharge,0.8683205336518011,0.010057345269961639,3.720158263976702,1
3.4334034291421887,-1.005627686778003,8.436173378098127,0.998,2.9536153846153845,1080.0,-0.0002540923240887,0.0015399065130843,0.8512759285421392,discharge,0.8681967539119725,0.010057292190190432,3.719991153717916,1
3.4331493368181,-1.005612948107777,8.437713284611212,0.998,2.953307692307692,1081.0,-0.0002540923240887,0.0015399065130843,0.8511362600771243,discharge,0.8680729759862833,0.010057234425114,3.71982400029174,1
3.432895244494011,-1.005598209437551,8.439253191124296,0.998,2.953,1082.0,-0.0002540923240887,0.0015399065130843,0.8509965936591468,discharge,0.8679491998747335,0.010057172207505106,3.7196568037604836,1
3.4326933692001234,-1.0055232068470477,8.44354219129429,0.998,2.952857142857143,1083.0,-0.0002018752938877,0.0042890001699937,0.8508569376581958,discharge,0.8678254329950309,0.010057075818581682,3.7194908094617545,1
3.4324914939062356,-1.005448204256544,8.447831191464283,0.998,2.9527142857142854,1084.0,-0.0002018752938877,0.0042890001699937,0.8507172920742714,discharge,0.8677016753471755,0.010056946956024234,3.719324810722655,1
3.432289618612348,-1.0053732016660406,8.452120191634279,0.998,2.9525714285714284,1085.0,-0.0002018752938877,0.0042890001699955,0.8505776569073733,discharge,0.8675779269311672,0.010056787233170035,3.719158806232563,1
3.43208774331846,-1.0052981990755372,8.456409191804273,0.998,2.9524285714285714,1086.0,-0.0002018752938877,0.0042890001699937,0.8504380321575017,discharge,0.8674541877470061,0.010056598183203425,3.718992794760496,1
3.4318858680245725,-1.0052231964850338,8.460698191974267,0.998,2.9522857142857144,1087.0,-0.0002018752938877,0.0042890001699937,0.8502984178246565,discharge,0.8673304577946922,0.010056381263137916,3.7188267751511734,1
3.431683992730685,-1.00514819389453,8.46498719214426,0.998,2.952142857142857,1088.0,-0.0002018752938877,0.0042890001699937,0.8501588139088379,discharge,0.8672067370742256,0.010056137857600476,3.718660746321187,1
3.431482117436797,-1.0050731913040267,8.469276192314256,0.998,2.952,1089.0,-0.0002018752938877,0.0042890001699955,0.8500192204100456,discharge,0.8670830255856061,0.010055869282427797,3.718494707255446,1
3.4312802421429094,-1.0049981887135233,8.47356519248425,0.998,2.951857142857143,1090.0,-0.0002018752938877,0.0042890001699937,0.8498796373282799,discharge,0.8669593233288339,0.01005557678808389,3.7183286570037293,1
3.4310783668490217,-1.0049231861230197,8.477854192654243,0.998,2.9517142857142855,1091.0,-0.0002018752938877,0.0042890001699937,0.8497400646635406,discharge,0.8668356303039088,0.010055261562907902,3.7181625946774712,1
3.430876491555134,-1.0048481835325165,8.482143192824237,0.998,2.9515714285714285,1092.0,-0.0002018752938877,0.0042890001699937,0.8496005024158277,discharge,0.8667119465108308,0.010054924736200567,3.717996519446608,1
3.4306746162612463,-1.0047731809420128,8.486432192994231,0.998,2.9514285714285715,1093.0,-0.0002018752938877,0.0042890001699937,0.8494609505851414,discharge,0.8665882719496001,0.010054567381157314,3.7178304305367726,1
3.4304727409673585,-1.0046981783515094,8.490721193164227,0.998,2.9512857142857145,1094.0,-0.0002018752938877,0.0042890001699955,0.8493214091714814,discharge,0.8664646066202166,0.010054190517655673,3.717664327226346,1
3.430270865673471,-1.0046231757610058,8.49501019333422,0.998,2.951142857142857,1095.0,-0.0002018752938877,0.0042890001699937,0.8491818781748479,discharge,0.8663409505226803,0.010053795114904172,3.7174982088439292,1
3.430068990379583,-1.0045481731705024,8.499299193504214,0.998,2.951,1096.0,-0.0002018752938877,0.0042890001699937,0.8490423575952409,discharge,0.8662173036569912,0.010053382093959656,3.717332074765784,1
3.4298417110193475,-1.0046797658480722,8.502649578881195,0.998,2.950769230769231,1097.0,-0.0002272793602355,0.0033503853769811,0.8489028187388732,discharge,0.8660936405939483,0.01005305496964751,3.717161655293957,1
3.429614431659112,-1.004811358525642,8.505999964258177,0.998,2.9505384615384616,1098.0,-0.0002272793602355,0.0033503853769811,0.8487632616057446,discharge,0.8659699613335518,0.010052809474498358,3.716991086869769,1
3.4293871522988764,-1.0049429512032115,8.509350349635158,0.998,2.9503076923076925,1099.0,-0.0002272793602355,0.0033503853769811,0.8486236861958553,discharge,0.8658462658758014,0.010052641553056895,3.7168203738170345,1
3.4291598729386408,-1.005074543880781,8.512700735012139,0.998,2.950076923076923,1100.0,-0.0002272793602355,0.0033503853769811,0.8484840925092052,discharge,0.8657225542206972,0.01005254735134872,3.7166495202579455,1
3.428932593578405,-1.0052061365583511,8.51605112038912,0.998,2.949846153846154,1101.0,-0.0002272793602355,0.0033503853769811,0.8483444805457943,discharge,0.8655988263682393,0.010052523206870478,3.716478530123093,1
3.4287053142181696,-1.005337729235921,8.519401505766101,0.998,2.9496153846153845,1102.0,-0.0002272793602355,0.0033503853769811,0.8482048503056226,discharge,0.8654750823184276,0.010052565639077296,3.7163074071609605,1
3.4284780348579345,-1.0054693219134905,8.52275189114308,0.998,2.9493846153846155,1103.0,-0.0002272793602351,0.0033503853769794,0.8480652017886902,discharge,0.8653513220712622,0.010052671340342819,3.7161361549469936,1
3.428250755497699,-1.0056009145910605,8.526102276520062,0.998,2.949153846153846,1104.0,-0.0002272793602355,0.0033503853769811,0.847925534994997,discharge,0.865227545626743,0.010052837167368376,3.715964776892172,1
3.4280234761374633,-1.00573250726863,8.529452661897043,0.998,2.948923076923077,1105.0,-0.0002272793602355,0.0033503853769811,0.847785849924543,discharge,0.8651037529848701,0.010053060133018932,3.7157932762511674,1
3.4277961967772277,-1.0058640999462,8.532803047274024,0.998,2.9486923076923075,1106.0,-0.0002272793602355,0.0033503853769811,0.8476461465773283,discharge,0.8649799441456434,0.010053337398564656,3.7156216561300988,1
3.427568917416992,-1.0059956926237694,8.536153432651005,0.998,2.9484615384615385,1107.0,-0.0002272793602355,0.0033503853769811,0.8475064249533527,discharge,0.8648561191090629,0.010053666266307942,3.7154499194939423,1
3.4273416380567565,-1.0061272853013392,8.539503818027987,0.998,2.948230769230769,1108.0,-0.0002272793602355,0.0033503853769811,0.8473666850526165,discharge,0.8647322778751286,0.010054044172576711,3.715278069173506,1
3.427114358696521,-1.006258877978909,8.542854203404968,0.998,2.948,1109.0,-0.0002272793602355,0.0033503853769811,0.8472269268751194,discharge,0.8646084204438407,0.010054468681065836,3.7151061078720513,1
3.4269298466895672,-1.0061595092729398,8.546556314410555,0.998,2.947769230769231,1110.0,-0.0001845120069536,0.0037021110055874,0.8470871824988314,discharge,0.864484575243553,0.010054822731541532,3.7149388109266823,1
3.426745334682614,-1.006060140566971,8.550258425416143,0.998,2.9475384615384614,1111.0,-0.0001845120069532,0.0037021110055874,0.8469474519237528,discharge,0.8643607422742657,0.010055109824460179,3.714771555904622,1
3.4265608226756603,-1.0059607718610015,8.55396053642173,0.998,2.9473076923076924,1112.0,-0.0001845120069536,0.0037021110055874,0.8468077351498831,discharge,0.8642369215359788,0.010055333286370403,3.7146043397741404,1
3.426376310668707,-1.0058614031550326,8.557662647427318,0.998,2.947076923076923,1113.0,-0.0001845120069532,0.0037021110055874,0.8466680321772226,discharge,0.8641131130286921,0.010055496278553065,3.7144371596682575,1
3.4261917986617534,-1.0057620344490634,8.561364758432905,0.998,2.946846153846154,1114.0,-0.0001845120069536,0.0037021110055874,0.8465283430057714,discharge,0.8639893167524058,0.010055601805232003,3.714270012876537,1
3.4260072866548,-1.0056626657430945,8.565066869438493,0.998,2.9466153846153844,1115.0,-0.0001845120069532,0.0037021110055874,0.8463886676355293,discharge,0.8638655327071197,0.010055652721376858,3.7141028968372325,1
3.4258227746478465,-1.005563297037125,8.568768980444082,0.998,2.9463846153846154,1116.0,-0.0001845120069536,0.0037021110055892,0.8462490060664964,discharge,0.863741760892834,0.010055651740118231,3.71393580912997,1
3.425638262640893,-1.0054639283311562,8.57247109144967,0.998,2.946153846153846,1117.0,-0.0001845120069532,0.0037021110055874,0.8461093582986726,discharge,0.8636180013095487,0.010055601439794459,3.7137687474685865,1
3.4254537506339395,-1.005364559625187,8.576173202455257,0.998,2.945923076923077,1118.0,-0.0001845120069536,0.0037021110055874,0.8459697243320581,discharge,0.8634942539572638,0.010055504270648283,3.7136017096945353,1
3.4252692386269863,-1.0052651909192178,8.579875313460844,0.998,2.9456923076923074,1119.0,-0.0001845120069532,0.0037021110055874,0.8458301041666525,discharge,0.8633705188359792,0.010055362561190835,3.713434693770459,1
3.4250847266200326,-1.005165822213249,8.583577424466432,0.998,2.9454615384615384,1120.0,-0.0001845120069536,0.0037021110055874,0.8456904978024563,discharge,0.8632467959456949,0.010055178524249432,3.7132676977741528,1
3.4249002146130794,-1.0050664535072795,8.58727953547202,0.998,2.945230769230769,1121.0,-0.0001845120069532,0.0037021110055874,0.8455509052394692,discharge,0.8631230852864109,0.010054954262714914,3.7131007198928496,1
3.4247157026061257,-1.0049670848013106,8.590981646477607,0.998,2.945,1122.0,-0.0001845120069536,0.0037021110055874,0.8454113264776912,discharge,0.8629993868581273,0.010054691775003457,3.7129337584177247,1
3.4244933105601265,-1.0049862688352815,8.595298116546587,0.998,2.944857142857143,1123.0,-0.0002223920459991,0.0043164700689803,0.8452717450514641,discharge,0.8628756860685376,0.010054451858969055,3.7127643618170896,1
3.424270918514128,-1.0050054528692522,8.599614586615568,0.998,2.9447142857142854,1124.0,-0.0002223920459987,0.0043164700689803,0.8451321609607878,discharge,0.8627519829176419,0.010054233393218029,3.7125949025423326,1
3.4240485264681286,-1.0050246369032232,8.603931056684548,0.998,2.9445714285714284,1125.0,-0.0002223920459991,0.0043164700689803,0.8449925742056623,discharge,0.8626282774054401,0.010054035312069165,3.712425381933947,1
3.4238261344221295,-1.005043820937194,8.608247526753528,0.998,2.9444285714285714,1126.0,-0.0002223920459991,0.0043164700689803,0.8448529847860877,discharge,0.8625045695319323,0.01005385660278584,3.712255801279175,1
3.4236037423761303,-1.0050630049711649,8.612563996822509,0.998,2.9442857142857144,1127.0,-0.0002223920459991,0.0043164700689803,0.844713392702064,discharge,0.8623808592971185,0.010053696302945654,3.7120861618146543,1
3.4233813503301316,-1.0050821890051356,8.61688046689149,0.998,2.944142857142857,1128.0,-0.0002223920459987,0.0043164700689803,0.844573797953591,discharge,0.8622571467009986,0.010053553497940747,3.7119164647288176,1
3.4231589582841324,-1.0051013730391063,8.62119693696047,0.998,2.944,1129.0,-0.0002223920459991,0.0043164700689803,0.844434200540669,discharge,0.8621334317435727,0.010053427318602311,3.7117467111644014,1
3.4229365662381332,-1.0051205570730777,8.625513407029452,0.998,2.943857142857143,1130.0,-0.0002223920459991,0.0043164700689821,0.8442946004632977,discharge,0.8620097144248408,0.010053316938943105,3.7115769022206067,1
3.4227141741921345,-1.0051397411070482,8.629829877098432,0.998,2.9437142857142855,1131.0,-0.0002223920459987,0.0043164700689803,0.8441549977214773,discharge,0.8618859947448028,0.010053221574012127,3.7114070389552967,1
3.4224917821461354,-1.0051589251410191,8.634146347167412,0.998,2.9435714285714285,1132.0,-0.0002223920459991,0.0043164700689803,0.8440153923152076,discharge,0.8617622727034587,0.010053140477855885,3.7112371223869878,1
3.422269390100136,-1.0051781091749898,8.638462817236393,0.998,2.9434285714285715,1133.0,-0.0002223920459991,0.0043164700689803,0.843875784244489,discharge,0.8616385483008087,0.01005307294158094,3.7110671534968382,1
3.422046998054137,-1.0051972932089608,8.642779287305373,0.998,2.9432857142857145,1134.0,-0.0002223920459991,0.0043164700689803,0.843736173509321,discharge,0.8615148215368524,0.010053018291512707,3.7108971332304526,1
3.4218246060081383,-1.0052164772429315,8.647095757374354,0.998,2.943142857142857,1135.0,-0.0002223920459987,0.0043164700689803,0.843596560109704,discharge,0.8613910924115902,0.01005297588744573,3.7107270624996525,1
3.421602213962139,-1.0052356612769024,8.651412227443334,0.998,2.943,1136.0,-0.0002223920459991,0.0043164700689803,0.8434569440456376,discharge,0.8612673609250219,0.01005294512098089,3.7105569421841227,1
3.4213893712651164,-1.005362465234111,8.653452600936243,0.998,2.942769230769231,1137.0,-0.0002128426970227,0.0020403734929086,0.8433173103699108,discharge,0.8611436138305293,0.010052978881085231,3.710384549086668,1
3.4211765285680937,-1.00548926919132,8.655492974429151,0.998,2.9425384615384615,1138.0,-0.0002128426970227,0.0020403734929086,0.8431776590825231,discharge,0.8610198511281124,0.010053073961985131,3.710212039071275,1
3.420963685871071,-1.0056160731485289,8.65753334792206,0.998,2.9423076923076925,1139.0,-0.0002128426970227,0.0020403734929086,0.8430379901834746,discharge,0.8608960728177711,0.01005322731717446,3.710039415443998,1
3.4207508431740483,-1.0057428771057375,8.65957372141497,0.998,2.942076923076923,1140.0,-0.0002128426970227,0.0020403734929104,0.8428983036727655,discharge,0.8607722788995056,0.010053436051501928,3.709866681359417,1
3.4205380004770256,-1.0058696810629464,8.661614094907879,0.998,2.941846153846154,1141.0,-0.0002128426970227,0.0020403734929086,0.8427585995503957,discharge,0.8606484693733157,0.010053697413651572,3.7096938398281196,1
3.420325157780003,-1.0059964850201553,8.663654468400788,0.998,2.9416153846153845,1142.0,-0.0002128426970227,0.0020403734929086,0.842618877816365,discharge,0.8605246442392015,0.010054008788996791,3.709520893723855,1
3.42011231508298,-1.006123288977364,8.665694841893696,0.998,2.9413846153846155,1143.0,-0.0002128426970227,0.0020403734929086,0.8424791384706738,discharge,0.860400803497163,0.010054367692809435,3.7093478457903273,1
3.4198994723859575,-1.006250092934573,8.667735215386605,0.998,2.941153846153846,1144.0,-0.0002128426970227,0.0020403734929086,0.8423393815133218,discharge,0.8602769471472002,0.010054771763806251,3.7091746986476446,1
3.4196866296889348,-1.0063768968917817,8.669775588879514,0.998,2.940923076923077,1145.0,-0.0002128426970227,0.0020403734929086,0.842199606944309,discharge,0.8601530751893129,0.01005521875801597,3.7090014547984533,1
3.419473786991912,-1.0065037008489903,8.671815962372424,0.998,2.9406923076923075,1146.0,-0.0002128426970227,0.0020403734929104,0.8420598147636356,discharge,0.8600291876235014,0.010055706542951069,3.708828116633758,1
3.41926094429489,-1.0066305048061994,8.673856335865333,0.998,2.9404615384615385,1147.0,-0.0002128426970227,0.0020403734929086,0.8419200049713014,discharge,0.8599052844497657,0.010056233092069102,3.7086546864384995,1
3.4190481015978667,-1.006757308763408,8.675896709358241,0.998,2.940230769230769,1148.0,-0.0002128426970227,0.0020403734929086,0.8417801775673064,discharge,0.8597813656681055,0.010056796479509193,3.7084811663967425,1
3.418835258900844,-1.006884112720617,8.67793708285115,0.998,2.94,1149.0,-0.0002128426970227,0.0020403734929086,0.8416403325516508,discharge,0.859657431278521,0.01005739487509003,3.708307558596752,1
3.418636561801266,-1.0069054957418797,8.680870310957053,0.998,2.9397857142857142,1150.0,-0.0001986970995777,0.0029332281059026,0.8415004845661311,discharge,0.8595334942569637,0.010057974164905165,3.708136043682523,1
3.418437864701688,-1.0069268787631425,8.683803539062955,0.998,2.9395714285714285,1151.0,-0.0001986970995782,0.0029332281059026,0.8413606336107473,discharge,0.8594095546034335,0.010058535298156769,3.7079645125535414,1
3.41823916760211,-1.0069482617844052,8.686736767168858,0.998,2.939357142857143,1152.0,-0.0001986970995777,0.0029332281059026,0.8412207796854995,discharge,0.8592856123179303,0.010059079176889273,3.707792964574809,1
3.4180404705025325,-1.0069696448056682,8.68966999527476,0.998,2.939142857142857,1153.0,-0.0001986970995777,0.0029332281059026,0.8410809227903876,discharge,0.8591616674004543,0.010059606658332231,3.707621399155879,1
3.4178417734029543,-1.006991027826931,8.692603223380663,0.998,2.9389285714285713,1154.0,-0.0001986970995782,0.0029332281059026,0.8409410629254116,discharge,0.8590377198510054,0.01006011855712679,3.70744981574852,1
3.4176430763033765,-1.0070124108481937,8.695536451486566,0.998,2.9387142857142856,1155.0,-0.0001986970995777,0.0029332281059026,0.8408012000905716,discharge,0.8589137696695837,0.010060615647441542,3.7072782138447007,1
3.4174443792037987,-1.0070337938694565,8.698469679592467,0.998,2.9385,1156.0,-0.0001986970995777,0.0029332281059009,0.8406613342858675,discharge,0.8587898168561889,0.010061098664983257,3.7071065929744957,1
3.4172456821042205,-1.0070551768907192,8.70140290769837,0.998,2.938285714285714,1157.0,-0.0001986970995782,0.0029332281059026,0.8405214655112994,discharge,0.8586658614108214,0.01006156830890773,3.7069349527042457,1
3.4170469850046428,-1.007076559911982,8.704336135804272,0.998,2.9380714285714284,1158.0,-0.0001986970995777,0.0029332281059026,0.8403815937668672,discharge,0.8585419033334809,0.010062025243635675,3.706763292634689,1
3.416848287905065,-1.0070979429332447,8.707269363910175,0.998,2.9378571428571427,1159.0,-0.0001986970995782,0.0029332281059026,0.8402417190525708,discharge,0.8584179426241676,0.010062470100578423,3.706591612399243,1
3.416649590805487,-1.0071193259545077,8.710202592016078,0.998,2.937642857142857,1160.0,-0.0001986970995777,0.0029332281059026,0.8401018413684105,discharge,0.8582939792828813,0.010062903479777875,3.706419911662425,1
3.416450893705909,-1.0071407089757705,8.71313582012198,0.998,2.9374285714285713,1161.0,-0.0001986970995777,0.0029332281059026,0.8399619607143861,discharge,0.8581700133096222,0.010063325951464978,3.7062481901181763,1
3.416252196606331,-1.0071620919970332,8.716069048227883,0.998,2.9372142857142856,1162.0,-0.0001986970995782,0.0029332281059026,0.8398220770904976,discharge,0.8580460447043902,0.010063738057540779,3.70607644748851,1
3.416053499506753,-1.007183475018296,8.719002276333786,0.998,2.937,1163.0,-0.0001986970995777,0.0029332281059026,0.8396821904967451,discharge,0.8579220734671853,0.010064140312983891,3.7059046835220206,1
3.4158418836388034,-1.0070787397181158,8.721101545978868,0.998,2.936769230769231,1164.0,-0.0002116158679497,0.0020992696450825,0.839542318449562,discharge,0.8577981151215389,0.0100644705497753,3.7057355044256726,1
3.4156302677708537,-1.0069740044179358,8.723200815623953,0.998,2.9365384615384613,1165.0,-0.0002116158679497,0.0020992696450843,0.8394024609489483,discharge,0.8576741696674511,0.01006473234590616,3.705566384528099,1
3.4154186519029035,-1.0068692691177556,8.725300085269035,0.998,2.9363076923076923,1166.0,-0.0002116158679501,0.0020992696450825,0.8392626179949043,discharge,0.8575502371049218,0.01006492910160783,3.705397320701597,1
3.415207036034954,-1.0067645338175757,8.727399354914118,0.998,2.936076923076923,1167.0,-0.0002116158679497,0.0020992696450825,0.8391227895874296,discharge,0.8574263174339511,0.010065064048183242,3.7052283099868673,1
3.414995420167004,-1.0066597985173955,8.729498624559202,0.998,2.9358461538461538,1168.0,-0.0002116158679497,0.0020992696450843,0.8389829757265244,discharge,0.857302410654539,0.010065140256399508,3.705059349584623,1
3.4147838042990544,-1.0065550632172156,8.731597894204285,0.998,2.9356153846153847,1169.0,-0.0002116158679497,0.0020992696450825,0.8388431764121886,discharge,0.8571785167666854,0.010065160644463568,3.704890436847655,1
3.414572188431104,-1.0064503279170354,8.733697163849367,0.998,2.9353846153846153,1170.0,-0.0002116158679501,0.0020992696450825,0.8387033916444224,discharge,0.8570546357703904,0.01006512798560161,3.704721569273181,1
3.4143605725631545,-1.0063455926168554,8.73579643349445,0.998,2.9351538461538462,1171.0,-0.0002116158679497,0.0020992696450825,0.8385636214232256,discharge,0.8569307676656539,0.01006504491526192,3.704552744495721,1
3.414148956695205,-1.0062408573166752,8.737895703139534,0.998,2.934923076923077,1172.0,-0.0002116158679497,0.0020992696450843,0.8384238657485983,discharge,0.856806912452476,0.010064913937959883,3.704383960280198,1
3.413937340827255,-1.0061361220164953,8.739994972784617,0.998,2.9346923076923077,1173.0,-0.0002116158679497,0.0020992696450825,0.8382841246205405,discharge,0.8566830701308566,0.01006473743378293,3.704215214515432,1
3.413725724959305,-1.006031386716315,8.7420942424297,0.998,2.9344615384615387,1174.0,-0.0002116158679501,0.0020992696450825,0.838144398039052,discharge,0.8565592407007958,0.010064517664572288,3.7040465052080154,1
3.413514109091355,-1.0059266514161351,8.744193512074784,0.998,2.934230769230769,1175.0,-0.0002116158679497,0.0020992696450843,0.8380046860041332,discharge,0.8564354241622936,0.010064256779797633,3.703877830476349,1
3.4133024932234055,-1.005821916115955,8.746292781719866,0.998,2.934,1176.0,-0.0002116158679497,0.0020992696450825,0.8378649885157837,discharge,0.8563116205153498,0.010063956822139867,3.7037091885451563,1
3.4130976860481708,-1.0057811639858116,8.750958243949881,0.998,2.933769230769231,1177.0,-0.0002048071752347,0.0046654622300152,0.8377252966874524,discharge,0.8561878218844654,0.01006365152056415,3.703539255406564,1
3.4128928788729356,-1.0057404118556683,8.755623706179898,0.998,2.9335384615384617,1178.0,-0.0002048071752351,0.004665462230017,0.837585610519139,discharge,0.8560640282696402,0.010063341140564085,3.7033693107203693,1
3.412688071697701,-1.005699659725525,8.760289168409914,0.998,2.9333076923076926,1179.0,-0.0002048071752347,0.0046654622300152,0.8374459300108439,discharge,0.8559402396708743,0.010063025934443161,3.703199354495761,1
3.4124832645224656,-1.0056589075953817,8.76495463063993,0.998,2.933076923076923,1180.0,-0.0002048071752351,0.004665462230017,0.8373062551625667,discharge,0.8558164560881676,0.010062706141970072,3.7030293867540536,1
3.412278457347231,-1.005618155465238,8.769620092869946,0.998,2.932846153846154,1181.0,-0.0002048071752347,0.0046654622300152,0.8371665859743076,discharge,0.8556926775215201,0.010062381991001448,3.7028594075280354,1
3.4120736501719957,-1.0055774033350948,8.774285555099961,0.998,2.9326153846153846,1182.0,-0.0002048071752351,0.0046654622300152,0.8370269224460667,discharge,0.855568903970932,0.010062053698073677,3.702689416861456,1
3.411868842996761,-1.0055366512049515,8.778951017329979,0.998,2.9323846153846156,1183.0,-0.0002048071752347,0.004665462230017,0.8368872645778438,discharge,0.8554451354364031,0.010061721468965298,3.702519414808384,1
3.4116640358215258,-1.0054958990748082,8.783616479559994,0.998,2.932153846153846,1184.0,-0.0002048071752351,0.0046654622300152,0.8367476123696389,discharge,0.8553213719179334,0.01006138549923148,3.7023494014326843,1
3.411459228646291,-1.0054551469446649,8.788281941790009,0.998,2.931923076923077,1185.0,-0.0002048071752347,0.0046654622300152,0.8366079658214521,discharge,0.855197613415523,0.010061045974711922,3.7021793768075484,1
3.411254421471056,-1.005414394814521,8.792947404020026,0.998,2.9316923076923076,1186.0,-0.0002048071752351,0.004665462230017,0.8364683249332835,discharge,0.8550738599291718,0.01006070307201354,3.7020093410150263,1
3.411049614295821,-1.005373642684378,8.797612866250041,0.998,2.9314615384615386,1187.0,-0.0002048071752347,0.0046654622300152,0.8363286897051329,discharge,0.85495011145888,0.010060356958969164,3.7018392941454654,1
3.410844807120586,-1.0053328905542347,8.802278328480059,0.998,2.931230769230769,1188.0,-0.0002048071752351,0.004665462230017,0.8361890601370003,discharge,0.8548263680046474,0.01006000779507344,3.701669236297213,1
3.410639999945351,-1.0052921384240914,8.806943790710074,0.998,2.931,1189.0,-0.0002048071752347,0.0046654622300152,0.836049436228886,discharge,0.854702629566474,0.010059655731897092,3.701499167576074,1
3.4104405905124793,-1.0052927132594185,8.810236212243705,0.998,2.930857142857143,1190.0,-0.0001994094328718,0.0032924215336311,0.8359098122409332,discharge,0.8545788910575458,0.010059321445316913,3.7013282339831965,1
3.4102411810796074,-1.0052932880947456,8.813528633777336,0.998,2.9307142857142856,1191.0,-0.0001994094328718,0.0032924215336311,0.8357701881731423,discharge,0.8544551524778629,0.010059004052165801,3.7011572631951912,1
3.4100417716467355,-1.0052938629300727,8.816821055310966,0.998,2.9305714285714286,1192.0,-0.0001994094328718,0.0032924215336294,0.8356305640255131,discharge,0.8543314138274252,0.01005870271315368,3.7009862563051024,1
3.4098423622138636,-1.0052944377653998,8.820113476844597,0.998,2.9304285714285716,1193.0,-0.0001994094328718,0.0032924215336311,0.8354909397980457,discharge,0.8542076751062326,0.010058416630687617,3.7008152143639435,1
3.4096429527809917,-1.005295012600727,8.823405898378228,0.998,2.930285714285714,1194.0,-0.0001994094328718,0.0032924215336311,0.83535131549074,discharge,0.8540839363142854,0.010058145046800264,3.7006441383827795,1
3.40944354334812,-1.005295587436054,8.82669831991186,0.998,2.930142857142857,1195.0,-0.0001994094328718,0.0032924215336311,0.8352116911035962,discharge,0.8539601974515832,0.010057887241181182,3.700473029334637,1
3.409244133915248,-1.005296162271381,8.829990741445489,0.998,2.93,1196.0,-0.0001994094328718,0.0032924215336294,0.835072066636614,discharge,0.8538364585181264,0.010057642529306007,3.7003018881564547,1
3.4090447244823765,-1.005296737106708,8.83328316297912,0.998,2.9298571428571427,1197.0,-0.0001994094328714,0.0032924215336311,0.8349324420897937,discharge,0.8537127195139148,0.010057410260658532,3.700130715750804,1
3.4088453150495046,-1.0052973119420352,8.836575584512751,0.998,2.9297142857142857,1198.0,-0.0001994094328718,0.0032924215336311,0.834792817463135,discharge,0.8535889804389484,0.010057189817041144,3.69995951298757,1
3.4086459056166327,-1.0052978867773623,8.839868006046382,0.998,2.9295714285714283,1199.0,-0.0001994094328718,0.0032924215336311,0.8346531927566382,discharge,0.8534652412932272,0.010056980610969185,3.699788280705625,1
3.408446496183761,-1.0052984616126894,8.843160427580013,0.998,2.9294285714285713,1200.0,-0.0001994094328718,0.0032924215336311,0.8345135679703031,discharge,0.8533415020767512,0.010056782084145087,3.699617019714298,1
3.408247086750889,-1.0052990364480163,8.846452849113643,0.998,2.9292857142857143,1201.0,-0.0001994094328718,0.0032924215336294,0.8343739431041297,discharge,0.8532177627895204,0.010056593706008312,3.69944573079482,1
3.408047677318017,-1.0052996112833437,8.849745270647274,0.998,2.929142857142857,1202.0,-0.0001994094328718,0.0032924215336311,0.8342343181581182,discharge,0.853094023431535,0.010056414972357344,3.6992744147017187,1
3.407848267885145,-1.0053001861186708,8.853037692180905,0.998,2.929,1203.0,-0.0001994094328718,0.0032924215336311,0.8340946931322684,discharge,0.8529702840027946,0.01005624540404013,3.699103072164168,1
3.4076405432542636,-1.0053367748616509,8.85732827277086,0.998,2.9286923076923075,1204.0,-0.0002077246308815,0.0042905805899557,0.8339550630246487,discharge,0.852846540070454,0.010056102437941661,3.69893095957204,1
3.407432818623382,-1.005373363604631,8.861618853360817,0.998,2.928384615384615,1205.0,-0.0002077246308815,0.0042905805899557,0.8338154278352592,discharge,0.8527227916345133,0.010055984752425097,3.6987587987726345,1
3.4072250939925004,-1.0054099523476112,8.865909433950772,0.998,2.928076923076923,1206.0,-0.0002077246308815,0.0042905805899557,0.8336757875640998,discharge,0.8525990386949722,0.01005589109151443,3.6985865912691986,1
3.4070173693616193,-1.0054465410905913,8.870200014540728,0.998,2.9277692307692305,1207.0,-0.0002077246308811,0.0042905805899557,0.8335361422111706,discharge,0.8524752812518309,0.010055820261632372,3.698414338502252,1
3.4068096447307377,-1.0054831298335714,8.874490595130684,0.998,2.927461538461538,1208.0,-0.0002077246308815,0.0042905805899557,0.8333964917764715,discharge,0.8523515193050895,0.010055771128500278,3.6982420418527533,1
3.406601920099856,-1.0055197185765514,8.87878117572064,0.998,2.9271538461538458,1209.0,-0.0002077246308815,0.0042905805899557,0.8332568362600025,discharge,0.8522277528547477,0.010055742614192117,3.6980697026450193,1
3.4063941954689745,-1.0055563073195315,8.883071756310596,0.998,2.926846153846154,1210.0,-0.0002077246308815,0.0042905805899557,0.8331171756617637,discharge,0.8521039819008057,0.010055733694334785,3.697897322149504,1
3.406186470838093,-1.0055928960625118,8.887362336900551,0.998,2.9265384615384615,1211.0,-0.0002077246308815,0.0042905805899557,0.8329775099817549,discharge,0.8519802064432636,0.010055743395447524,3.697724901585503,1
3.4059787462072113,-1.005629484805492,8.891652917490507,0.998,2.926230769230769,1212.0,-0.0002077246308815,0.0042905805899557,0.8328378392199765,discharge,0.8518564264821211,0.010055770792413514,3.697552442123666,1
3.40577102157633,-1.005666073548472,8.895943498080463,0.998,2.925923076923077,1213.0,-0.0002077246308811,0.0042905805899557,0.832698163376428,discharge,0.8517326420173784,0.010055815006077076,3.6973799448883446,1
3.405563296945449,-1.0057026622914522,8.900234078670419,0.998,2.9256153846153845,1214.0,-0.0002077246308815,0.0042905805899557,0.8325584824511097,discharge,0.8516088530490356,0.010055875200960266,3.697207410959992,1
3.405355572314567,-1.0057392510344323,8.904524659260375,0.998,2.925307692307692,1215.0,-0.0002077246308815,0.0042905805899557,0.8324187964440216,discharge,0.8514850595770924,0.010055950583092896,3.6970348413772203,1
3.4051478476836854,-1.0057758397774124,8.90881523985033,0.998,2.925,1216.0,-0.0002077246308815,0.0042905805899557,0.8322791053551637,discharge,0.851361261601549,0.010056040397950371,3.6968622371389315,1
3.4049580466022027,-1.0058436481493205,8.911366695482458,0.998,2.924857142857143,1217.0,-0.0001898010814826,0.0025514556321279,0.8321394048484763,discharge,0.8512374552796735,0.010056159438858783,3.6966889539704715,1
3.40476824552072,-1.0059114565212286,8.913918151114586,0.998,2.924714285714286,1218.0,-0.0001898010814826,0.0025514556321279,0.8319996949239594,discharge,0.851113640611466,0.0100563062538255,3.6965156179589393,1
3.4045784444392377,-1.0059792648931367,8.916469606746714,0.998,2.9245714285714284,1219.0,-0.0001898010814822,0.0025514556321279,0.8318599755816132,discharge,0.8509898175969264,0.010056479462994991,3.696342230726523,1
3.404388643357755,-1.0060470732650446,8.919021062378844,0.998,2.9244285714285714,1220.0,-0.0001898010814826,0.0025514556321297,0.8317202468214374,discharge,0.8508659862360546,0.01005667775506495,3.6961687938265797,1
3.4041988422762723,-1.0061148816369527,8.921572518010972,0.998,2.9242857142857144,1221.0,-0.0001898010814826,0.0025514556321279,0.8315805086434324,discharge,0.8507421465288507,0.010056899883880472,3.695995308747075,1
3.4040090411947896,-1.0061826900088608,8.9241239736431,0.998,2.924142857142857,1222.0,-0.0001898010814826,0.0025514556321279,0.8314407610475978,discharge,0.8506182984753148,0.01005714466519744,3.695821776913853,1
3.4038192401133074,-1.006250498380769,8.926675429275228,0.998,2.924,1223.0,-0.0001898010814822,0.0025514556321279,0.8313010040339337,discharge,0.8504944420754468,0.010057410973606696,3.695648199693644,1
3.4036294390318247,-1.006318306752677,8.929226884907356,0.998,2.923857142857143,1224.0,-0.0001898010814826,0.0025514556321279,0.8311612376024403,discharge,0.8503705773292467,0.010057697739611054,3.695474578397048,1
3.403439637950342,-1.0063861151245852,8.931778340539484,0.998,2.9237142857142855,1225.0,-0.0001898010814826,0.0025514556321279,0.8310214617531175,discharge,0.8502467042367146,0.01005800394684749,3.695300914281268,1
3.4032498368688593,-1.006453923496493,8.934329796171612,0.998,2.9235714285714285,1226.0,-0.0001898010814826,0.0025514556321279,0.8308816764859652,discharge,0.8501228227978502,0.010058328629447376,3.69512720855279,1
3.4030600357873766,-1.0065217318684012,8.936881251803742,0.998,2.9234285714285715,1227.0,-0.0001898010814826,0.0025514556321297,0.8307418818009835,discharge,0.8499989330126538,0.01005867086952784,3.6949534623698623,1
3.4028702347058943,-1.006589540240309,8.93943270743587,0.998,2.9232857142857145,1228.0,-0.0001898010814822,0.0025514556321279,0.8306020776981723,discharge,0.8498750348811254,0.01005902979480776,3.6947796768448895,1
3.4026804336244116,-1.0066573486122177,8.941984163067998,0.998,2.923142857142857,1229.0,-0.0001898010814826,0.0025514556321279,0.8304622641775317,discharge,0.8497511284032648,0.010059404576342208,3.694605853046682,1
3.402490632542929,-1.0067251569841256,8.944535618700126,0.998,2.923,1230.0,-0.0001898010814826,0.0025514556321279,0.8303224412390617,discharge,0.8496272135790722,0.010059794426369442,3.6944319920026762,1
3.402304378704503,-1.0066211497138955,8.948828425512811,0.998,2.922846153846154,1231.0,-0.000186253838426,0.0042928068126855,0.8301826327460459,discharge,0.8495033115568271,0.010060113235759886,3.6942616457513426,1
3.402118124866077,-1.0065171424436652,8.953121232325497,0.998,2.9226923076923077,1232.0,-0.000186253838426,0.0042928068126855,0.8300428386984842,discharge,0.8493794223365295,0.010060364533915496,3.694091374694705,1
3.4019318710276507,-1.0064131351734351,8.957414039138182,0.998,2.9225384615384615,1233.0,-0.000186253838426,0.0042928068126855,0.8299030590963767,discharge,0.8492555459181794,0.010060551674892412,3.6939211757224943,1
3.4017456171892246,-1.0063091279032048,8.961706845950868,0.998,2.9223846153846154,1234.0,-0.000186253838426,0.0042928068126855,0.8297632939397236,discharge,0.8491316823017768,0.0100606778461124,3.6937510458905622,1
3.4015593633507986,-1.0062051206329747,8.965999652763553,0.998,2.922230769230769,1235.0,-0.000186253838426,0.0042928068126855,0.8296235432285245,discharge,0.8490078314873216,0.01006074607664148,3.6935809824126506,1
3.4013731095123725,-1.0061011133627444,8.970292459576239,0.998,2.922076923076923,1236.0,-0.000186253838426,0.0042928068126855,0.8294838069627797,discharge,0.8488839934748139,0.010060759245057282,3.693410982652464,1
3.401186855673946,-1.0059971060925144,8.974585266388926,0.998,2.921923076923077,1237.0,-0.0001862538384265,0.0042928068126872,0.829344085142489,discharge,0.8487601682642537,0.01006072008692552,3.693241044116283,1
3.40100060183552,-1.005893098822284,8.978878073201612,0.998,2.9217692307692307,1238.0,-0.000186253838426,0.0042928068126855,0.8292043777676527,discharge,0.848636355855641,0.010060631201905028,3.6930711644457643,1
3.400814347997094,-1.005789091552054,8.983170880014297,0.998,2.9216153846153845,1239.0,-0.000186253838426,0.0042928068126855,0.8290646848382704,discharge,0.8485125562489758,0.010060495060499818,3.6929013414112473,1
3.4006280941586677,-1.0056850842818237,8.987463686826983,0.998,2.9214615384615383,1240.0,-0.000186253838426,0.0042928068126855,0.8289250063543424,discharge,0.8483887694442581,0.01006031401047568,3.6927315729053425,1
3.4004418403202417,-1.0055810770115936,8.991756493639668,0.998,2.921307692307692,1241.0,-0.000186253838426,0.0042928068126855,0.8287853423158685,discharge,0.8482649954414879,0.010060090282957988,3.692561856936785,1
3.4002555864818156,-1.0054770697413633,8.996049300452354,0.998,2.921153846153846,1242.0,-0.000186253838426,0.0042928068126855,0.8286456927228489,discharge,0.8481412342406652,0.010059825998226569,3.6923921916247053,1
3.4000693326433895,-1.0053730624711332,9.00034210726504,0.998,2.921,1243.0,-0.000186253838426,0.0042928068126855,0.8285060575752835,discharge,0.84801748584179,0.01005952317122267,3.6922225751930418,1
3.399851151209522,-1.0054048117218748,9.001444941689705,0.998,2.920769230769231,1244.0,-0.0002181814338673,0.0011028344246657,0.8283664180180998,discharge,0.8478937335349934,0.010059251162592512,3.6920502001624604,1
3.399632969775655,-1.0054365609726164,9.00254777611437,0.998,2.9205384615384613,1245.0,-0.0002181814338673,0.0011028344246657,0.8282267740512981,discharge,0.8477699773202754,0.010059008441234552,3.6918777834296495,1
3.399414788341787,-1.0054683102233577,9.003650610539037,0.998,2.9203076923076923,1246.0,-0.0002181814338677,0.0011028344246657,0.8280871256748782,discharge,0.8476462171976359,0.010058793552114594,3.691705326684497,1
3.39919660690792,-1.0055000594740993,9.004753444963702,0.998,2.920076923076923,1247.0,-0.0002181814338673,0.0011028344246657,0.8279474728888402,discharge,0.847522453167075,0.010058605112486655,3.691532831544323,1
3.3989784254740525,-1.0055318087248408,9.005856279388368,0.998,2.9198461538461538,1248.0,-0.0002181814338673,0.0011028344246657,0.827807815693184,discharge,0.8473986852285926,0.010058441808301581,3.6913602995574624,1
3.398760244040185,-1.0055635579755824,9.006959113813034,0.998,2.9196153846153847,1249.0,-0.0002181814338673,0.0011028344246657,0.8276681540879096,discharge,0.8472749133821889,0.010058302390794083,3.6911877322066866,1
3.3985420626063174,-1.0055953072263235,9.0080619482377,0.998,2.9193846153846152,1250.0,-0.0002181814338677,0.0011028344246657,0.827528488073017,discharge,0.8471511376278636,0.010058185673239349,3.691015130912402,1
3.39832388117245,-1.0056270564770653,9.009164782662364,0.998,2.919153846153846,1251.0,-0.0002181814338673,0.0011028344246657,0.8273888176485062,discharge,0.847027357965617,0.010058090527870772,3.6908424970357854,1
3.398105699738583,-1.0056588057278069,9.010267617087033,0.998,2.918923076923077,1252.0,-0.0002181814338673,0.0011028344246657,0.8272491428143774,discharge,0.8469035743954489,0.010058015882950834,3.6906698318816957,1
3.3978875183047155,-1.0056905549785484,9.011370451511697,0.998,2.9186923076923077,1253.0,-0.0002181814338673,0.0011028344246657,0.8271094635706304,discharge,0.8467797869173594,0.010057960719987491,3.690497136701454,1
3.3976693368708477,-1.0057223042292898,9.012473285936364,0.998,2.9184615384615387,1254.0,-0.0002181814338677,0.0011028344246657,0.8269697799172653,discharge,0.8466559955313484,0.010057924071088856,3.6903244126954617,1
3.3974511554369804,-1.005754053480031,9.013576120361028,0.998,2.918230769230769,1255.0,-0.0002181814338673,0.0011028344246657,0.8268300918542819,discharge,0.8465322002374159,0.010057905016449325,3.6901516610157907,1
3.397232974003113,-1.005785802730773,9.014678954785694,0.998,2.918,1256.0,-0.0002181814338673,0.0011028344246657,0.8266903993816804,discharge,0.846408401035562,0.010057902681960565,3.6899788827685,1
3.397056602934373,-1.005761853735796,9.01743054744802,0.998,2.9177857142857144,1257.0,-0.0001763710687399,0.0027515926623262,0.8265507102353282,discharge,0.8462846047815191,0.010057888565244262,3.689807230185928,1
3.396880231865633,-1.0057379047408188,9.020182140110348,0.998,2.9175714285714287,1258.0,-0.0001763710687403,0.002751592662328,0.8264110244152253,discharge,0.8461608114752873,0.010057863251658581,3.689635588949808,1
3.396703860796893,-1.005713955745842,9.022933732772676,0.998,2.917357142857143,1259.0,-0.0001763710687399,0.0027515926623262,0.8262713419213717,discharge,0.8460370211168665,0.010057827297480247,3.6894639587355034,1
3.3965274897281525,-1.005690006750865,9.025685325435004,0.998,2.9171428571428573,1260.0,-0.0001763710687403,0.002751592662328,0.8261316627537674,discharge,0.8459132337062567,0.010057781231349351,3.6892923392456267,1
3.3963511186594126,-1.005666057755888,9.028436918097327,0.998,2.9169285714285715,1261.0,-0.0001763710687399,0.0027515926623262,0.8259919869124124,discharge,0.8457894492434579,0.01005772555564237,3.689120730208721,1
3.3961747475906723,-1.0056421087609109,9.031188510759655,0.998,2.916714285714286,1262.0,-0.0001763710687403,0.002751592662328,0.8258523143973068,discharge,0.8456656677284701,0.010057660747776994,3.688949131377903,1
3.3959983765219324,-1.005618159765934,9.033940103421983,0.998,2.9165,1263.0,-0.0001763710687399,0.0027515926623262,0.8257126452084504,discharge,0.8455418891612932,0.010057587261452108,3.688777542529637,1
3.3958220054531925,-1.005594210770957,9.03669169608431,0.998,2.9162857142857144,1264.0,-0.0001763710687399,0.0027515926623262,0.8255729793458433,discharge,0.8454181135419274,0.010057505527826176,3.6886059634625616,1
3.395645634384452,-1.00557026177598,9.039443288746638,0.998,2.9160714285714286,1265.0,-0.0001763710687403,0.002751592662328,0.8254333168094855,discharge,0.8452943408703727,0.010057415956637089,3.6884343939963715,1
3.395469263315712,-1.005546312781003,9.042194881408964,0.998,2.915857142857143,1266.0,-0.0001763710687399,0.0027515926623262,0.825293657599377,discharge,0.845170571146629,0.010057318937266357,3.688262833970769,1
3.395292892246972,-1.005522363786026,9.044946474071292,0.998,2.915642857142857,1267.0,-0.0001763710687403,0.002751592662328,0.8251540017155179,discharge,0.8450468043706962,0.010057214839750457,3.688091283244387,1
3.395116521178232,-1.005498414791049,9.047698066733618,0.998,2.9154285714285715,1268.0,-0.0001763710687399,0.0027515926623262,0.8250143491579081,discharge,0.8449230405425745,0.010057104015741915,3.6879197416939387,1
3.3949401501094916,-1.005474465796072,9.050449659395946,0.998,2.9152142857142858,1269.0,-0.0001763710687403,0.002751592662328,0.8248746999265475,discharge,0.8447992796622638,0.010056986799422652,3.6877482092131966,1
3.3947637790407517,-1.005450516801095,9.053201252058273,0.998,2.915,1270.0,-0.0001763710687399,0.0027515926623262,0.8247350540214362,discharge,0.844675521729764,0.01005686350837194,3.6875766857121923,1
3.3945788496982283,-1.005625074416974,9.056963940663668,0.998,2.914846153846154,1271.0,-0.0001849293425233,0.0037626886053949,0.8245953838722117,discharge,0.8445517423114832,0.010056833065356924,3.6874010683800207,1
3.394393920355705,-1.0057996320328528,9.06072662926906,0.998,2.9146923076923077,1272.0,-0.0001849293425233,0.0037626886053931,0.8244556894788737,discharge,0.8444279414074214,0.010056890857552422,3.6872253321882384,1
3.3942089910131816,-1.0059741896487318,9.064489317874456,0.998,2.9145384615384615,1273.0,-0.0001849293425233,0.0037626886053949,0.8243159708414225,discharge,0.8443041190175786,0.010057032501305097,3.6870494817468917,1
3.394024061670658,-1.006148747264611,9.068252006479849,0.998,2.9143846153846154,1274.0,-0.0001849293425237,0.0037626886053931,0.824176227959858,discharge,0.8441802751419548,0.010057253830747874,3.6868735214481565,1
3.3938391323281345,-1.0063233048804896,9.072014695085244,0.998,2.914230769230769,1275.0,-0.0001849293425233,0.0037626886053949,0.8240364608341801,discharge,0.84405640978055,0.010057550886980004,3.686697455477152,1
3.393654202985611,-1.0064978624963683,9.07577738369064,0.998,2.914076923076923,1276.0,-0.0001849293425233,0.0037626886053949,0.823896669464389,discharge,0.8439325229333641,0.010057919907784669,3.6865212878222096,1
3.393469273643088,-1.0066724201122474,9.079540072296032,0.998,2.913923076923077,1277.0,-0.0001849293425233,0.0037626886053931,0.8237568538504845,discharge,0.8438086146003971,0.010058357317857447,3.6863450222846543,1
3.3932843443005645,-1.0068469777281264,9.083302760901429,0.998,2.9137692307692307,1278.0,-0.0001849293425233,0.0037626886053949,0.8236170139924667,discharge,0.8436846847816492,0.010058859719520231,3.6861686624880554,1
3.393099414958041,-1.0070215353440053,9.087065449506822,0.998,2.9136153846153845,1279.0,-0.0001849293425233,0.0037626886053949,0.8234771498903356,discharge,0.8435607334771201,0.01005942388389649,3.685992211887128,1
3.3929144856155173,-1.0071960929598842,9.090828138112215,0.998,2.9134615384615383,1280.0,-0.0001849293425237,0.0037626886053931,0.8233372615440911,discharge,0.8434367606868101,0.010060046742524968,3.6858156737760503,1
3.392729556272994,-1.0073706505757631,9.09459082671761,0.998,2.913307692307692,1281.0,-0.0001849293425233,0.0037626886053949,0.8231973489537334,discharge,0.843312766410719,0.010060725379390019,3.6856390512964734,1
3.3925446269304707,-1.007545208191642,9.098353515323003,0.998,2.913153846153846,1282.0,-0.0001849293425233,0.0037626886053931,0.8230574121192624,discharge,0.8431887506488468,0.010061457023347884,3.685462347445043,1
3.3923596975879473,-1.007719765807521,9.102116203928398,0.998,2.913,1283.0,-0.0001849293425233,0.0037626886053949,0.822917451040678,discharge,0.8430647134011936,0.01006223904092925,3.685285565080648,1
3.392160116174989,-1.00768831581407,9.10495181088772,0.998,2.912785714285714,1284.0,-0.0001995814129585,0.0028356069593229,0.8227774943301482,discharge,0.8429406800246272,0.010062966581928793,3.685112964696368,1
3.3919605347620303,-1.0076568658206193,9.107787417847044,0.998,2.9125714285714284,1285.0,-0.0001995814129585,0.0028356069593229,0.8226375419876732,discharge,0.8428166505191476,0.010063642352822172,3.6849404236573187,1
3.391760953349072,-1.0076254158271685,9.110623024806364,0.998,2.912357142857142,1286.0,-0.0001995814129585,0.0028356069593211,0.8224975940132527,discharge,0.8426926248847546,0.010064268925623406,3.684767939614935,1
3.3915613719361137,-1.007593965833718,9.113458631765688,0.998,2.912142857142857,1287.0,-0.000199581412958,0.0028356069593229,0.822357650406887,discharge,0.8425686031214484,0.010064848744565126,3.6845955103480406,1
3.3913617905231552,-1.007562515840267,9.116294238725011,0.998,2.911928571428571,1288.0,-0.0001995814129585,0.0028356069593229,0.8222177111685758,discharge,0.842444585229229,0.010065384132446939,3.6844231337565274,1
3.3911622091101967,-1.0075310658468162,9.119129845684334,0.998,2.9117142857142855,1289.0,-0.0001995814129585,0.0028356069593229,0.8220777762983194,discharge,0.8423205712080963,0.010065877296668394,3.6842508078552814,1
3.390962627697238,-1.0074996158533651,9.121965452643655,0.998,2.9115,1290.0,-0.0001995814129585,0.0028356069593211,0.8219378457961175,discharge,0.8421965610580504,0.010066330334962226,3.6840785307685278,1
3.3907630462842797,-1.0074681658599145,9.124801059602978,0.998,2.9112857142857145,1291.0,-0.0001995814129585,0.0028356069593229,0.8217979196619702,discharge,0.8420725547790912,0.010066745240842763,3.683906300724289,1
3.390563464871321,-1.0074367158664637,9.1276366665623,0.998,2.9110714285714288,1292.0,-0.0001995814129585,0.0028356069593229,0.8216579978958777,discharge,0.8419485523712187,0.01006712390878365,3.6837341160492976,1
3.3903638834583627,-1.0074052658730128,9.130472273521624,0.998,2.910857142857143,1293.0,-0.0001995814129585,0.0028356069593229,0.8215180804978397,discharge,0.841824553834433,0.010067468139138329,3.68356197516401,1
3.3901643020454046,-1.0073738158795622,9.133307880480949,0.998,2.9106428571428573,1294.0,-0.000199581412958,0.0028356069593229,0.8213781674678564,discharge,0.841700559168734,0.010067779642816068,3.6833898765779467,1
3.389964720632446,-1.0073423658861114,9.136143487440268,0.998,2.9104285714285716,1295.0,-0.0001995814129585,0.0028356069593211,0.8212382588059278,discharge,0.8415765683741218,0.010068060045725684,3.683217818885281,1
3.3897651392194876,-1.0073109158926603,9.138979094399591,0.998,2.910214285714286,1296.0,-0.0001995814129585,0.0028356069593229,0.8210983545120538,discharge,0.8414525814505963,0.01006831089299848,3.68304580076056,1
3.389565557806529,-1.0072794658992097,9.141814701358914,0.998,2.91,1297.0,-0.0001995814129585,0.0028356069593229,0.8209584545862345,discharge,0.8413285983981575,0.010068533653001395,3.682873820954734,1
3.389364760118589,-1.0070915982418704,9.14472196723983,0.998,2.909846153846154,1298.0,-0.0002007976879401,0.0029072658809159,0.8208185807531454,discharge,0.8412046384697935,0.010068652010584888,3.682705111123368,1
3.389163962430649,-1.0069037305845312,9.147629233120748,0.998,2.909692307692308,1299.0,-0.0002007976879401,0.0029072658809177,0.8206787330127864,discharge,0.8410807016655042,0.010068671152612696,3.682536537942369,1
3.3889631647427088,-1.006715862927192,9.150536499001664,0.998,2.9095384615384616,1300.0,-0.0002007976879401,0.0029072658809159,0.8205389113651576,discharge,0.8409567879852895,0.010068596008257644,3.6823680966980468,1
3.388762367054769,-1.0065279952698527,9.15344376488258,0.998,2.9093846153846155,1301.0,-0.0002007976879396,0.0029072658809159,0.820399115810259,discharge,0.8408328974291496,0.01006843126180409,3.6821997829210473,1
3.388561569366829,-1.0063401276125137,9.156351030763496,0.998,2.9092307692307693,1302.0,-0.0002007976879401,0.0029072658809177,0.8202593463480906,discharge,0.8407090299970843,0.01006818136481435,3.682031592374151,1
3.388360771678889,-1.0061522599551742,9.159258296644412,0.998,2.909076923076923,1303.0,-0.0002007976879401,0.0029072658809159,0.8201196029786524,discharge,0.8405851856890938,0.01006785054769066,3.6818635210407122,1
3.3881599739909487,-1.0059643922978352,9.16216556252533,0.998,2.908923076923077,1304.0,-0.0002007976879401,0.0029072658809159,0.8199798857019444,discharge,0.8404613645051779,0.010067442830662732,3.681695565113701,1
3.3879591763030086,-1.005776524640496,9.165072828406243,0.998,2.9087692307692308,1305.0,-0.0002007976879401,0.0029072658809159,0.8198401945179665,discharge,0.8403375664453367,0.010066962034229434,3.6815277209852577,1
3.3877583786150685,-1.0055886569831567,9.167980094287165,0.998,2.9086153846153846,1306.0,-0.0002007976879401,0.0029072658809177,0.8197005294267189,discharge,0.8402137915095703,0.0100664117890817,3.681359985236756,1
3.3875575809271288,-1.0054007893258174,9.17088736016808,0.998,2.9084615384615384,1307.0,-0.0002007976879396,0.0029072658809159,0.8195608904282013,discharge,0.8400900396978785,0.010065795545532474,3.681192354629358,1
3.3873567832391887,-1.0052129216684782,9.173794626048997,0.998,2.9083076923076923,1308.0,-0.0002007976879401,0.0029072658809159,0.8194212775224141,discharge,0.8399663110102615,0.010065116582478138,3.681024826095103,1
3.3871559855512485,-1.005025054011139,9.176701891929913,0.998,2.908153846153846,1309.0,-0.0002007976879401,0.0029072658809177,0.819281690709357,discharge,0.8398426054467192,0.010064378015914748,3.680857396728346,1
3.3869551878633084,-1.0048371863537997,9.179609157810829,0.998,2.908,1310.0,-0.0002007976879401,0.0029072658809159,0.81914212998903,discharge,0.8397189230072515,0.010063582807031148,3.6806900637776967,1
3.3867527887324136,-1.004826119026646,9.181981188158106,0.998,2.907769230769231,1311.0,-0.0002023991308948,0.0023720303472778,0.8190025708058319,discharge,0.8395952419300284,0.010062821606870385,3.6805191705536875,1
3.3865503896015188,-1.0048150516994927,9.184353218505384,0.998,2.9075384615384614,1312.0,-0.0002023991308948,0.0023720303472778,0.8188630131597625,discharge,0.8394715622150499,0.010062092725829742,3.6803482549655078,1
3.386347990470624,-1.004803984372339,9.186725248852662,0.998,2.9073076923076924,1313.0,-0.0002023991308948,0.0023720303472778,0.818723457050822,discharge,0.8393478838623161,0.010061394558248421,3.6801773188314297,1
3.3861455913397296,-1.0047929170451857,9.18909727919994,0.998,2.907076923076923,1314.0,-0.0002023991308943,0.0023720303472778,0.8185839024790101,discharge,0.8392242068718268,0.01006072557823718,3.680006363889656,1
3.3859431922088348,-1.004781849718032,9.191469309547218,0.998,2.906846153846154,1315.0,-0.0002023991308948,0.0023720303472778,0.818444349444327,discharge,0.8391005312435821,0.01006008433571517,3.6798353918022126,1
3.38574079307794,-1.0047707823908785,9.193841339894496,0.998,2.9066153846153844,1316.0,-0.0002023991308948,0.0023720303472778,0.8183047979467728,discharge,0.838976856977582,0.010059469452643664,3.679664404158764,1
3.385538393947045,-1.0047597150637249,9.196213370241775,0.998,2.9063846153846153,1317.0,-0.0002023991308948,0.0023720303472796,0.8181652479863473,discharge,0.8388531840738264,0.0100588796194469,3.679493402480166,1
3.3853359948161503,-1.0047486477365712,9.198585400589051,0.998,2.906153846153846,1318.0,-0.0002023991308948,0.0023720303472778,0.8180256995630505,discharge,0.8387295125323154,0.010058313591610739,3.6793223882218555,1
3.3851335956852555,-1.004737580409418,9.200957430936333,0.998,2.905923076923077,1319.0,-0.0002023991308948,0.0023720303472778,0.8178861526768826,discharge,0.838605842353049,0.010057770186450312,3.679151362777121,1
3.384931196554361,-1.0047265130822642,9.203329461283609,0.998,2.9056923076923074,1320.0,-0.0002023991308943,0.0023720303472778,0.8177466073278433,discharge,0.8384821735360273,0.010057248280038253,3.6789803274801582,1
3.3847287974234663,-1.0047154457551106,9.205701491630888,0.998,2.9054615384615383,1321.0,-0.0002023991308948,0.0023720303472778,0.8176070635159329,discharge,0.8383585060812501,0.010056746804285536,3.6788092836089765,1
3.3845263982925715,-1.0047043784279572,9.208073521978164,0.998,2.905230769230769,1322.0,-0.0002023991308948,0.0023720303472778,0.8174675212411512,discharge,0.8382348399887175,0.010056264744167346,3.678638232388174,1
3.3843239991616767,-1.0046933111008036,9.210445552325442,0.998,2.905,1323.0,-0.0002023991308948,0.0023720303472778,0.8173279805034983,discharge,0.8381111752584295,0.01005580113508678,3.678467174991628,1
3.3841464193521493,-1.004878342161027,9.212755591908586,0.998,2.904857142857143,1324.0,-0.0001775798095273,0.0023100395831434,0.8171884140670871,discharge,0.8379874877532152,0.010055452484894796,3.678292059634646,1
3.3839688395426215,-1.0050633732212504,9.215065631491727,0.998,2.904714285714286,1325.0,-0.0001775798095278,0.0023100395831416,0.8170488219319175,discharge,0.8378637774730745,0.01005521308226694,3.6781168142112888,1
3.383791259733094,-1.0052484042814738,9.21737567107487,0.998,2.9045714285714284,1326.0,-0.0001775798095273,0.0023100395831434,0.8169092040979895,discharge,0.8377400444180074,0.010055077499625652,3.6779414443640106,1
3.3836136799235663,-1.0054334353416972,9.219685710658014,0.998,2.9044285714285714,1327.0,-0.0001775798095278,0.0023100395831434,0.8167695605653031,discharge,0.8376162885880141,0.010055040579043302,3.677765955465491,1
3.383436100114039,-1.0056184664019203,9.221995750241158,0.998,2.9042857142857144,1328.0,-0.0001775798095273,0.0023100395831434,0.8166298913338584,discharge,0.8374925099830943,0.010055097418845587,3.677590352632091,1
3.383258520304511,-1.005803497462144,9.2243057898243,0.998,2.904142857142857,1329.0,-0.0001775798095278,0.0023100395831416,0.8164901964036553,discharge,0.8373687086032483,0.010055243360880503,3.677414640736576,1
3.383080940494984,-1.0059885285223673,9.226615829407445,0.998,2.904,1330.0,-0.0001775798095273,0.0023100395831434,0.8163504757746939,discharge,0.8372448844484759,0.010055473978419795,3.67723882442014,1
3.3829033606854564,-1.006173559582591,9.228925868990586,0.998,2.903857142857143,1331.0,-0.0001775798095273,0.0023100395831434,0.8162107294469741,discharge,0.8371210375187772,0.010055785064661501,3.677062908104005,1
3.382725780875929,-1.0063585906428143,9.231235908573728,0.998,2.9037142857142855,1332.0,-0.0001775798095278,0.0023100395831416,0.816070957420496,discharge,0.8369971678141521,0.010056172621803678,3.6768868960002883,1
3.382548201066401,-1.0065436217030377,9.233545948156872,0.998,2.9035714285714285,1333.0,-0.0001775798095273,0.0023100395831434,0.8159311596952594,discharge,0.8368732753346007,0.010056632850660992,3.6767107921223725,1
3.382370621256874,-1.006728652763261,9.235855987740017,0.998,2.9034285714285715,1334.0,-0.0001775798095278,0.0023100395831434,0.8157913362712645,discharge,0.8367493600801229,0.01005716214079715,3.6765346002948367,1
3.382193041447346,-1.0069136838234845,9.23816602732316,0.998,2.9032857142857145,1335.0,-0.0001775798095273,0.0023100395831434,0.8156514871485112,discharge,0.8366254220507188,0.01005775706114757,3.67635832416275,1
3.382015461637818,-1.0070987148837078,9.2404760669063,0.998,2.903142857142857,1336.0,-0.0001775798095278,0.0023100395831416,0.8155116123269996,discharge,0.8365014612463884,0.010058414351107946,3.676181967200666,1
3.381837881828291,-1.0072837459439312,9.242786106489444,0.998,2.903,1337.0,-0.0001775798095273,0.0023100395831434,0.8153717118067296,discharge,0.8363774776671316,0.010059130912065525,3.676005532721026,1
3.381643551724152,-1.0071599082594644,9.246008033216397,0.998,2.902769230769231,1338.0,-0.0001943301041387,0.003221926726951,0.8152318284861381,discharge,0.8362535093306893,0.010059750348875423,3.67583540744791,1
3.3814492216200134,-1.0070360705749974,9.249229959943346,0.998,2.9025384615384615,1339.0,-0.0001943301041387,0.003221926726951,0.8150919623652249,discharge,0.8361295562370616,0.010060277486806277,3.675665409382058,1
3.3812548915158747,-1.006912232890531,9.252451886670295,0.998,2.9023076923076925,1340.0,-0.0001943301041387,0.003221926726951,0.8149521134439901,discharge,0.8360056183862485,0.010060716911400373,3.675495534138331,1
3.3810605614117364,-1.0067883952060637,9.255673813397246,0.998,2.902076923076923,1341.0,-0.0001943301041382,0.0032219267269493,0.8148122817224337,discharge,0.8358816957782501,0.0100610729803836,3.675325777558928,1
3.3808662313075977,-1.006664557521597,9.258895740124196,0.998,2.901846153846154,1342.0,-0.0001943301041387,0.003221926726951,0.8146724672005556,discharge,0.8357577884130662,0.0100613498349837,3.675156135702073,1
3.380671901203459,-1.00654071983713,9.262117666851148,0.998,2.9016153846153845,1343.0,-0.0001943301041387,0.003221926726951,0.814532669878356,discharge,0.835633896290697,0.010061551410686207,3.674986604831291,1
3.38047757109932,-1.0064168821526631,9.2653395935781,0.998,2.9013846153846155,1344.0,-0.0001943301041387,0.003221926726951,0.8143928897558349,discharge,0.8355100194111422,0.010061681447456028,3.6748171814050963,1
3.3802832409951815,-1.006293044468196,9.26856152030505,0.998,2.901153846153846,1345.0,-0.0001943301041387,0.003221926726951,0.814253126832992,discharge,0.8353861577744021,0.010061743499451178,3.6746478620673835,1
3.380088910891043,-1.0061692067837291,9.271783447032002,0.998,2.900923076923077,1346.0,-0.0001943301041387,0.003221926726951,0.8141133811098277,discharge,0.8352623113804765,0.010061740944253945,3.6744786436381425,1
3.3798945807869045,-1.0060453690992623,9.275005373758953,0.998,2.9006923076923075,1347.0,-0.0001943301041382,0.0032219267269493,0.8139736525863417,discharge,0.8351384802293654,0.010061676991643427,3.6743095231046907,1
3.379700250682766,-1.0059215314147956,9.278227300485902,0.998,2.9004615384615384,1348.0,-0.0001943301041387,0.003221926726951,0.813833941262534,discharge,0.835014664321069,0.010061554691932238,3.6741404976133163,1
3.379505920578627,-1.0057976937303286,9.281449227212851,0.998,2.900230769230769,1349.0,-0.0001943301041387,0.003221926726951,0.8136942471384049,discharge,0.8348908636555871,0.010061376943889028,3.6739715644614335,1
3.3793115904744884,-1.0056738560458618,9.284671153939804,0.998,2.9,1350.0,-0.0001943301041387,0.003221926726951,0.813554570213954,discharge,0.8347670782329197,0.01006114650226742,3.6738027210899613,1
3.3791187482096023,-1.0056114580727886,9.286467244483784,0.998,2.899857142857143,1351.0,-0.000192842264886,0.00179609054398,0.8134149019558884,discharge,0.8346433004906345,0.010060896509101315,3.673632695278781,1
3.3789259059447163,-1.0055490600997157,9.288263335027764,0.998,2.8997142857142855,1352.0,-0.000192842264886,0.0017960905439782,0.8132752423642079,discharge,0.8345195304287314,0.010060627935739825,3.6734627150485437,1
3.3787330636798303,-1.0054866621266425,9.290059425571744,0.998,2.8995714285714285,1353.0,-0.000192842264886,0.00179609054398,0.8131355914389125,discharge,0.8343957680472104,0.010060341705274025,3.6732927796735257,1
3.3785402214149443,-1.0054242641535691,9.29185551611572,0.998,2.8994285714285715,1354.0,-0.000192842264886,0.0017960905439782,0.8129959491800023,discharge,0.8342720133460715,0.010060038694934489,3.6731228884734644,1
3.3783473791500582,-1.0053618661804962,9.2936516066597,0.998,2.8992857142857145,1355.0,-0.000192842264886,0.00179609054398,0.8128563155874772,discharge,0.8341482663253147,0.010059719738369699,3.6729530408112963,1
3.378154536885172,-1.0052994682074232,9.29544769720368,0.998,2.899142857142857,1356.0,-0.000192842264886,0.0017960905439782,0.8127166906613373,discharge,0.8340245269849399,0.01005938562781127,3.672783236090987,1
3.377961694620286,-1.00523707023435,9.29724378774766,0.998,2.899,1357.0,-0.000192842264886,0.00179609054398,0.8125770744015826,discharge,0.8339007953249472,0.010059037116131608,3.67261347375543,1
3.3777688523553997,-1.0051746722612769,9.29903987829164,0.998,2.898857142857143,1358.0,-0.0001928422648864,0.00179609054398,0.8124374668082128,discharge,0.8337770713453366,0.010058674918799314,3.672443753284585,1
3.3775760100905137,-1.005112274288204,9.300835968835615,0.998,2.8987142857142856,1359.0,-0.000192842264886,0.0017960905439782,0.8122978678812285,discharge,0.8336533550461082,0.010058299715737481,3.6722740741935063,1
3.3773831678256276,-1.0050498763151308,9.302632059379595,0.998,2.898571428571429,1360.0,-0.000192842264886,0.00179609054398,0.8121582776206291,discharge,0.8335296464272618,0.010057912153089628,3.6721044360306863,1
3.3771903255607416,-1.0049874783420576,9.304428149923575,0.998,2.8984285714285716,1361.0,-0.000192842264886,0.0017960905439782,0.812018696026415,discharge,0.8334059454887975,0.01005751284489793,3.671934838376309,1
3.3769974832958556,-1.0049250803689844,9.306224240467555,0.998,2.8982857142857146,1362.0,-0.000192842264886,0.00179609054398,0.8118791230985859,discharge,0.8332822522307153,0.010057102374698054,3.671765280840655,1
3.3768046410309696,-1.0048626823959117,9.308020331011534,0.998,2.898142857142857,1363.0,-0.000192842264886,0.0017960905439782,0.811739558837142,discharge,0.8331585666530151,0.010056681297034768,3.671595763062622,1
3.3766117987660835,-1.0048002844228383,9.309816421555514,0.998,2.898,1364.0,-0.000192842264886,0.00179609054398,0.8116000032420834,discharge,0.8330348887556971,0.010056250138902252,3.6714262847082746,1
3.3764165678636995,-1.0049447607042623,9.312622014332057,0.998,2.897769230769231,1365.0,-0.000195230902384,0.0028055927765411,0.8114604275808743,discharge,0.8329111930752205,0.01005591217924534,3.671252569973146,1
3.376221336961315,-1.0050892369856868,9.315427607108598,0.998,2.8975384615384616,1366.0,-0.000195230902384,0.0028055927765429,0.8113208318535152,discharge,0.8327874796115855,0.01005566278782848,3.6710787611767173,1
3.376026106058931,-1.005233713267111,9.31823319988514,0.998,2.8973076923076926,1367.0,-0.0001952309023844,0.0028055927765411,0.8111812160600059,discharge,0.8326637483647921,0.01005549756445295,3.670904862923169,1
3.375830875156547,-1.005378189548535,9.32103879266168,0.998,2.897076923076923,1368.0,-0.000195230902384,0.0028055927765411,0.8110415802003463,discharge,0.8325399993348401,0.010055412327528282,3.6707308795978997,1
3.375635644254163,-1.0055226658299592,9.323844385438225,0.998,2.896846153846154,1369.0,-0.000195230902384,0.0028055927765429,0.8109019242745367,discharge,0.8324162325217297,0.010055403103211494,3.670556815378459,1
3.375440413351779,-1.0056671421113834,9.326649978214764,0.998,2.8966153846153846,1370.0,-0.000195230902384,0.0028055927765411,0.8107622482825768,discharge,0.8322924479254608,0.010055466115085893,3.6703826742447947,1
3.3752451824493943,-1.0058116183928076,9.329455570991303,0.998,2.8963846153846156,1371.0,-0.0001952309023844,0.0028055927765411,0.8106225522244667,discharge,0.8321686455460333,0.010055597774352646,3.6702084599891025,1
3.3750499515470103,-1.005956094674232,9.332261163767846,0.998,2.896153846153846,1372.0,-0.000195230902384,0.0028055927765411,0.8104828361002063,discharge,0.8320448253834474,0.010055794670509656,3.670034176225102,1
3.374854720644626,-1.006100570955656,9.33506675654439,0.998,2.895923076923077,1373.0,-0.000195230902384,0.0028055927765429,0.8103430999097958,discharge,0.831920987437703,0.010056053562493523,3.6698598263969817,1
3.374659489742242,-1.00624504723708,9.33787234932093,0.998,2.8956923076923076,1374.0,-0.000195230902384,0.0028055927765411,0.8102033436532352,discharge,0.8317971317088002,0.010056371370261578,3.669685413787705,1
3.3744642588398577,-1.0063895235185043,9.340677942097471,0.998,2.8954615384615385,1375.0,-0.0001952309023844,0.0028055927765411,0.8100635673305243,discharge,0.8316732581967389,0.010056745166792143,3.669510941527081,1
3.3742690279374736,-1.0065339997999283,9.343483534874014,0.998,2.895230769230769,1376.0,-0.000195230902384,0.0028055927765429,0.8099237709416631,discharge,0.831549366901519,0.010057172170482229,3.669336412599362,1
3.3740737970350896,-1.0066784760813527,9.346289127650556,0.998,2.895,1377.0,-0.000195230902384,0.0028055927765411,0.8097839544866519,discharge,0.8314254578231407,0.010057649737922919,3.66916182985046,1
3.3738684471916196,-1.0065597656481493,9.349525345966228,0.998,2.894846153846154,1378.0,-0.0002053498434699,0.0032362183156724,0.8096441545192007,discharge,0.8313015633564788,0.010058044602053607,3.6689926352383377,1
3.37366309734815,-1.006441055214946,9.352761564281902,0.998,2.8946923076923077,1379.0,-0.0002053498434695,0.0032362183156742,0.8095043710393097,discharge,0.8311776835015332,0.010058360871694781,3.6688235611049853,1
3.37345774750468,-1.0063223447817429,9.355997782597576,0.998,2.8945384615384615,1380.0,-0.0002053498434699,0.0032362183156724,0.809364604046979,discharge,0.831053818258304,0.010058602451534764,3.6686546037303587,1
3.3732523976612105,-1.0062036343485394,9.359234000913249,0.998,2.8943846153846153,1381.0,-0.0002053498434695,0.0032362183156742,0.8092248535422083,discharge,0.8309299676267913,0.010058773052271293,3.66848575958794,1
3.373047047817741,-1.006084923915336,9.36247021922892,0.998,2.894230769230769,1382.0,-0.0002053498434699,0.0032362183156724,0.8090851195249978,discharge,0.8308061316069949,0.010058876200249256,3.668317025335119,1
3.3728416979742706,-1.0059662134821326,9.365706437544596,0.998,2.894076923076923,1383.0,-0.0002053498434699,0.0032362183156742,0.8089454019953475,discharge,0.8306823101989148,0.010058915246619608,3.6681483978040212,1
3.372636348130801,-1.0058475030489291,9.368942655860268,0.998,2.893923076923077,1384.0,-0.0002053498434695,0.0032362183156724,0.8088057009532574,discharge,0.8305585034025511,0.010058893376043265,3.6679798739928287,1
3.372430998287331,-1.005728792615726,9.372178874175942,0.998,2.89376923076923,1385.0,-0.0002053498434699,0.0032362183156742,0.8086660163987275,discharge,0.8304347112179038,0.010058813614962558,3.6678114510574877,1
3.372225648443861,-1.0056100821825225,9.375415092491616,0.998,2.8936153846153845,1386.0,-0.0002053498434699,0.0032362183156724,0.8085263483317576,discharge,0.8303109336449729,0.010058678839461776,3.667643126303846,1
3.3720202986003915,-1.0054913717493192,9.378651310807289,0.998,2.8934615384615383,1387.0,-0.0002053498434695,0.0032362183156742,0.8083866967523481,discharge,0.8301871706837584,0.010058491782737163,3.66747489718018,1
3.3718149487569216,-1.0053726613161158,9.38188752912296,0.998,2.893307692307692,1388.0,-0.0002053498434699,0.0032362183156724,0.8082470616604985,discharge,0.8300634223342602,0.010058255042195808,3.6673067612701367,1
3.371609598913452,-1.0052539508829126,9.385123747438636,0.998,2.893153846153846,1389.0,-0.0002053498434695,0.0032362183156742,0.8081074430562093,discharge,0.8299396885964784,0.010057971086201843,3.6671387162859186,1
3.371404249069982,-1.0051352404497091,9.388359965754308,0.998,2.893,1390.0,-0.0002053498434699,0.0032362183156724,0.8079678409394802,discharge,0.8298159694704129,0.01005764226048749,3.6669707600619503,1
3.371221326398284,-1.0052205622937742,9.390149101735917,0.998,2.892785714285714,1391.0,-0.0001829226716982,0.0017891359816086,0.8078282269724949,discharge,0.8296922398423339,0.010057372160442538,3.6667986739021847,1
3.3710384037265855,-1.0053058841378393,9.391938237717524,0.998,2.8925714285714283,1392.0,-0.0001829226716982,0.0017891359816086,0.8076886011552535,discharge,0.8295684997122412,0.01005715786849049,3.6666265415637356,1
3.370855481054887,-1.0053912059819043,9.393727373699132,0.998,2.892357142857142,1393.0,-0.0001829226716982,0.0017891359816069,0.8075489634877561,discharge,0.829444749080135,0.010056996612004281,3.6664543660129785,1
3.3706725583831885,-1.0054765278259694,9.39551650968074,0.998,2.892142857142857,1394.0,-0.0001829226716987,0.0017891359816086,0.8074093139700025,discharge,0.829320987946015,0.010056885756104986,3.6662821500783584,1
3.37048963571149,-1.0055618496700345,9.39730564566235,0.998,2.891928571428571,1395.0,-0.0001829226716982,0.0017891359816086,0.8072696526019927,discharge,0.8291972163098815,0.01005682279681829,3.6661098964571783,1
3.370306713039792,-1.0056471715140995,9.399094781643958,0.998,2.8917142857142855,1396.0,-0.0001829226716982,0.0017891359816086,0.8071299793837269,discharge,0.8290734341717344,0.010056805354570954,3.6659376077221273,1
3.3701237903680936,-1.0057324933581646,9.400883917625569,0.998,2.8914999999999997,1397.0,-0.0001829226716982,0.0017891359816086,0.8069902943152049,discharge,0.8289496415315737,0.010056831168010394,3.6657652863274555,1
3.3699408676963953,-1.0058178152022297,9.402673053607174,0.998,2.8912857142857145,1398.0,-0.0001829226716982,0.0017891359816069,0.8068505973964268,discharge,0.8288258383893993,0.010056898088131302,3.665592934614839,1
3.369757945024697,-1.0059031370462947,9.404462189588784,0.998,2.8910714285714287,1399.0,-0.0001829226716982,0.0017891359816086,0.8067108886273926,discharge,0.8287020247452113,0.010057004072694078,3.6654205548189744,1
3.3695750223529988,-1.0059884588903598,9.406251325570391,0.998,2.890857142857143,1400.0,-0.0001829226716982,0.0017891359816086,0.8065711680081022,discharge,0.8285782005990097,0.010057147180920541,3.6652481490728825,1
3.3693920996813,-1.0060737807344249,9.408040461552,0.998,2.8906428571428573,1401.0,-0.0001829226716987,0.0017891359816086,0.8064314355385558,discharge,0.8284543659507945,0.010057325568453198,3.665075719412953,1
3.3692091770096018,-1.00615910257849,9.409829597533609,0.998,2.8904285714285716,1402.0,-0.0001829226716982,0.0017891359816069,0.8062916912187532,discharge,0.8283305208005657,0.010057537482564907,3.6649032677837026,1
3.3690262543379035,-1.006244424422555,9.411618733515215,0.998,2.890214285714286,1403.0,-0.0001829226716982,0.0017891359816086,0.8061519350486945,discharge,0.8282066651483232,0.010057781257606554,3.6647307960423703,1
3.368843331666205,-1.00632974626662,9.413407869496824,0.998,2.89,1404.0,-0.0001829226716982,0.0017891359816086,0.8060121670283797,discharge,0.8280827989940671,0.010058055310680892,3.6645583059632245,1
3.3686491665271108,-1.0063953050075536,9.41678054379262,0.998,2.889769230769231,1405.0,-0.0001941651390944,0.0033726742957949,0.8058723899026843,discharge,0.8279589247703794,0.010058348318934806,3.6643862076701357,1
3.368455001388016,-1.006460863748487,9.420153218088414,0.998,2.8895384615384616,1406.0,-0.0001941651390948,0.0033726742957949,0.8057326036716081,discharge,0.8278350424772599,0.010058659340647457,3.664214107032111,1
3.3682608362489215,-1.0065264224894204,9.42352589238421,0.998,2.889307692307693,1407.0,-0.0001941651390944,0.0033726742957966,0.8055928083351512,discharge,0.8277111521147089,0.01005898748088407,3.6640420051331977,1
3.368066671109827,-1.006591981230354,9.426898566680006,0.998,2.889076923076923,1408.0,-0.0001941651390944,0.0033726742957949,0.8054530038933136,discharge,0.8275872536827262,0.010059331889171526,3.6638699030127135,1
3.367872505970732,-1.0066575399712874,9.4302712409758,0.998,2.888846153846154,1409.0,-0.0001941651390948,0.0033726742957949,0.8053131903460955,discharge,0.8274633471813119,0.010059691757289444,3.663697801667514,1
3.3676783408316378,-1.0067230987122209,9.433643915271595,0.998,2.8886153846153846,1410.0,-0.0001941651390944,0.0033726742957949,0.8051733676934966,discharge,0.8273394326104658,0.010060066317171006,3.663525702054037,1
3.3674841756925433,-1.0067886574531542,9.437016589567392,0.998,2.8883846153846156,1411.0,-0.0001941651390944,0.0033726742957966,0.805033535935517,discharge,0.8272155099701881,0.010060454838908071,3.6633536050903444,1
3.367290010553449,-1.0068542161940877,9.440389263863189,0.998,2.888153846153846,1412.0,-0.0001941651390944,0.0033726742957949,0.8048936950721566,discharge,0.8270915792604787,0.01006085662885539,3.663181511657959,1
3.367095845414354,-1.0069197749350212,9.443761938158982,0.998,2.887923076923077,1413.0,-0.0001941651390948,0.0033726742957949,0.8047538451034156,discharge,0.8269676404813376,0.010061271027829017,3.663009422603739,1
3.3669016802752596,-1.0069853336759549,9.447134612454777,0.998,2.8876923076923076,1414.0,-0.0001941651390944,0.0033726742957949,0.804613986029294,discharge,0.826843693632765,0.010061697409394225,3.6628373387415345,1
3.366707515136165,-1.007050892416888,9.450507286750572,0.998,2.8874615384615385,1415.0,-0.0001941651390944,0.0033726742957966,0.8044741178497916,discharge,0.8267197387147607,0.010062135178238469,3.662665260853824,1
3.3665133499970703,-1.0071164511578214,9.453879961046368,0.998,2.887230769230769,1416.0,-0.0001941651390948,0.0033726742957949,0.8043342405649087,discharge,0.8265957757273247,0.010062583768625198,3.6624931896932664,1
3.366319184857976,-1.007182009898755,9.457252635342163,0.998,2.887,1417.0,-0.0001941651390944,0.0033726742957949,0.8041943541746449,discharge,0.826471804670457,0.010063042642924475,3.6623211259841963,1
3.3661380970650026,-1.0069898574052916,9.459632134745757,0.998,2.886857142857143,1418.0,-0.0001810877929733,0.0023794994035934,0.8040544944722275,discharge,0.8263478572650719,0.010063383255534573,3.6621543962458567,1
3.3659570092720292,-1.0067977049118284,9.462011634149349,0.998,2.8867142857142856,1419.0,-0.0001810877929733,0.0023794994035917,0.8039146614576564,discharge,0.8262239335111692,0.010063611481867874,3.661987840541868,1
3.365775921479056,-1.0066055524183652,9.464391133552942,0.998,2.886571428571429,1420.0,-0.0001810877929733,0.0023794994035934,0.8037748551309316,discharge,0.826100033408749,0.010063732905437741,3.6618214534519518,1
3.365594833686083,-1.006413399924902,9.466770632956534,0.998,2.8864285714285716,1421.0,-0.0001810877929728,0.0023794994035917,0.8036350754920532,discharge,0.8259761569578115,0.010063752832360487,3.6616552298327005,1
3.3654137458931097,-1.0062212474314385,9.469150132360127,0.998,2.886285714285714,1422.0,-0.0001810877929733,0.0023794994035934,0.8034953225410211,discharge,0.8258523041583563,0.01006367630513687,3.661489164803804,1
3.3652326581001364,-1.006029094937975,9.47152963176372,0.998,2.886142857142857,1423.0,-0.0001810877929733,0.0023794994035917,0.8033555962778351,discharge,0.8257284750103837,0.010063508115748887,3.661323253734982,1
3.365051570307163,-1.0058369424445122,9.473909131167312,0.998,2.886,1424.0,-0.0001810877929733,0.0023794994035934,0.8032158967024956,discharge,0.8256046695138937,0.010063252818105915,3.661157492233473,1
3.3648704825141897,-1.0056447899510488,9.476288630570906,0.998,2.8858571428571427,1425.0,-0.0001810877929733,0.0023794994035934,0.8030762238150024,discharge,0.825480887668886,0.010062914739872503,3.660991876132299,1
3.3646893947212164,-1.0054526374575854,9.478668129974498,0.998,2.8857142857142857,1426.0,-0.0001810877929733,0.0023794994035917,0.8029365776153556,discharge,0.825357129475361,0.010062497993708543,3.660826401478937,1
3.364508306928243,-1.0052604849641222,9.481047629378091,0.998,2.885571428571428,1427.0,-0.0001810877929733,0.0023794994035934,0.802796958103555,discharge,0.8252333949333185,0.010062006487951015,3.6606610645246955,1
3.36432721913527,-1.005068332470659,9.483427128781685,0.998,2.8854285714285712,1428.0,-0.0001810877929728,0.0023794994035917,0.8026573652796007,discharge,0.8251096840427584,0.01006144393676504,3.660495861714546,1
3.364146131342297,-1.0048761799771957,9.485806628185276,0.998,2.8852857142857142,1429.0,-0.0001810877929733,0.0023794994035934,0.8025177991434929,discharge,0.8249859968036809,0.010060813869790634,3.6603307896774697,1
3.3639650435493236,-1.0046840274837323,9.488186127588868,0.998,2.885142857142857,1430.0,-0.0001810877929733,0.0023794994035917,0.8023782596952311,discharge,0.8248623332160859,0.010060119641310164,3.660165845217324,1
3.3637839557563503,-1.0044918749902692,9.490565626992462,0.998,2.885,1431.0,-0.0001810877929733,0.0023794994035934,0.8022387469348159,discharge,0.8247386932799734,0.010059364438960383,3.660001025304065,1
3.363588631252521,-1.004450840463445,9.493108772533793,0.998,2.8848461538461536,1432.0,-0.0001953245038293,0.0025431455413293,0.8020992398736404,discharge,0.8246150583946795,0.010058626369610987,3.6598332041480415,1
3.3633933067486916,-1.0044098059366209,9.495651918075122,0.998,2.884692307692307,1433.0,-0.0001953245038293,0.0025431455413311,0.8019597385117048,discharge,0.8244914285602043,0.010057904582069647,3.659665405130653,1
3.3631979822448623,-1.0043687714097964,9.498195063616452,0.998,2.8845384615384613,1434.0,-0.0001953245038293,0.0025431455413293,0.8018202428490089,discharge,0.8243678037765477,0.010057198267432503,3.659497629231299,1
3.3630026577410335,-1.0043277368829724,9.50073820915778,0.998,2.884384615384615,1435.0,-0.0001953245038288,0.0025431455413293,0.801680752885553,discharge,0.8242441840437097,0.010056506656983218,3.659329877388863,1
3.362807333237204,-1.004286702356148,9.503281354699112,0.998,2.884230769230769,1436.0,-0.0001953245038293,0.0025431455413311,0.8015412686213368,discharge,0.8241205693616903,0.010055829020196392,3.6591621505036884,1
3.362612008733375,-1.004245667829324,9.505824500240442,0.998,2.8840769230769228,1437.0,-0.0001953245038293,0.0025431455413293,0.8014017900563606,discharge,0.8239969597304896,0.010055164662840194,3.6589944494394686,1
3.3624166842295455,-1.0042046333024996,9.508367645781773,0.998,2.883923076923077,1438.0,-0.0001953245038293,0.0025431455413293,0.801262317190624,discharge,0.8238733551501075,0.010054512925173235,3.6588267750250605,1
3.362221359725716,-1.0041635987756754,9.5109107913231,0.998,2.883769230769231,1439.0,-0.0001953245038293,0.0025431455413293,0.8011228500241274,discharge,0.8237497556205441,0.010053873180231033,3.6586591280562013,1
3.362026035221887,-1.0041225642488512,9.513453936864432,0.998,2.8836153846153847,1440.0,-0.0001953245038293,0.0025431455413311,0.8009833885568707,discharge,0.8236261611417992,0.010053244832197616,3.6584915092971375,1
3.361830710718058,-1.0040815297220271,9.51599708240576,0.998,2.8834615384615385,1441.0,-0.0001953245038288,0.0025431455413293,0.8008439327888537,discharge,0.823502571713873,0.010052627314858011,3.6583239194821386,1
3.3616353862142287,-1.0040404951952029,9.51854022794709,0.998,2.8833076923076923,1442.0,-0.0001953245038293,0.0025431455413293,0.8007044827200767,discharge,0.8233789873367654,0.01005202009012763,3.658156359317033,1
3.361440061710399,-1.0039994606683786,9.52108337348842,0.998,2.883153846153846,1443.0,-0.0001953245038293,0.0025431455413311,0.8005650383505394,discharge,0.8232554080104765,0.010051422646654706,3.6579888294805403,1
3.36124473720657,-1.0039584261415544,9.52362651902975,0.998,2.883,1444.0,-0.0001953245038293,0.0025431455413293,0.8004255996802419,discharge,0.8231318337350062,0.010050834498492171,3.6578213306256497,1
3.361052563600409,-1.0040448332531948,9.525882274967785,0.998,2.882769230769231,1445.0,-0.0001921736061611,0.002255755938032,0.8002861490089568,discharge,0.8230082488239399,0.010050318498691363,3.6576512297986103,1
3.3608603899942477,-1.0041312403648353,9.528138030905811,0.998,2.8825384615384615,1446.0,-0.0001921736061611,0.0022557559380302,0.8001466863366838,discharge,0.8228846532772776,0.010049871062816946,3.657481079595847,1
3.3606682163880865,-1.0042176474764757,9.530393786843844,0.998,2.8823076923076925,1447.0,-0.0001921736061611,0.002255755938032,0.8000072116634233,discharge,0.8227610470950193,0.010049488784513535,3.6573108836027166,1
3.360476042781926,-1.004304054588116,9.532649542781876,0.998,2.882076923076923,1448.0,-0.0001921736061611,0.002255755938032,0.7998677249891749,discharge,0.822637430277165,0.010049168426658421,3.6571406452351236,1
3.360283869175764,-1.0043904616997563,9.534905298719908,0.998,2.881846153846154,1449.0,-0.0001921736061611,0.0022557559380302,0.7997282263139388,discharge,0.8225138028237147,0.010048906912953856,3.656970367747917,1
3.360091695569603,-1.004476868811397,9.53716105465794,0.998,2.8816153846153845,1450.0,-0.0001921736061611,0.002255755938032,0.7995887156377149,discharge,0.8223901647346684,0.010048701319937025,3.6568000542429195,1
3.3598995219634418,-1.0045632759230372,9.539416810595972,0.998,2.881384615384615,1451.0,-0.0001921736061611,0.002255755938032,0.7994491929605034,discharge,0.8222665160100261,0.01004854886938699,3.6566297076764824,1
3.359707348357281,-1.0046496830346776,9.541672566534004,0.998,2.881153846153846,1452.0,-0.0001921736061611,0.002255755938032,0.7993096582823042,discharge,0.8221428566497878,0.010048446921108862,3.6564593308667206,1
3.3595151747511194,-1.004736090146318,9.543928322472034,0.998,2.880923076923077,1453.0,-0.0001921736061611,0.0022557559380302,0.7991701116031171,discharge,0.8220191866539536,0.010048392966076467,3.6562889265003524,1
3.359323001144958,-1.0048224972579585,9.546184078410066,0.998,2.880692307692307,1454.0,-0.0001921736061611,0.002255755938032,0.7990305529229424,discharge,0.8218955060225233,0.010048384619915692,3.656118497139257,1
3.359130827538797,-1.004908904369599,9.548439834348098,0.998,2.8804615384615384,1455.0,-0.0001921736061611,0.002255755938032,0.79889098224178,discharge,0.821771814755497,0.010048419616711594,3.655948045226599,1
3.358938653932636,-1.004995311481239,9.550695590286129,0.998,2.880230769230769,1456.0,-0.0001921736061611,0.0022557559380302,0.7987513995596298,discharge,0.8216481128528748,0.010048495803123171,3.6557775730927813,1
3.3587464803264746,-1.0050817185928798,9.55295134622416,0.998,2.88,1457.0,-0.0001921736061611,0.002255755938032,0.798611804876492,discharge,0.8215244003146565,0.010048611132790528,3.655607082960995,1
3.3585566561436875,-1.0051091375632264,9.557893347154575,0.998,2.879785714285714,1458.0,-0.0001898241827871,0.0049420009304164,0.7984722063851637,discharge,0.8214006844015181,0.010048734354855069,3.655437795916241,1
3.3583668319609,-1.005136556533573,9.562835348084992,0.998,2.8795714285714284,1459.0,-0.0001898241827875,0.0049420009304164,0.7983326040856451,discharge,0.8212769651134598,0.010048865077211047,3.6552685327578587,1
3.358177007778113,-1.0051639755039197,9.56777734901541,0.998,2.8793571428571427,1460.0,-0.0001898241827871,0.0049420009304164,0.7981929979779363,discharge,0.8211532424504815,0.010049002927233097,3.6550992940282354,1
3.3579871835953257,-1.0051913944742663,9.572719349945826,0.998,2.879142857142857,1461.0,-0.0001898241827871,0.0049420009304164,0.7980533880620371,discharge,0.8210295164125831,0.010049147550808423,3.6549300802509896,1
3.3577973594125385,-1.005218813444613,9.577661350876244,0.998,2.8789285714285713,1462.0,-0.0001898241827871,0.0049420009304164,0.7979137743379476,discharge,0.8209057869997648,0.010049298611417064,3.654760891931869,1
3.357607535229751,-1.0052462324149596,9.58260335180666,0.998,2.8787142857142856,1463.0,-0.0001898241827875,0.0049420009304164,0.7977741568056678,discharge,0.8207820542120264,0.010049455789257863,3.6545917295596206,1
3.357417711046964,-1.0052736513853062,9.587545352737076,0.998,2.8785,1464.0,-0.0001898241827871,0.0049420009304164,0.7976345354651976,discharge,0.8206583180493681,0.010049618780417845,3.654422593606817,1
3.3572278868641767,-1.005301070355653,9.592487353667492,0.998,2.878285714285714,1465.0,-0.0001898241827871,0.0049420009304164,0.797494910316537,discharge,0.8205345785117896,0.010049787296082878,3.6542534845306673,1
3.357038062681389,-1.0053284893259995,9.597429354597908,0.998,2.8780714285714284,1466.0,-0.0001898241827875,0.0049420009304164,0.7973552813596863,discharge,0.8204108355992911,0.01004996106178753,3.654084402773774,1
3.356848238498602,-1.0053559082963464,9.602371355528325,0.998,2.8778571428571427,1467.0,-0.0001898241827871,0.0049420009304164,0.797215648594645,discharge,0.8202870893118726,0.01005013981670221,3.6539153487648046,1
3.356658414315815,-1.005383327266693,9.60731335645874,0.998,2.877642857142857,1468.0,-0.0001898241827871,0.0049420009304164,0.7970760120214135,discharge,0.820163339649534,0.010050323312955725,3.653746322919187,1
3.356468590133028,-1.0054107462370396,9.612255357389158,0.998,2.8774285714285712,1469.0,-0.0001898241827871,0.0049420009304164,0.7969363716399918,discharge,0.8200395866122755,0.010050511314991479,3.653577325639779,1
3.35627876595024,-1.0054381652073865,9.617197358319574,0.998,2.8772142857142855,1470.0,-0.0001898241827875,0.0049420009304164,0.7967967274503795,discharge,0.819915830200097,0.010050703598955671,3.6534083573174367,1
3.356088941767453,-1.005465584177733,9.62213935924999,0.998,2.877,1471.0,-0.0001898241827871,0.0049420009304164,0.7966570794525771,discharge,0.8197920704129984,0.010050899952115878,3.653239418331655,1
3.355896482534711,-1.0054755166701546,9.624395773350416,0.998,2.8768461538461536,1472.0,-0.0001924592327422,0.0022564141004242,0.7965174300752618,discharge,0.8196683094033387,0.01005109148477248,3.653070870392287,1
3.3557040233019686,-1.0054854491625762,9.62665218745084,0.998,2.876692307692307,1473.0,-0.0001924592327422,0.0022564141004242,0.7963777793184337,discharge,0.8195445471711178,0.010051278436415095,3.652902363694485,1
3.3555115640692263,-1.005495381654998,9.628908601551265,0.998,2.8765384615384613,1474.0,-0.0001924592327422,0.0022564141004242,0.7962381271820927,discharge,0.8194207837163359,0.010051461034635147,3.652733898174528,1
3.355319104836484,-1.0055053141474193,9.631165015651687,0.998,2.876384615384615,1475.0,-0.0001924592327422,0.0022564141004242,0.7960984736662389,discharge,0.8192970190389928,0.010051639495716988,3.652565473779746,1
3.355126645603742,-1.005515246639841,9.633421429752111,0.998,2.876230769230769,1476.0,-0.0001924592327422,0.0022564141004242,0.7959588187708723,discharge,0.8191732531390885,0.010051814025199649,3.652397090467916,1
3.3549341863709996,-1.0055251791322626,9.635677843852536,0.998,2.8760769230769228,1477.0,-0.0001924592327422,0.0022564141004242,0.7958191624959928,discharge,0.8190494860166231,0.010051984818410683,3.652228748206715,1
3.354741727138258,-1.0055351116246842,9.637934257952958,0.998,2.875923076923077,1478.0,-0.0001924592327418,0.0022564141004224,0.7956795048416004,discharge,0.8189257176715965,0.010052152060973488,3.6520604469732634,1
3.3545492679055156,-1.005545044117106,9.640190672053382,0.998,2.875769230769231,1479.0,-0.0001924592327422,0.0022564141004242,0.7955398458076953,discharge,0.8188019481040089,0.010052315929289424,3.6518921867535847,1
3.3543568086727733,-1.0055549766095275,9.642447086153808,0.998,2.8756153846153847,1480.0,-0.0001924592327422,0.0022564141004242,0.7954001853942774,discharge,0.8186781773138601,0.010052476590995974,3.651723967542186,1
3.354164349440031,-1.005564909101949,9.64470350025423,0.998,2.8754615384615385,1481.0,-0.0001924592327422,0.0022564141004242,0.7952605236013465,discharge,0.8185544053011501,0.010052634205402143,3.651555789341613,1
3.353971890207289,-1.0055748415943706,9.646959914354657,0.998,2.8753076923076923,1482.0,-0.0001924592327422,0.0022564141004242,0.7951208604289028,discharge,0.818430632065879,0.01005278892390224,3.6513876521620294,1
3.3537794309745466,-1.0055847740867925,9.64921632845508,0.998,2.875153846153846,1483.0,-0.0001924592327422,0.0022564141004242,0.7949811958769464,discharge,0.8183068576080468,0.01005294089036908,3.6512195560208327,1
3.3535869717418043,-1.005594706579214,9.651472742555503,0.998,2.875,1484.0,-0.0001924592327422,0.0022564141004242,0.794841529945477,discharge,0.8181830819276534,0.010053090241527673,3.6510515009422804,1
3.3533840844135887,-1.0056603780902067,9.655408003045098,0.998,2.874769230769231,1485.0,-0.0002028873282156,0.0039352604895945,0.7947018548929645,discharge,0.8180592981639478,0.010053264799263826,3.650882335192323,1
3.3531811970853735,-1.0057260496011995,9.659343263534694,0.998,2.8745384615384615,1486.0,-0.0002028873282151,0.0039352604895963,0.7945621707194088,discharge,0.8179355063169301,0.010053463311278175,3.6507131749707695,1
3.352978309757158,-1.0057917211121925,9.663278524024289,0.998,2.8743076923076925,1487.0,-0.0002028873282156,0.0039352604895945,0.7944224774248099,discharge,0.8178117063866002,0.010053684587487413,3.6505440216345955,1
3.3527754224289428,-1.0058573926231855,9.667213784513883,0.998,2.874076923076923,1488.0,-0.0002028873282151,0.0039352604895945,0.7942827750091677,discharge,0.8176878983729581,0.010053927496933292,3.6503748764814223,1
3.352572535100727,-1.0059230641341783,9.67114904500348,0.998,2.873846153846154,1489.0,-0.0002028873282156,0.0039352604895963,0.7941430634724824,discharge,0.8175640822760037,0.010054190964845217,3.6502057407524333,1
3.352369647772512,-1.005988735645171,9.675084305493074,0.998,2.8736153846153845,1490.0,-0.0002028873282151,0.0039352604895945,0.7940033428147539,discharge,0.8174402580957372,0.010054473969848751,3.650036615635187,1
3.3521667604442964,-1.006054407156164,9.679019565982667,0.998,2.873384615384615,1491.0,-0.0002028873282156,0.0039352604895945,0.7938636130359822,discharge,0.8173164258321585,0.010054775541312825,3.6498675022662708,1
3.3519638731160812,-1.0061200786671571,9.682954826472264,0.998,2.873153846153846,1492.0,-0.0002028873282151,0.0039352604895945,0.7937238741361674,discharge,0.8171925854852675,0.010055094756828729,3.6496984017337892,1
3.3517609857878656,-1.00618575017815,9.68689008696186,0.998,2.872923076923077,1493.0,-0.0002028873282156,0.0039352604895963,0.7935841261153093,discharge,0.8170687370550644,0.010055430739814356,3.6495293150797883,1
3.3515580984596505,-1.006251421689143,9.690825347451456,0.998,2.872692307692307,1494.0,-0.0002028873282151,0.0039352604895945,0.793444368973408,discharge,0.8169448805415491,0.010055782657237475,3.64936024330254,1
3.351355211131435,-1.0063170932001355,9.694760607941047,0.998,2.8724615384615384,1495.0,-0.0002028873282156,0.0039352604895945,0.7933046027104635,discharge,0.8168210159447216,0.0100561497174521,3.6491911873586926,1
3.3511523238032197,-1.0063827647111288,9.698695868430644,0.998,2.872230769230769,1496.0,-0.0002028873282151,0.0039352604895963,0.7931648273264759,discharge,0.8166971432645819,0.010056531168142367,3.649022148165313,1
3.350949436475004,-1.0064484362221215,9.70263112892024,0.998,2.872,1497.0,-0.0002028873282156,0.0039352604895945,0.793025042821445,discharge,0.8165732625011299,0.01005692629436856,3.648853126601862,1
3.350770558330454,-1.0063636871701267,9.704166096471612,0.998,2.871785714285714,1498.0,-0.0001788781445499,0.0015349675513718,0.7928852700871158,discharge,0.8164493921691883,0.0100572596855911,3.648687231650967,1
3.3505916801859037,-1.0062789381181316,9.705701064022984,0.998,2.8715714285714284,1499.0,-0.0001788781445504,0.0015349675513736,0.7927455091234883,discharge,0.8163255322687571,0.01005753440889458,3.6485214519792275,1
3.3504128020413537,-1.0061941890661368,9.707236031574356,0.998,2.8713571428571427,1500.0,-0.0001788781445499,0.0015349675513718,0.7926057599305625,discharge,0.8162016827998363,0.010057753378986376,3.648355784816498,1
3.3502339238968037,-1.006109440014142,9.70877099912573,0.998,2.871142857142857,1501.0,-0.0001788781445499,0.0015349675513718,0.7924660225083383,discharge,0.8160778437624258,0.010057919365766974,3.6481902275370555,1
3.3500550457522533,-1.006024690962147,9.7103059666771,0.998,2.8709285714285713,1502.0,-0.0001788781445504,0.0015349675513718,0.7923262968568158,discharge,0.8159540151565255,0.010058035001524182,3.648024777652421,1
3.3498761676077033,-1.005939941910152,9.711840934228476,0.998,2.8707142857142856,1503.0,-0.0001788781445499,0.0015349675513736,0.7921865829759949,discharge,0.8158301969821357,0.010058102787769927,3.64785943280452,1
3.349697289463154,-1.0058551928581572,9.713375901779846,0.998,2.8705,1504.0,-0.0001788781445499,0.0015349675513718,0.7920468808658757,discharge,0.8157063892392561,0.010058125101737394,3.647694190759175,1
3.349518411318603,-1.0057704438061623,9.714910869331218,0.998,2.8702857142857146,1505.0,-0.0001788781445504,0.0015349675513718,0.7919071905264582,discharge,0.8155825919278868,0.010058104202555374,3.6475290493999317,1
3.349339533174053,-1.0056856947541672,9.716445836882592,0.998,2.870071428571429,1506.0,-0.0001788781445499,0.0015349675513736,0.7917675119577423,discharge,0.8154588050480279,0.010058042237115856,3.6473640067222206,1
3.3491606550295026,-1.0056009457021724,9.717980804433964,0.998,2.869857142857143,1507.0,-0.0001788781445504,0.0015349675513718,0.7916278451597282,discharge,0.8153350285996793,0.010057941245650124,3.647199060827726,1
3.348981776884953,-1.0055161966501776,9.719515771985336,0.998,2.8696428571428574,1508.0,-0.0001788781445499,0.0015349675513718,0.7914881901324157,discharge,0.815211262582841,0.010057803167027809,3.6470342099191475,1
3.3488028987404026,-1.0054314475981827,9.721050739536707,0.998,2.8694285714285717,1509.0,-0.0001788781445499,0.0015349675513718,0.7913485468758048,discharge,0.8150875069975132,0.01005762984379268,3.6468694522951326,1
3.348624020595852,-1.0053466985461876,9.72258570708808,0.998,2.869214285714286,1510.0,-0.0001788781445504,0.0015349675513736,0.7912089153898956,discharge,0.8149637618436957,0.010057423026948262,3.646704786345497,1
3.348445142451302,-1.0052619494941928,9.724120674639453,0.998,2.869,1511.0,-0.0001788781445499,0.0015349675513718,0.7910692956746881,discharge,0.8148400271213885,0.010057184380505683,3.6465402105466707,1
3.348244851820078,-1.005280824149588,9.727748838834158,0.998,2.868846153846154,1512.0,-0.0002002906312243,0.0036281641947049,0.7909296733380006,discharge,0.8147162900758557,0.010056966967567547,3.6463735823443395,1
3.3480445611888534,-1.0052996988049832,9.73137700302886,0.998,2.868692307692308,1513.0,-0.0002002906312243,0.0036281641947031,0.7907900483798332,discharge,0.8145925507070974,0.010056769733222535,3.6462069754210704,1
3.347844270557629,-1.0053185734603785,9.735005167223566,0.998,2.8685384615384617,1514.0,-0.0002002906312243,0.0036281641947049,0.790650420800186,discharge,0.8144688090151134,0.010056591674968848,3.646040390932598,1
3.347643979926405,-1.0053374481157735,9.738633331418267,0.998,2.8683846153846155,1515.0,-0.0002002906312239,0.0036281641947031,0.7905107905990588,discharge,0.814345064999904,0.010056431840110437,3.6458738299845757,1
3.3474436892951807,-1.0053563227711688,9.742261495612974,0.998,2.86823076923077,1516.0,-0.0002002906312243,0.0036281641947049,0.7903711577764517,discharge,0.8142213186614691,0.01005628932328257,3.645707293635029,1
3.3472433986639563,-1.005375197426564,9.74588965980768,0.998,2.868076923076923,1517.0,-0.0002002906312243,0.0036281641947049,0.7902315223323647,discharge,0.8140975699998085,0.010056163264100353,3.6455407828967594,1
3.347043108032732,-1.0053940720819592,9.749517824002382,0.998,2.867923076923077,1518.0,-0.0002002906312243,0.0036281641947031,0.7900918842667978,discharge,0.8139738190149225,0.01005605284492406,3.64537429873951,1
3.3468428174015075,-1.0054129467373545,9.753145988197089,0.998,2.867769230769231,1519.0,-0.0002002906312243,0.0036281641947049,0.7899522435797509,discharge,0.8138500657068108,0.010055957288735498,3.6452078420921334,1
3.346642526770283,-1.0054318213927496,9.756774152391792,0.998,2.8676153846153847,1520.0,-0.0002002906312243,0.0036281641947049,0.7898126002712241,discharge,0.8137263100754737,0.010055875857119858,3.6450414138446128,1
3.346442236139059,-1.0054506960481446,9.760402316586497,0.998,2.8674615384615385,1521.0,-0.0002002906312239,0.0036281641947031,0.7896729543412174,discharge,0.8136025521209109,0.010055807848347859,3.6448750148499673,1
3.3462419455078347,-1.00546957070354,9.7640304807812,0.998,2.8673076923076923,1522.0,-0.0002002906312243,0.0036281641947049,0.7895333057897308,discharge,0.8134787918431227,0.010055752595553143,3.644708645926063,1
3.3460416548766103,-1.005488445358935,9.767658644975905,0.998,2.867153846153846,1523.0,-0.0002002906312243,0.0036281641947031,0.7893936546167644,discharge,0.8133550292421089,0.010055709465000241,3.6445423078573507,1
3.345841364245386,-1.0055073200143303,9.771286809170608,0.998,2.867,1524.0,-0.0002002906312243,0.0036281641947049,0.7892540008223179,discharge,0.8132312643178695,0.010055677854438587,3.6443760013965534,1
3.345661841640102,-1.0054527452973685,9.771764986333878,0.998,2.866857142857143,1525.0,-0.000179522605284,0.00047817716327,0.7891143546076932,discharge,0.8131075061110707,0.010055620700823959,3.644211244862175,1
3.345482319034818,-1.0053981705804065,9.772243163497146,0.998,2.8667142857142855,1526.0,-0.0001795226052836,0.0004781771632682,0.7889747159728904,discharge,0.8129837546217126,0.010055539273172308,3.644046568137414,1
3.345302796429534,-1.005343595863445,9.772721340660416,0.998,2.8665714285714285,1527.0,-0.000179522605284,0.00047817716327,0.7888350849179093,discharge,0.8128600098497951,0.010055434777453028,3.64388197015567,1
3.34512327382425,-1.0052890211464829,9.773199517823684,0.998,2.8664285714285715,1528.0,-0.000179522605284,0.0004781771632682,0.7886954614427502,discharge,0.8127362717953183,0.010055308359721203,3.6437174499098735,1
3.3449437512189664,-1.0052344464295209,9.773677694986954,0.998,2.8662857142857145,1529.0,-0.0001795226052836,0.00047817716327,0.7885558455474126,discharge,0.812612540458282,0.010055161109094237,3.6435530064495607,1
3.3447642286136823,-1.0051798717125588,9.774155872150224,0.998,2.866142857142857,1530.0,-0.000179522605284,0.0004781771632682,0.788416237231897,discharge,0.8124888158386864,0.010054994060580599,3.6433886388780437,1
3.344584706008398,-1.005125296995597,9.774634049313493,0.998,2.866,1531.0,-0.000179522605284,0.00047817716327,0.7882766364962033,discharge,0.8123650979365313,0.010054808197768036,3.643224346349716,1
3.3444051834031145,-1.0050707222786353,9.775112226476764,0.998,2.865857142857143,1532.0,-0.0001795226052836,0.00047817716327,0.7881370433403312,discharge,0.8122413867518169,0.010054604455378228,3.643060128067483,1
3.3442256607978305,-1.0050161475616732,9.775590403640033,0.998,2.8657142857142857,1533.0,-0.000179522605284,0.0004781771632682,0.787997457764281,discharge,0.8121176822845431,0.010054383721694527,3.642895983280373,1
3.344046138192547,-1.0049615728447114,9.7760685808033,0.998,2.8655714285714287,1534.0,-0.0001795226052836,0.00047817716327,0.7878578797680525,discharge,0.8119939845347098,0.010054146840869077,3.6427319112811896,1
3.3438666155872627,-1.0049069981277494,9.77654675796657,0.998,2.8654285714285717,1535.0,-0.000179522605284,0.0004781771632682,0.7877183093516459,discharge,0.8118702935023172,0.010053894615115319,3.642567911404327,1
3.343687092981978,-1.0048524234107876,9.77702493512984,0.998,2.8652857142857147,1536.0,-0.000179522605284,0.00047817716327,0.7875787465150611,discharge,0.8117466091873652,0.010053627806791561,3.6424039830237183,1
3.343507570376695,-1.0047978486938256,9.777503112293108,0.998,2.865142857142857,1537.0,-0.0001795226052836,0.0004781771632682,0.7874391912582981,discharge,0.8116229315898539,0.010053347140381051,3.64224012555083,1
3.343328047771411,-1.0047432739768638,9.777981289456378,0.998,2.865,1538.0,-0.000179522605284,0.00047817716327,0.7872996435813568,discharge,0.8114992607097832,0.010053053304373654,3.6420763384327683,1
3.343125687444559,-1.0048593076335044,9.782381150343252,0.998,2.864769230769231,1539.0,-0.0002023603268517,0.004399860886874,0.7871600797886299,discharge,0.8113755755474725,0.01005283171377051,3.6419090961878844,1
3.3429233271177075,-1.0049753412901452,9.786781011230126,0.998,2.8645384615384617,1540.0,-0.0002023603268517,0.004399860886874,0.7870204998801174,discharge,0.811251876102922,0.010052678779315066,3.6417418147325855,1
3.3427209667908553,-1.0050913749467858,9.791180872117,0.998,2.8643076923076927,1541.0,-0.0002023603268521,0.0043998608868758,0.7868809038558192,discharge,0.8111281623761317,0.010052591090070251,3.641574497637275,1
3.3425186064640036,-1.0052074086034266,9.795580733003876,0.998,2.864076923076923,1542.0,-0.0002023603268517,0.004399860886874,0.7867412917157355,discharge,0.8110044343671016,0.010052565404559293,3.6414071483027435,1
3.342316246137152,-1.0053234422600672,9.79998059389075,0.998,2.863846153846154,1543.0,-0.0002023603268517,0.004399860886874,0.786601663459866,discharge,0.8108806920758316,0.010052598642346693,3.641239769968507,1
3.3421138858103,-1.005439475916708,9.804380454777624,0.998,2.8636153846153847,1544.0,-0.0002023603268517,0.004399860886874,0.7864620190882109,discharge,0.8107569355023216,0.010052687876037459,3.641072365720895,1
3.341911525483448,-1.0055555095733486,9.8087803156645,0.998,2.8633846153846156,1545.0,-0.0002023603268521,0.0043998608868758,0.7863223586007702,discharge,0.8106331646465719,0.010052830323673833,3.6409049385005607,1
3.341709165156596,-1.0056715432299894,9.813180176551374,0.998,2.863153846153846,1546.0,-0.0002023603268517,0.004399860886874,0.7861826819975437,discharge,0.8105093795085823,0.010053023341509756,3.640737491109797,1
3.3415068048297445,-1.00578757688663,9.817580037438248,0.998,2.862923076923077,1547.0,-0.0002023603268517,0.004399860886874,0.7860429892785318,discharge,0.8103855800883528,0.010053264417144306,3.640570026219331,1
3.3413044445028928,-1.0059036105432708,9.821979898325122,0.998,2.8626923076923076,1548.0,-0.0002023603268517,0.004399860886874,0.785903280443734,discharge,0.8102617663858835,0.010053551162996294,3.6404025463748906,1
3.3411020841760406,-1.0060196441999114,9.826379759211996,0.998,2.8624615384615386,1549.0,-0.0002023603268521,0.0043998608868758,0.7857635554931507,discharge,0.8101379384011743,0.010053881310103024,3.640235054003409,1
3.340899723849189,-1.0061356778565522,9.830779620098872,0.998,2.862230769230769,1550.0,-0.0002023603268517,0.004399860886874,0.7856238144267818,discharge,0.8100140961342253,0.01005425270222716,3.640067551418872,1
3.340697363522337,-1.0062517115131928,9.835179480985746,0.998,2.862,1551.0,-0.0002023603268517,0.004399860886874,0.7854840572446271,discharge,0.8098902395850364,0.010054663290256371,3.639900040827961,1
3.3405009215920605,-1.0061323529530857,9.83765840193919,0.998,2.861769230769231,1552.0,-0.0001964419302766,0.002478920953445,0.7853443166400503,discharge,0.8097663977273398,0.010054994180611112,3.639737387655083,1
3.340304479661784,-1.0060129943929783,9.840137322892636,0.998,2.8615384615384616,1553.0,-0.0001964419302766,0.002478920953445,0.7852045926130513,discharge,0.8096425705611358,0.010055249332787534,3.639574880218141,1
3.340108037731507,-1.0058936358328714,9.84261624384608,0.998,2.861307692307693,1554.0,-0.0001964419302766,0.002478920953445,0.7850648851636302,discharge,0.809518758086424,0.010055432509568274,3.6394125148756493,1
3.33991159580123,-1.0057742772727642,9.845095164799526,0.998,2.861076923076923,1555.0,-0.0001964419302771,0.002478920953445,0.7849251942917866,discharge,0.8093949603032048,0.010055547286795464,3.639250288172712,1
3.3397151538709533,-1.005654918712657,9.84757408575297,0.998,2.860846153846154,1556.0,-0.0001964419302766,0.002478920953445,0.784785519997521,discharge,0.8092711772114779,0.010055597062658208,3.639088196831704,1
3.3395187119406766,-1.00553556015255,9.850053006706416,0.998,2.860615384615385,1557.0,-0.0001964419302766,0.002478920953445,0.7846458622808332,discharge,0.8091474088112434,0.010055585066518645,3.6389262377434117,1
3.3393222700104,-1.0054162015924426,9.85253192765986,0.998,2.8603846153846155,1558.0,-0.0001964419302766,0.0024789209534432,0.7845062211417231,discharge,0.8090236551025013,0.010055514367299515,3.6387644079587096,1
3.3391258280801233,-1.0052968430323357,9.855010848613304,0.998,2.860153846153846,1559.0,-0.0001964419302766,0.002478920953445,0.7843665965801908,discharge,0.8088999160852516,0.010055387881455019,3.638602704680517,1
3.3389293861498466,-1.0051774844722283,9.85748976956675,0.998,2.859923076923077,1560.0,-0.0001964419302766,0.002478920953445,0.7842269885962364,discharge,0.8087761917594942,0.01005520838054568,3.638441125256299,1
3.3387329442195695,-1.0050581259121212,9.859968690520194,0.998,2.8596923076923075,1561.0,-0.0001964419302771,0.002478920953445,0.7840873971898596,discharge,0.8086524821252293,0.010054978498436874,3.638279667170809,1
3.3385365022892928,-1.004938767352014,9.86244761147364,0.998,2.8594615384615385,1562.0,-0.0001964419302766,0.002478920953445,0.7839478223610608,discharge,0.8085287871824568,0.010054700738139721,3.638118328039284,1
3.338340060359016,-1.004819408791907,9.864926532427084,0.998,2.859230769230769,1563.0,-0.0001964419302766,0.002478920953445,0.7838082641098396,discharge,0.8084051069311767,0.010054377478312115,3.6379571056009197,1
3.3381436184287394,-1.0047000502317998,9.86740545338053,0.998,2.859,1564.0,-0.0001964419302766,0.002478920953445,0.7836687224361963,discharge,0.808281441371389,0.010054010979436775,3.6377959977127188,1
3.337962150547882,-1.0049262697856456,9.871067315653647,0.998,2.858857142857143,1565.0,-0.0001814678808575,0.0036618622731197,0.7835291493431705,discharge,0.808157747966905,0.010053775077915559,3.637627862757846,1
3.337780682667024,-1.0051524893394914,9.874729177926769,0.998,2.8587142857142855,1566.0,-0.000181467880858,0.0036618622731197,0.7833895448307623,discharge,0.8080340267177247,0.010053663285482347,3.637459618957421,1
3.3375992147861657,-1.0053787088933372,9.87839104019989,0.998,2.8585714285714285,1567.0,-0.000181467880858,0.0036618622731214,0.7832499088989715,discharge,0.8079102776238481,0.010053669436217499,3.6372912726478157,1
3.337417746905308,-1.005604928447183,9.88205290247301,0.998,2.8584285714285715,1568.0,-0.0001814678808575,0.0036618622731197,0.7831102415477983,discharge,0.8077865006852752,0.010053787670533212,3.6371228298589955,1
3.3372362790244505,-1.005831148001029,9.88571476474613,0.998,2.8582857142857145,1569.0,-0.0001814678808575,0.0036618622731197,0.7829705427772427,discharge,0.8076626959020061,0.01005401241995451,3.6369542963296766,1
3.3370548111435925,-1.0060573675548747,9.88937662701925,0.998,2.858142857142857,1570.0,-0.000181467880858,0.0036618622731197,0.7828308125873045,discharge,0.8075388632740407,0.010054338392656337,3.6367856775218694,1
3.3368733432627344,-1.0062835871087206,9.89303848929237,0.998,2.858,1571.0,-0.000181467880858,0.0036618622731214,0.7826910509779837,discharge,0.8074150028013789,0.010054760559719187,3.636616978634553,1
3.336691875381877,-1.0065098066625664,9.89670035156549,0.998,2.857857142857143,1572.0,-0.0001814678808575,0.0036618622731197,0.7825512579492806,discharge,0.8072911144840209,0.010055274142067576,3.6364482046167774,1
3.3365104075010192,-1.0067360262164122,9.90036221383861,0.998,2.8577142857142857,1573.0,-0.0001814678808575,0.0036618622731197,0.782411433501195,discharge,0.8071671983219666,0.010055874598057422,3.636279360180069,1
3.336328939620161,-1.006962245770258,9.90402407611173,0.998,2.8575714285714287,1574.0,-0.000181467880858,0.0036618622731197,0.782271577633727,discharge,0.807043254315216,0.01005655761168012,3.6361104498101895,1
3.336147471739303,-1.007188465324104,9.90768593838485,0.998,2.8574285714285717,1575.0,-0.000181467880858,0.0036618622731197,0.7821316903468764,discharge,0.8069192824637691,0.010057319081352635,3.635941477778398,1
3.3359660038584455,-1.0074146848779495,9.911347800657971,0.998,2.8572857142857147,1576.0,-0.0001814678808575,0.0036618622731214,0.7819917716406434,discharge,0.8067952827676259,0.010058155109264529,3.635772448152099,1
3.335784535977588,-1.0076409044317955,9.91500966293109,0.998,2.857142857142857,1577.0,-0.0001814678808575,0.0036618622731197,0.7818518215150279,discharge,0.8066712552267864,0.010059061991254246,3.635603364804897,1
3.33560306809673,-1.0078671239856414,9.91867152520421,0.998,2.857,1578.0,-0.000181467880858,0.0036618622731197,0.7817118399700298,discharge,0.8065471998412507,0.010060036207188353,3.6354342314263266,1
3.335389788020297,-1.0076647632753155,9.921627668610205,0.998,2.856769230769231,1579.0,-0.0002132800764327,0.0029561434059939,0.781571886530686,discharge,0.8064231693636966,0.010060861486922512,3.6352739056096857,1
3.3351765079438644,-1.00746240256499,9.924583812016198,0.998,2.8565384615384617,1580.0,-0.0002132800764327,0.0029561434059939,0.7814319611969964,discharge,0.8062991637941244,0.010061545229823322,3.6351138084501358,1
3.3349632278674317,-1.007260041854664,9.92753995542219,0.998,2.8563076923076927,1581.0,-0.0002132800764327,0.0029561434059921,0.7812920639689611,discharge,0.8061751831325339,0.010062094467646112,3.634953933015281,1
3.334749947790999,-1.0070576811443384,9.930496098828185,0.998,2.856076923076923,1582.0,-0.0002132800764327,0.0029561434059939,0.7811521948465799,discharge,0.8060512273789251,0.010062515882798396,3.634794272721607,1
3.3345366677145662,-1.0068553204340125,9.933452242234178,0.998,2.855846153846154,1583.0,-0.0002132800764327,0.0029561434059939,0.781012353829853,discharge,0.8059272965332981,0.010062815825695985,3.6346348213171806,1
3.3343233876381335,-1.0066529597236868,9.936408385640172,0.998,2.8556153846153847,1584.0,-0.0002132800764327,0.0029561434059939,0.7808725409187803,discharge,0.8058033905956529,0.010063000331256813,3.6344755728651177,1
3.3341101075617003,-1.006450599013361,9.939364529046165,0.998,2.8553846153846156,1585.0,-0.0002132800764331,0.0029561434059921,0.7807327561133618,discharge,0.8056795095659894,0.010063075134575331,3.634316521727901,1
3.3338968274852676,-1.0062482383030351,9.942320672452158,0.998,2.855153846153846,1586.0,-0.0002132800764327,0.0029561434059939,0.7805929994135975,discharge,0.8055556534443077,0.010063045685818176,3.634157662552547,1
3.333683547408835,-1.0060458775927097,9.945276815858152,0.998,2.854923076923077,1587.0,-0.0002132800764327,0.0029561434059939,0.7804532708194873,discharge,0.8054318222306077,0.010062917164379792,3.6339989902563756,1
3.333470267332402,-1.0058435168823838,9.948232959264146,0.998,2.8546923076923076,1588.0,-0.0002132800764327,0.0029561434059939,0.7803135703310315,discharge,0.8053080159248895,0.01006269449233479,3.6338405000135956,1
3.3332569872559694,-1.005641156172058,9.951189102670138,0.998,2.8544615384615386,1589.0,-0.0002132800764327,0.0029561434059921,0.7801738979482298,discharge,0.805184234527153,0.01006238234722197,3.633682187242531,1
3.3330437071795367,-1.0054387954617323,9.954145246076132,0.998,2.854230769230769,1590.0,-0.0002132800764327,0.0029561434059939,0.7800342536710824,discharge,0.8050604780373983,0.010061985174193214,3.6335240475934447,1
3.332830427103104,-1.0052364347514064,9.957101389482126,0.998,2.854,1591.0,-0.0002132800764327,0.0029561434059939,0.7798946374995892,discharge,0.8049367464556254,0.010061507197558809,3.633366076937004,1
3.3326463168503717,-1.0053419444752565,9.958687855063303,0.998,2.8537857142857144,1592.0,-0.0001841102527322,0.0015864655811785,0.7797550066739676,discharge,0.8048130018869724,0.010061105386259721,3.633201911248635,1
3.3324622065976395,-1.0054474541991067,9.960274320644483,0.998,2.8535714285714286,1593.0,-0.0001841102527322,0.0015864655811785,0.7796153611942177,discharge,0.8046892443314393,0.010060775956291538,3.633037711866389,1
3.3322780963449072,-1.0055529639229568,9.961860786225662,0.998,2.853357142857143,1594.0,-0.0001841102527322,0.0015864655811785,0.7794757010603395,discharge,0.8045654737890261,0.010060515311644678,3.6328734825314513,1
3.332093986092175,-1.0056584736468068,9.96344725180684,0.998,2.853142857142857,1595.0,-0.0001841102527317,0.0015864655811785,0.779336026272333,discharge,0.8044416902597329,0.010060320034964529,3.6327092268061287,1
3.331909875839443,-1.005763983370657,9.96503371738802,0.998,2.8529285714285715,1596.0,-0.0001841102527322,0.0015864655811785,0.7791963368301982,discharge,0.8043178937435596,0.010060186878675622,3.6325449480827747,1
3.331725765586711,-1.0058694930945071,9.966620182969198,0.998,2.8527142857142858,1597.0,-0.0001841102527322,0.0015864655811785,0.779056632733935,discharge,0.8041940842405062,0.01006011275654675,3.6323806495921827,1
3.3315416553339787,-1.0059750028183572,9.968206648550376,0.998,2.8525,1598.0,-0.0001841102527322,0.0015864655811785,0.7789169139835437,discharge,0.8040702617505727,0.010060094735675153,3.6322163344116083,1
3.3313575450812465,-1.0060805125422074,9.969793114131557,0.998,2.8522857142857143,1599.0,-0.0001841102527322,0.0015864655811803,0.7787771805790239,discharge,0.8039464262737592,0.010060130028868937,3.6320520054724152,1
3.3311734348285142,-1.0061860222660577,9.971379579712735,0.998,2.8520714285714286,1600.0,-0.0001841102527322,0.0015864655811785,0.7786374325203758,discharge,0.8038225778100656,0.010060215987407946,3.6318876655672674,1
3.330989324575782,-1.0062915319899075,9.972966045293914,0.998,2.851857142857143,1601.0,-0.0001841102527322,0.0015864655811785,0.7784976698075994,discharge,0.803698716359492,0.010060350094164287,3.631723317357058,1
3.33080521432305,-1.0063970417137578,9.974552510875093,0.998,2.851642857142857,1602.0,-0.0001841102527317,0.0015864655811785,0.7783578924406946,discharge,0.8035748419220382,0.010060529957064633,3.6315589633774117,1
3.330621104070318,-1.0065025514376078,9.976138976456271,0.998,2.851428571428571,1603.0,-0.0001841102527322,0.0015864655811785,0.7782181004196618,discharge,0.8034509544977043,0.010060753302877333,3.6313946060449096,1
3.3304369938175857,-1.006608061161458,9.97772544203745,0.998,2.8512142857142857,1604.0,-0.0001841102527322,0.0015864655811785,0.7780782937445004,discharge,0.8033270540864904,0.010061017971308185,3.6312302476629927,1
3.3302528835648535,-1.006713570885308,9.979311907618628,0.998,2.851,1605.0,-0.0001841102527322,0.0015864655811785,0.7779384724152107,discharge,0.8032031406883964,0.010061321909389537,3.6310658904275677,1
3.3300538063786873,-1.006692068198188,9.98081832332129,0.998,2.850846153846154,1606.0,-0.0001990771861661,0.0015064157026625,0.7777986540724056,discharge,0.8030792299370046,0.01006160006453875,3.630904160202914,1
3.329854729192521,-1.0066705655110677,9.982324739023952,0.998,2.8506923076923076,1607.0,-0.0001990771861661,0.0015064157026625,0.7776588387160845,discharge,0.8029553218323151,0.010061853717689317,3.6307425155805535,1
3.329655652006355,-1.0066490628239473,9.983831154726618,0.998,2.8505384615384615,1608.0,-0.0001990771861661,0.0015064157026642,0.7775190263462479,discharge,0.8028314163743278,0.010062084086136097,3.6305809554636075,1
3.3294565748201888,-1.006627560136827,9.98533757042928,0.998,2.8503846153846153,1609.0,-0.0001990771861661,0.0015064157026625,0.7773792169628955,discharge,0.8027075135630426,0.010062292326696972,3.630419478815346,1
3.3292574976340226,-1.0066060574497069,9.986843986131944,0.998,2.850230769230769,1610.0,-0.0001990771861661,0.0015064157026625,0.7772394105660275,discharge,0.8025836133984596,0.010062479538717433,3.630258084656227,1
3.3290584204478564,-1.006584554762587,9.988350401834603,0.998,2.850076923076923,1611.0,-0.0001990771861661,0.0015064157026625,0.7770996071556437,discharge,0.8024597158805788,0.01006264676692589,3.6300967720610258,1
3.3288593432616898,-1.0065630520754665,9.98985681753727,0.998,2.8499230769230772,1612.0,-0.0001990771861666,0.0015064157026642,0.7769598067317445,discharge,0.8023358210094003,0.010062795004147133,3.6299355401561013,1
3.3286602660755236,-1.006541549388346,9.991363233239932,0.998,2.849769230769231,1613.0,-0.0001990771861661,0.0015064157026625,0.7768200092943294,discharge,0.802211928784924,0.010062925193880972,3.6297743881168825,1
3.3284611888893574,-1.006520046701226,9.992869648942596,0.998,2.849615384615385,1614.0,-0.0001990771861661,0.0015064157026625,0.7766802148433987,discharge,0.8020880392071499,0.010063038232752779,3.629613315165333,1
3.328262111703191,-1.0064985440141057,9.994376064645255,0.998,2.8494615384615387,1615.0,-0.0001990771861661,0.0015064157026625,0.7765404233789522,discharge,0.801964152276078,0.010063134972842272,3.629452320567693,1
3.328063034517025,-1.0064770413269852,9.99588248034792,0.998,2.8493076923076925,1616.0,-0.0001990771861661,0.0015064157026642,0.7764006349009902,discharge,0.8018402679917083,0.010063216223896616,3.629291403632229,1
3.327863957330859,-1.006455538639865,9.997388896050584,0.998,2.8491538461538464,1617.0,-0.0001990771861661,0.0015064157026625,0.7762608494095125,discharge,0.8017163863540407,0.010063282755433561,3.6291305637071343,1
3.3276648801446926,-1.0064340359527448,9.998895311753246,0.998,2.849,1618.0,-0.0001990771861661,0.0015064157026625,0.776121066904519,discharge,0.8015925073630754,0.010063335298740097,3.6289698001785435,1
3.3274569255169153,-1.006410149796759,10.000595938528733,0.998,2.8487857142857145,1619.0,-0.0002079546277773,0.0017006267754862,0.7759812877170472,discharge,0.8014686313121865,0.010063373364629886,3.6288091617035496,1
3.3272489708891384,-1.0063862636407732,10.00229656530422,0.998,2.8485714285714288,1620.0,-0.0002079546277768,0.0017006267754879,0.7758415118470972,discharge,0.8013447582013739,0.010063397672362005,3.628648600009933,1
3.3270410162613615,-1.0063623774847874,10.003997192079709,0.998,2.848357142857143,1621.0,-0.0002079546277768,0.0017006267754862,0.7757017392946687,discharge,0.8012208880306376,0.010063408905461698,3.628488114530258,1
3.326833061633584,-1.0063384913288014,10.005697818855191,0.998,2.8481428571428573,1622.0,-0.0002079546277773,0.0017006267754862,0.7755619700597619,discharge,0.8010970207999777,0.010063407713495684,3.628327704730789,1
3.326625107005807,-1.0063146051728156,10.00739844563068,0.998,2.8479285714285716,1623.0,-0.0002079546277773,0.0017006267754879,0.7754222041423768,discharge,0.8009731565093942,0.010063394713759262,3.6281673701097357,1
3.32641715237803,-1.0062907190168298,10.009099072406167,0.998,2.847714285714286,1624.0,-0.0002079546277768,0.0017006267754862,0.7752824415425134,discharge,0.8008492951588869,0.010063370492879604,3.6280071101956737,1
3.326209197750253,-1.006266832860844,10.010799699181655,0.998,2.8475,1625.0,-0.0002079546277768,0.0017006267754879,0.7751426822601716,discharge,0.800725436748456,0.010063335608339396,3.627846924546063,1
3.3260012431224757,-1.006242946704858,10.01250032595714,0.998,2.8472857142857144,1626.0,-0.0002079546277773,0.0017006267754862,0.7750029262953515,discharge,0.8006015812781014,0.01006329058992477,3.627686812745726,1
3.3257932884946984,-1.0062190605488723,10.014200952732628,0.998,2.8470714285714287,1627.0,-0.0002079546277773,0.0017006267754862,0.774863173648053,discharge,0.8004777287478232,0.010063235941101319,3.62752677440553,1
3.3255853338669215,-1.0061951743928863,10.015901579508116,0.998,2.846857142857143,1628.0,-0.0002079546277768,0.0017006267754879,0.7747234243182762,discharge,0.8003538791576214,0.01006317214032173,3.62736680916104,1
3.325377379239145,-1.0061712882369005,10.017602206283602,0.998,2.8466428571428573,1629.0,-0.0002079546277768,0.0017006267754862,0.7745836783060212,discharge,0.8002300325074958,0.010063099642268472,3.627206916671322,1
3.325169424611367,-1.006147402080915,10.019302833059088,0.998,2.8464285714285715,1630.0,-0.0002079546277773,0.0017006267754862,0.7744439356112878,discharge,0.8001061887974467,0.010063018879034723,3.6270470966177175,1
3.32496146998359,-1.0061235159249289,10.021003459834576,0.998,2.846214285714286,1631.0,-0.0002079546277773,0.0017006267754879,0.774304196234076,discharge,0.7999823480274738,0.010062930261246647,3.626887348702742,1
3.324753515355813,-1.006099629768943,10.022704086610062,0.998,2.846,1632.0,-0.0002079546277768,0.0017006267754862,0.7741644601743858,discharge,0.7998585101975774,0.010062834179129905,3.626727672649017,1
3.3245533210901126,-1.00605575651256,10.027523185721902,0.9979846153846154,2.845769230769231,1633.0,-0.0002001942657003,0.0048190991118399,0.7740247302082035,discharge,0.7997346777679103,0.010062721073641583,3.6265684810518453,1
3.324353126824412,-1.0060118832561773,10.032342284833742,0.9979692307692308,2.8455384615384616,1634.0,-0.0002001942657003,0.0048190991118399,0.773885006335529,discharge,0.7996108507384727,0.010062591790527488,3.6264093734321103,1
3.3241529325587114,-1.0059680099997943,10.037161383945582,0.9979538461538462,2.8453076923076925,1635.0,-0.0002001942657008,0.0048190991118399,0.7737452885563624,discharge,0.7994870291092646,0.010062447133515553,3.626250349094415,1
3.323952738293011,-1.0059241367434115,10.04198048305742,0.9979384615384616,2.845076923076923,1636.0,-0.0002001942657003,0.0048190991118381,0.7736055768707035,discharge,0.799363212880286,0.01006228786640334,3.626091407382941,1
3.3237525440273106,-1.0058802634870283,10.04679958216926,0.9979230769230768,2.844846153846154,1637.0,-0.0002001942657003,0.0048190991118399,0.7734658712785526,discharge,0.7992394020515369,0.010062114715041834,3.6259325476795716,1
3.32355234976161,-1.0058363902306455,10.0516186812811,0.9979076923076924,2.8446153846153845,1638.0,-0.0002001942657003,0.0048190991118399,0.7733261717799095,discharge,0.7991155966230171,0.010061928369220697,3.62577376940191,1
3.3233521554959093,-1.0057925169742628,10.05643778039294,0.9978923076923076,2.8443846153846155,1639.0,-0.0002001942657008,0.0048190991118399,0.7731864783747742,discharge,0.7989917965947269,0.010061729484459835,3.6256150720015214,1
3.323151961230209,-1.0057486437178798,10.06125687950478,0.9978769230769232,2.844153846153846,1640.0,-0.0002001942657003,0.0048190991118399,0.7730467910631467,discharge,0.7988680019666661,0.010061518683711974,3.6254564549622454,1
3.322951766964509,-1.0057047704614968,10.06607597861662,0.9978615384615384,2.843923076923077,1641.0,-0.0002001942657003,0.0048190991118399,0.7729071098450271,discharge,0.7987442127388348,0.010061296558980644,3.6252979177985516,1
3.322751572698808,-1.005660897205114,10.070895077728458,0.9978461538461538,2.8436923076923075,1642.0,-0.0002001942657003,0.0048190991118381,0.7727674347204152,discharge,0.7986204289112329,0.01006106367285778,3.6251394600540254,1
3.3225513784331073,-1.005617023948731,10.075714176840298,0.9978307692307692,2.8434615384615385,1643.0,-0.0002001942657008,0.0048190991118399,0.7726277656893112,discharge,0.7984966504838604,0.010060820559984937,3.624981081299887,1
3.322351184167407,-1.0055731506923482,10.080533275952138,0.9978153846153848,2.843230769230769,1644.0,-0.0002001942657003,0.0048190991118399,0.772488102751715,discharge,0.7983728774567175,0.010060567728441895,3.6248227811336022,1
3.3221509899017065,-1.0055292774359652,10.085352375063978,0.9978,2.843,1645.0,-0.0002001942657003,0.0048190991118399,0.7723484459076267,discharge,0.798249109829804,0.010060305661066297,3.6246645591776114,1
3.3219395839667745,-1.005675977059371,10.090088510773825,0.9978153846153848,2.842846153846154,1646.0,-0.000211405934932,0.0047361357098463,0.7722087686885907,discharge,0.7981253241460674,0.010060129496080629,3.624502478755725,1
3.321728178031843,-1.0058226766827767,10.094824646483673,0.9978307692307692,2.8426923076923076,1647.0,-0.0002114059349316,0.0047361357098463,0.772069071094607,discharge,0.7980015204055078,0.010060034965729466,3.6243403557333718,1
3.3215167720969108,-1.0059693763061823,10.099560782193516,0.9978461538461538,2.8425384615384615,1648.0,-0.000211405934932,0.0047361357098463,0.7719293531256756,discharge,0.7978776986081251,0.010060018014285669,3.624178194306162,1
3.321305366161979,-1.0061160759295884,10.104296917903364,0.9978615384615384,2.8423846153846153,1649.0,-0.0002114059349316,0.0047361357098463,0.7717896147817964,discharge,0.7977538587539192,0.010060074787516513,3.624015998468067,1
3.321093960227047,-1.006262775552994,10.10903305361321,0.9978769230769232,2.842230769230769,1650.0,-0.000211405934932,0.0047361357098463,0.7716498560629697,discharge,0.7976300008428904,0.010060201622673147,3.623853772021382,1
3.320882554292115,-1.0064094751764,10.113769189323056,0.9978923076923076,2.842076923076923,1651.0,-0.000211405934932,0.0047361357098463,0.7715100769691952,discharge,0.7975061248750385,0.010060395038977401,3.623691518586242,1
3.3206711483571834,-1.0065561747998055,10.118505325032904,0.9979076923076924,2.841923076923077,1652.0,-0.0002114059349316,0.0047361357098463,0.7713702775004729,discharge,0.7973822308503634,0.010060651728581217,3.623529241609727,1
3.3204597424222513,-1.0067028744232116,10.123241460742747,0.9979230769230768,2.841769230769231,1653.0,-0.000211405934932,0.0047361357098463,0.7712304576568031,discharge,0.7972583187688653,0.010060968547975228,3.6233669443743572,1
3.320248336487319,-1.0068495740466172,10.127977596452595,0.9979384615384616,2.841615384615385,1654.0,-0.000211405934932,0.0047361357098463,0.7710906174381855,discharge,0.7971343886305442,0.010061342509824175,3.6232046300063203,1
3.3200369305523876,-1.006996273670023,10.132713732162442,0.9979538461538462,2.8414615384615387,1655.0,-0.0002114059349316,0.0047361357098463,0.7709507568446202,discharge,0.7970104404353999,0.010061770775207956,3.6230423014832054,1
3.3198255246174555,-1.007142973293429,10.137449867872288,0.9979692307692308,2.8413076923076925,1656.0,-0.000211405934932,0.0047361357098463,0.7708108758761072,discharge,0.7968864741834326,0.010062250646248135,3.6228799616414027,1
3.319614118682524,-1.0072896729168346,10.142186003582134,0.9979846153846154,2.8411538461538464,1657.0,-0.0002114059349316,0.0047361357098463,0.7706709745326465,discharge,0.7967624898746423,0.010062779559100794,3.622717613183103,1
3.319402712747592,-1.0074363725402404,10.14692213929198,0.998,2.841,1658.0,-0.000211405934932,0.0047361357098463,0.7705310528142382,discharge,0.7966384875090288,0.010063355077297505,3.622555258682901,1
3.319224978373792,-1.0073559866383517,10.149532498411052,0.998,2.8407857142857145,1659.0,-0.0001777343737998,0.0026103591190711,0.7703911422605384,discharge,0.7965144950378784,0.010063862066031928,3.622397590907646,1
3.3190472439999916,-1.0072756007364627,10.152142857530125,0.998,2.8405714285714287,1660.0,-0.0001777343738003,0.0026103591190729,0.7702512428715472,discharge,0.7963905124611911,0.010064303929947222,3.6222400648367175,1
3.3188695096261913,-1.0071952148345735,10.154753216649196,0.998,2.840357142857143,1661.0,-0.0001777343738003,0.0026103591190711,0.7701113546472647,discharge,0.7962665397789669,0.010064683904538931,3.622082677328836,1
3.3186917752523915,-1.007114828932685,10.157363575768269,0.998,2.8401428571428573,1662.0,-0.0001777343737998,0.0026103591190729,0.7699714775876907,discharge,0.7961425769912057,0.010065005064558489,3.6219254254031177,1
3.3185140408785916,-1.007034443030796,10.15997393488734,0.998,2.8399285714285716,1663.0,-0.0001777343737998,0.0026103591190711,0.7698316116928253,discharge,0.7960186240979077,0.010065270331999209,3.6217683062311297,1
3.3183363065047913,-1.0069540571289073,10.162584294006413,0.998,2.839714285714286,1664.0,-0.0001777343738003,0.0026103591190729,0.7696917569626684,discharge,0.7958946810990727,0.01006548248368554,3.6216113171292625,1
3.318158572130991,-1.0068736712270183,10.165194653125484,0.998,2.8395,1665.0,-0.0001777343738003,0.0026103591190711,0.7695519133972203,discharge,0.7957707479947008,0.010065644158485258,3.621454455551562,1
3.317980837757191,-1.0067932853251294,10.167805012244555,0.998,2.8392857142857144,1666.0,-0.0001777343737998,0.0026103591190711,0.7694120809964807,discharge,0.795646824784792,0.01006575786416336,3.6212977190828313,1
3.3178031033833912,-1.0067128994232406,10.170415371363628,0.998,2.8390714285714287,1667.0,-0.0001777343737998,0.0026103591190729,0.7692722597604498,discharge,0.7955229114693463,0.010065825983895438,3.6211411054321507,1
3.317625369009591,-1.0066325135213516,10.1730257304827,0.998,2.838857142857143,1668.0,-0.0001777343738003,0.0026103591190711,0.7691324496891273,discharge,0.7953990080483636,0.010065850782457456,3.620984612426662,1
3.3174476346357906,-1.0065521276194629,10.175636089601772,0.998,2.8386428571428572,1669.0,-0.0001777343738003,0.0026103591190729,0.7689926507825136,discharge,0.7952751145218441,0.010065834412108027,3.620828238005738,1
3.3172699002619908,-1.006471741717574,10.178246448720843,0.998,2.8384285714285715,1670.0,-0.0001777343737998,0.0026103591190711,0.7688528630406083,discharge,0.7951512308897876,0.010065778918178432,3.620671980215301,1
3.317092165888191,-1.0063913558156852,10.180856807839916,0.998,2.838214285714286,1671.0,-0.0001777343737998,0.0026103591190729,0.7687130864634116,discharge,0.7950273571521942,0.010065686244384921,3.6205158372025923,1
3.3169144315143906,-1.0063109699137962,10.183467166958987,0.998,2.838,1672.0,-0.0001777343738003,0.0026103591190711,0.7685733210509236,discharge,0.794903493309064,0.010065558237877102,3.620359807211109,1
3.316692238546027,-1.006257157028508,10.185057719613416,0.998,2.837769230769231,1673.0,-0.0002221929683634,0.001590552654429,0.7684335631124475,discharge,0.7947796360896027,0.010065409855895872,3.6202033397501494,1
3.316470045577664,-1.0062033441432197,10.186648272267846,0.998,2.8375384615384616,1674.0,-0.000222192968363,0.001590552654429,0.7682938126479831,discharge,0.7946557854938104,0.010065242110724326,3.62004696536294,1
3.3162478526093007,-1.0061495312579314,10.188238824922276,0.998,2.8373076923076925,1675.0,-0.0002221929683634,0.001590552654429,0.7681540696575306,discharge,0.7945319415216872,0.010065055964353866,3.6198906831823283,1
3.3160256596409377,-1.006095718372643,10.189829377576704,0.998,2.837076923076923,1676.0,-0.000222192968363,0.001590552654429,0.76801433414109,discharge,0.7944081041732329,0.010064852330982763,3.6197344923886954,1
3.315803466672574,-1.0060419054873548,10.191419930231133,0.998,2.836846153846154,1677.0,-0.0002221929683634,0.001590552654429,0.7678746060986612,discharge,0.7942842734484477,0.010064632079390592,3.619578392207487,1
3.3155812737042107,-1.0059880926020666,10.193010482885562,0.998,2.8366153846153845,1678.0,-0.0002221929683634,0.001590552654429,0.7677348855302442,discharge,0.7941604493473314,0.0100643960351947,3.6194223819070497,1
3.3153590807358477,-1.0059342797167783,10.194601035539993,0.998,2.8363846153846155,1679.0,-0.000222192968363,0.0015905526544308,0.7675951724358392,discharge,0.7940366318698842,0.01006414498299456,3.619266460796423,1
3.3151368877674843,-1.00588046683149,10.196191588194422,0.998,2.836153846153846,1680.0,-0.0002221929683634,0.001590552654429,0.7674554668154459,discharge,0.7939128210161059,0.01006387966840961,3.6191106282233223,1
3.314914694799121,-1.0058266539462015,10.197782140848853,0.998,2.835923076923077,1681.0,-0.0002221929683634,0.001590552654429,0.7673157686690644,discharge,0.7937890167859967,0.010063600800015829,3.618954883572205,1
3.314692501830758,-1.0057728410609137,10.19937269350328,0.998,2.8356923076923075,1682.0,-0.000222192968363,0.001590552654429,0.7671760779966948,discharge,0.7936652191795565,0.010063309051186114,3.6187992262624253,1
3.3144703088623944,-1.0057190281756252,10.200963246157707,0.998,2.8354615384615385,1683.0,-0.0002221929683634,0.001590552654429,0.7670363947983372,discharge,0.7935414281967852,0.010063005061839218,3.618643655746501,1
3.3142481158940313,-1.005665215290337,10.202553798812138,0.998,2.835230769230769,1684.0,-0.000222192968363,0.001590552654429,0.7668967190739913,discharge,0.793417643837683,0.010062689440101802,3.61848817150843,1
3.314025922925668,-1.0056114024050486,10.204144351466567,0.998,2.835,1685.0,-0.0002221929683634,0.001590552654429,0.7667570508236572,discharge,0.7932938661022497,0.010062362763887913,3.6183327730621073,1
3.313827473160598,-1.0056334634157815,10.206531454640476,0.998,2.834857142857143,1686.0,-0.0001984497650697,0.0023871031739073,0.7666173795092939,discharge,0.7931700856513919,0.010062063277652869,3.6181758929534724,1
3.313629023395528,-1.0056555244265144,10.208918557814382,0.998,2.8347142857142855,1687.0,-0.0001984497650702,0.0023871031739073,0.7664777051309014,discharge,0.7930463024851094,0.010061789630559053,3.61801905011756,1
3.313430573630458,-1.0056775854372473,10.211305660988293,0.998,2.8345714285714285,1688.0,-0.0001984497650697,0.0023871031739091,0.7663380276884795,discharge,0.7929225166034024,0.010061540538880422,3.617862245944149,1
3.313232123865388,-1.0056996464479804,10.213692764162198,0.998,2.8344285714285715,1689.0,-0.0001984497650702,0.0023871031739073,0.7661983471820284,discharge,0.7927987280062707,0.010061314782668307,3.6177054817589416,1
3.313033674100318,-1.0057217074587133,10.216079867336106,0.998,2.8342857142857145,1690.0,-0.0001984497650697,0.0023871031739073,0.7660586636115481,discharge,0.7926749366937145,0.010061111202582858,3.617548758826821,1
3.312835224335248,-1.005743768469446,10.218466970510011,0.998,2.834142857142857,1691.0,-0.0001984497650702,0.0023871031739073,0.7659189769770384,discharge,0.7925511426657336,0.010060928696881915,3.617392078354793,1
3.312636774570178,-1.005765829480179,10.220854073683922,0.998,2.834,1692.0,-0.0001984497650697,0.0023871031739091,0.7657792872784994,discharge,0.7924273459223281,0.010060766218559464,3.6172354414948797,1
3.3124383248051084,-1.005787890490912,10.22324117685783,0.998,2.833857142857143,1693.0,-0.0001984497650697,0.0023871031739073,0.7656395945159313,discharge,0.792303546463498,0.010060622772626274,3.617078849346816,1
3.312239875040038,-1.0058099515016448,10.225628280031737,0.998,2.8337142857142856,1694.0,-0.0001984497650702,0.0023871031739073,0.7654998986893339,discharge,0.7921797442892433,0.010060497413525616,3.61692230296066,1
3.3120414252749684,-1.0058320125123776,10.228015383205644,0.998,2.8335714285714286,1695.0,-0.0001984497650697,0.0023871031739073,0.7653601997987072,discharge,0.792055939399564,0.010060389242677398,3.6167658033392462,1
3.311842975509898,-1.0058540735231107,10.230402486379552,0.998,2.8334285714285716,1696.0,-0.0001984497650702,0.0023871031739073,0.7652204978440511,discharge,0.7919321317944601,0.010060297406144291,3.6166093514404967,1
3.3116445257448284,-1.0058761345338436,10.23278958955346,0.998,2.833285714285714,1697.0,-0.0001984497650697,0.0023871031739091,0.7650807928253659,discharge,0.7918083214739315,0.010060221092413807,3.616452948179663,1
3.311446075979758,-1.0058981955445765,10.235176692727368,0.998,2.833142857142857,1698.0,-0.0001984497650702,0.0023871031739073,0.7649410847426514,discharge,0.7916845084379784,0.010060159530290581,3.616296594431416,1
3.3112476262146884,-1.0059202565553094,10.237563795901275,0.998,2.833,1699.0,-0.0001984497650697,0.0023871031739073,0.7648013735959076,discharge,0.7915606926866007,0.010060111986893354,3.616140291031859,1
3.31103972848218,-1.005849238125854,10.242272809822635,0.998,2.832769230769231,1700.0,-0.0002078977325083,0.0047090139213601,0.7646616723128346,discharge,0.7914368856766715,0.010060031522534499,3.615985961029603,1
3.3108318307496716,-1.005778219696399,10.246981823743996,0.998,2.8325384615384617,1701.0,-0.0002078977325083,0.0047090139213601,0.7645219808934323,discharge,0.791313087408191,0.010059919772775178,3.6158317412841243,1
3.310623933017163,-1.0057072012669437,10.251690837665356,0.998,2.8323076923076926,1702.0,-0.0002078977325083,0.0047090139213601,0.7643822993377007,discharge,0.791189297881159,0.010059778291919496,3.615677630324637,1
3.3104160352846552,-1.0056361828374882,10.256399851586718,0.998,2.832076923076923,1703.0,-0.0002078977325079,0.0047090139213619,0.76424262764564,discharge,0.7910655170955756,0.010059608557051477,3.615523626757256,1
3.310208137552147,-1.005565164408033,10.261108865508078,0.998,2.831846153846154,1704.0,-0.0002078977325083,0.0047090139213601,0.76410296581725,discharge,0.7909417450514408,0.010059411971871466,3.6153697292612113,1
3.3100002398196384,-1.0054941459785778,10.265817879429438,0.998,2.8316153846153846,1705.0,-0.0002078977325083,0.0047090139213601,0.7639633138525308,discharge,0.7908179817487545,0.010059189870341935,3.6152159365851197,1
3.30979234208713,-1.0054231275491226,10.270526893350798,0.998,2.8313846153846156,1706.0,-0.0002078977325083,0.0047090139213601,0.7638236717514822,discharge,0.7906942271875168,0.010058943520152169,3.615062247543586,1
3.3095844443546216,-1.005352109119667,10.275235907272158,0.998,2.831153846153846,1707.0,-0.0002078977325083,0.0047090139213601,0.7636840395141045,discharge,0.7905704813677278,0.010058674126010804,3.6149086610138954,1
3.3093765466221132,-1.005281090690212,10.279944921193518,0.998,2.830923076923077,1708.0,-0.0002078977325083,0.0047090139213601,0.7635444171403976,discharge,0.7904467442893873,0.010058382832774805,3.6147551759328542,1
3.3091686488896053,-1.0052100722607566,10.28465393511488,0.998,2.8306923076923076,1709.0,-0.0002078977325079,0.0047090139213619,0.7634048046303613,discharge,0.7903230159524954,0.010058070728422982,3.614601791293875,1
3.308960751157097,-1.0051390538313014,10.28936294903624,0.998,2.8304615384615386,1710.0,-0.0002078977325083,0.0047090139213601,0.7632652019839958,discharge,0.7901992963570521,0.010057738846881777,3.614448506144096,1
3.3087528534245885,-1.0050680354018462,10.2940719629576,0.998,2.830230769230769,1711.0,-0.0002078977325083,0.0047090139213601,0.7631256092013012,discharge,0.7900755855030573,0.010057388170710663,3.614295319581697,1
3.30854495569208,-1.004997016972391,10.29878097687896,0.998,2.83,1712.0,-0.0002078977325083,0.0047090139213601,0.7629860262822772,discharge,0.7899518833905113,0.010057019633654138,3.6141422307534246,1
3.308346448511372,-1.0050126146466112,10.30151812101173,0.998,2.829769230769231,1713.0,-0.0001985071807082,0.0027371441327694,0.7628464411969097,discharge,0.7898281793580935,0.010056677155204485,3.6139874501585636,1
3.308147941330663,-1.0050282123208314,10.3042552651445,0.998,2.8295384615384616,1714.0,-0.0001985071807086,0.0027371441327712,0.7627068539451984,discharge,0.7897044734058041,0.01005635944073229,3.6138327115115536,1
3.307949434149955,-1.0050438099950516,10.306992409277273,0.998,2.8293076923076925,1715.0,-0.0001985071807082,0.0027371441327694,0.7625672645271435,discharge,0.7895807655336431,0.010056065259927206,3.6136780161401854,1
3.307750926969246,-1.0050594076692718,10.309729553410042,0.998,2.829076923076923,1716.0,-0.0001985071807086,0.0027371441327712,0.762427672942745,discharge,0.7894570557416105,0.01005579344360249,3.613523365310841,1
3.307552419788538,-1.005075005343492,10.312466697542812,0.998,2.828846153846154,1717.0,-0.0001985071807082,0.0027371441327694,0.7622880791920029,discharge,0.7893333440297062,0.010055542880658299,3.613368760231616,1
3.3073539126078293,-1.0050906030177122,10.31520384167558,0.998,2.8286153846153845,1718.0,-0.0001985071807086,0.0027371441327694,0.7621484832749171,discharge,0.7892096303979304,0.010055312515195834,3.613214202055089,1
3.307155405427121,-1.0051062006919322,10.317940985808352,0.998,2.8283846153846155,1719.0,-0.0001985071807082,0.0027371441327712,0.7620088851914877,discharge,0.7890859148462829,0.010055101343774887,3.6130596918811615,1
3.3069568982464124,-1.0051217983661525,10.320678129941122,0.998,2.828153846153846,1720.0,-0.0001985071807086,0.0027371441327694,0.7618692849417146,discharge,0.7889621973747638,0.010054908412807616,3.612905230759615,1
3.306758391065704,-1.0051373960403729,10.323415274073891,0.998,2.827923076923077,1721.0,-0.0001985071807082,0.0027371441327694,0.7617296825255979,discharge,0.7888384779833731,0.010054732816081803,3.6127508196925975,1
3.306559883884995,-1.0051529937145929,10.326152418206664,0.998,2.8276923076923075,1722.0,-0.0001985071807086,0.0027371441327712,0.7615900779431375,discharge,0.7887147566721108,0.01005457369240717,3.6125964596369866,1
3.306361376704287,-1.005168591388813,10.328889562339432,0.998,2.8274615384615385,1723.0,-0.0001985071807082,0.0027371441327694,0.7614504711943335,discharge,0.7885910334409768,0.010054430223378628,3.6124421515066163,1
3.3061628695235785,-1.0051841890630333,10.331626706472203,0.998,2.827230769230769,1724.0,-0.0001985071807086,0.0027371441327712,0.7613108622791859,discharge,0.7884673082899712,0.010054301631250631,3.612287896174409,1
3.3059643623428703,-1.0051997867372535,10.334363850604973,0.998,2.827,1725.0,-0.0001985071807082,0.0027371441327694,0.7611712511976946,discharge,0.7883435812190941,0.01005418717691717,3.612133694474386,1
3.3057584415911636,-1.0051343893160696,10.336581039787925,0.998,2.826857142857143,1726.0,-0.0002059207517066,0.0022171891829518,0.7610316491991784,discharge,0.7882198621977922,0.010054045918453016,3.6119812197456227,1
3.3055525208394565,-1.0050689918948856,10.338798228970877,0.998,2.8267142857142855,1727.0,-0.0002059207517071,0.0022171891829518,0.7608920562836375,discharge,0.7880961512260656,0.010053879187526293,3.6118288508319156,1
3.3053466000877494,-1.0050035944737017,10.34101541815383,0.998,2.8265714285714285,1728.0,-0.0002059207517071,0.0022171891829536,0.7607524724510717,discharge,0.7879724483039142,0.010053688249645913,3.6116765865448763,1
3.3051406793360427,-1.0049381970525175,10.343232607336782,0.998,2.8264285714285715,1729.0,-0.0002059207517066,0.0022171891829518,0.7606128977014811,discharge,0.7878487534313382,0.010053474307448473,3.611524425758663,1
3.304934758584336,-1.0048727996313338,10.345449796519734,0.998,2.8262857142857145,1730.0,-0.0002059207517066,0.0022171891829518,0.7604733320348657,discharge,0.7877250666083374,0.010053238503821832,3.611372367406885,1
3.304728837832629,-1.00480740221015,10.347666985702686,0.998,2.826142857142857,1731.0,-0.0002059207517071,0.0022171891829518,0.7603337754512254,discharge,0.787601387834912,0.01005298192487353,3.6112204104796497,1
3.304522917080922,-1.004742004788966,10.34988417488564,0.998,2.826,1732.0,-0.0002059207517071,0.0022171891829536,0.7601942279505602,discharge,0.7874777171110618,0.010052705602751701,3.6110685540207204,1
3.304316996329215,-1.004676607367782,10.352101364068591,0.998,2.825857142857143,1733.0,-0.0002059207517066,0.0022171891829518,0.7600546895328703,discharge,0.787354054436787,0.010052410518325864,3.6109167971248297,1
3.3041110755775085,-1.004611209946598,10.354318553251543,0.998,2.8257142857142856,1734.0,-0.0002059207517066,0.0022171891829518,0.7599151601981554,discharge,0.7872303998120874,0.010052097603734517,3.6107651389351685,1
3.3039051548258014,-1.004545812525414,10.356535742434495,0.998,2.8255714285714286,1735.0,-0.0002059207517071,0.0022171891829518,0.7597756399464157,discharge,0.7871067532369631,0.010051767744806164,3.610613578640928,1
3.3036992340740943,-1.00448041510423,10.358752931617447,0.998,2.8254285714285716,1736.0,-0.0002059207517071,0.0022171891829518,0.7596361287776513,discharge,0.7869831147114141,0.010051421783360062,3.6104621154750296,1
3.3034933133223876,-1.0044150176830462,10.3609701208004,0.998,2.825285714285714,1737.0,-0.0002059207517066,0.0022171891829536,0.7594966266918619,discharge,0.7868594842354404,0.010051060519392665,3.6103107487118913,1
3.303287392570681,-1.0043496202618625,10.363187309983353,0.998,2.825142857142857,1738.0,-0.0002059207517066,0.0022171891829518,0.7593571336890479,discharge,0.786735861809042,0.010050684713155445,3.6101594776654164,1
3.303081471818974,-1.0042842228406783,10.365404499166305,0.998,2.825,1739.0,-0.0002059207517071,0.0022171891829518,0.7592176497692089,discharge,0.7866122474322189,0.010050295087129475,3.610008301686976,1
3.3028857525105044,-1.0043534408248698,10.368922436674554,0.998,2.824769230769231,1740.0,-0.0001957193084693,0.0035179375082492,0.7590781562357609,discharge,0.7864886245355587,0.010049959206789302,3.609854440499531,1
3.3026900332020346,-1.004422658809061,10.372440374182805,0.998,2.8245384615384617,1741.0,-0.0001957193084698,0.0035179375082492,0.7589386530887041,discharge,0.7863649931190614,0.010049674401971243,3.6097005891833653,1
3.302494313893565,-1.0044918767932525,10.375958311691052,0.998,2.8243076923076926,1742.0,-0.0001957193084693,0.0035179375082492,0.7587991403280384,discharge,0.7862413531827269,0.01004943813516922,3.609546750377792,1
3.3022985945850953,-1.0045610947774437,10.379476249199303,0.998,2.824076923076923,1743.0,-0.0001957193084698,0.003517937508251,0.7586596179537638,discharge,0.7861177047265554,0.010049247994944143,3.6093929265958007,1
3.302102875276626,-1.0046303127616352,10.382994186707553,0.998,2.823846153846154,1744.0,-0.0001957193084693,0.0035179375082492,0.7585200859658802,discharge,0.7859940477505468,0.010049101689660715,3.6092391202303733,1
3.301907155968156,-1.0046995307458266,10.386512124215802,0.998,2.8236153846153846,1745.0,-0.0001957193084698,0.0035179375082492,0.7583805443643877,discharge,0.7858703822547011,0.010048997041535406,3.609085333560427,1
3.3017114366596867,-1.004768748730018,10.390030061724053,0.998,2.8233846153846156,1746.0,-0.0001957193084693,0.0035179375082492,0.7582409931492864,discharge,0.7857467082390183,0.010048931980980133,3.6089315687564287,1
3.301515717351217,-1.004837966714209,10.3935479992323,0.998,2.823153846153846,1747.0,-0.0001957193084698,0.0035179375082492,0.758101432320576,discharge,0.7856230257034984,0.010048904541226956,3.6087778278858287,1
3.3013199980427475,-1.0049071846984008,10.39706593674055,0.998,2.822923076923077,1748.0,-0.0001957193084693,0.0035179375082492,0.7579618618782569,discharge,0.7854993346481414,0.010048912853219818,3.6086241129181356,1
3.3011242787342776,-1.004976402682592,10.4005838742488,0.998,2.8226923076923076,1749.0,-0.0001957193084698,0.003517937508251,0.7578222818223287,discharge,0.7853756350729473,0.010048955140760079,3.6084704257297715,1
3.300928559425808,-1.0050456206667835,10.40410181175705,0.998,2.8224615384615386,1750.0,-0.0001957193084693,0.0035179375082492,0.7576826921527916,discharge,0.785251926977916,0.010049029715893228,3.608316768108686,1
3.3007328401173384,-1.0051148386509747,10.4076197492653,0.998,2.822230769230769,1751.0,-0.0001957193084698,0.0035179375082492,0.7575430928696456,discharge,0.7851282103630477,0.010049134974524785,3.6081631417587796,1
3.300537120808869,-1.0051840566351662,10.411137686773548,0.998,2.822,1752.0,-0.0001957193084693,0.0035179375082492,0.7574034839728907,discharge,0.7850044852283423,0.01004926939225401,3.6080095483039853,1
3.3003032158503434,-1.00520333727125,10.410505803503533,0.998,2.821769230769231,1753.0,-0.0002339049585255,-0.0006318832700156,0.7572638723982698,discharge,0.7848807577204404,0.010049406710815209,3.607857020398508,1
3.3000693108918173,-1.0052226179073334,10.40987392023352,0.998,2.8215384615384616,1754.0,-0.000233904958526,-0.0006318832700138,0.7571242581457827,discharge,0.784757027839342,0.010049546786090836,3.6077045595277566,1
3.2998354059332917,-1.005241898543417,10.409242036963503,0.998,2.8213076923076925,1755.0,-0.0002339049585255,-0.0006318832700156,0.7569846412154294,discharge,0.784633295585047,0.010049689481123315,3.6075521659167253,1
3.2996015009747657,-1.0052611791795003,10.408610153693488,0.998,2.821076923076923,1756.0,-0.000233904958526,-0.0006318832700156,0.75684502160721,discharge,0.7845095609575555,0.010049834665759328,3.607399839783327,1
3.29936759601624,-1.0052804598155842,10.407978270423474,0.998,2.820846153846154,1757.0,-0.0002339049585255,-0.0006318832700138,0.7567053993211245,discharge,0.7843858239568675,0.010049982216311754,3.6072475813387745,1
3.299133691057714,-1.0052997404516677,10.407346387153458,0.998,2.8206153846153845,1758.0,-0.000233904958526,-0.0006318832700156,0.7565657743571729,discharge,0.7842620845829831,0.010050132015238432,3.60709539078787,1
3.2988997860991884,-1.0053190210877514,10.406714503883444,0.998,2.8203846153846155,1759.0,-0.0002339049585255,-0.0006318832700156,0.7564261467153551,discharge,0.7841383428359021,0.010050283950836866,3.6069432683293523,1
3.2986658811406624,-1.0053383017238349,10.406082620613429,0.998,2.820153846153846,1760.0,-0.000233904958526,-0.0006318832700156,0.7562865163956712,discharge,0.7840145987156246,0.0100504379169541,3.6067912141561385,1
3.298431976182137,-1.0053575823599186,10.405450737343411,0.998,2.819923076923077,1761.0,-0.0002339049585255,-0.0006318832700138,0.7561468833981213,discharge,0.7838908522221506,0.010050593812711017,3.606639228455641,1
3.2981980712236108,-1.005376862996002,10.404818854073396,0.998,2.8196923076923075,1762.0,-0.000233904958526,-0.0006318832700156,0.7560072477227052,discharge,0.78376710335548,0.010050751542240312,3.6064873114100022,1
3.297964166265085,-1.0053961436320855,10.404186970803382,0.998,2.8194615384615385,1763.0,-0.0002339049585255,-0.0006318832700156,0.755867609369423,discharge,0.783643352115613,0.010050911014437513,3.60633546319635,1
3.297730261306559,-1.0054154242681692,10.403555087533368,0.998,2.819230769230769,1764.0,-0.000233904958526,-0.0006318832700138,0.7557279683382746,discharge,0.7835195985025494,0.01005107214272435,3.6061836839870463,1
3.2974963563480335,-1.005434704904253,10.402923204263352,0.998,2.819,1765.0,-0.0002339049585255,-0.0006318832700156,0.7555883246292601,discharge,0.7833958425162894,0.010051234844823884,3.606031973949909,1
3.297289231412533,-1.0055008199369837,10.40651716857324,0.998,2.818857142857143,1766.0,-0.0002071249355006,0.0035939643098874,0.7554486717376022,discharge,0.7832720783921253,0.01005142231055489,3.6058793662562985,1
3.297082106477032,-1.0055669349697145,10.410111132883127,0.998,2.8187142857142855,1767.0,-0.0002071249355006,0.0035939643098874,0.7553090096633008,discharge,0.7831483061300573,0.010051633309624212,3.6057267989198203,1
3.2968749815415315,-1.005633050002445,10.413705097193017,0.998,2.8185714285714285,1768.0,-0.0002071249355006,0.0035939643098874,0.755169338406356,discharge,0.7830245257300853,0.010051866672861441,3.605574273204771,1
3.296667856606031,-1.005699165035176,10.417299061502904,0.998,2.8184285714285715,1769.0,-0.0002071249355006,0.0035939643098892,0.7550296579667678,discharge,0.7829007371922093,0.010052121289182255,3.605421790317137,1
3.29646073167053,-1.0057652800679069,10.420893025812791,0.998,2.8182857142857145,1770.0,-0.0002071249355006,0.0035939643098874,0.7548899683445363,discharge,0.7827769405164293,0.01005239610270261,3.6052693514074887,1
3.2962536067350294,-1.0058313951006372,10.42448699012268,0.998,2.818142857142857,1771.0,-0.0002071249355006,0.0035939643098874,0.7547502695396611,discharge,0.7826531357027454,0.010052690109996317,3.6051169575737076,1
3.2960464817995287,-1.005897510133368,10.428080954432566,0.998,2.818,1772.0,-0.0002071249355006,0.0035939643098874,0.7546105615521426,discharge,0.7825293227511575,0.010053002357488855,3.6049646098636003,1
3.2958393568640285,-1.0059636251660988,10.431674918742454,0.998,2.817857142857143,1773.0,-0.0002071249355002,0.0035939643098874,0.7544708443819806,discharge,0.7824055016616657,0.01005333193898067,3.6048123092773854,1
3.295632231928528,-1.0060297401988294,10.43526888305234,0.998,2.8177142857142856,1774.0,-0.0002071249355006,0.0035939643098874,0.7543311180291753,discharge,0.7822816724342698,0.010053677993293517,3.604660056770015,1
3.295425106993027,-1.0060958552315602,10.438862847362229,0.998,2.8175714285714286,1775.0,-0.0002071249355006,0.0035939643098874,0.7541913824937264,discharge,0.78215783506897,0.010054039702033736,3.60450785325344,1
3.2952179820575265,-1.006161970264291,10.442456811672118,0.998,2.8174285714285716,1776.0,-0.0002071249355006,0.0035939643098892,0.7540516377756342,discharge,0.7820339895657662,0.010054416287466651,3.6043556995987363,1
3.295010857122026,-1.0062280852970218,10.446050775982004,0.998,2.8172857142857146,1777.0,-0.0002071249355006,0.0035939643098874,0.7539118838748985,discharge,0.7819101359246584,0.010054807010496577,3.604203596638116,1
3.294803732186525,-1.0062942003297524,10.449644740291893,0.998,2.817142857142857,1778.0,-0.0002071249355006,0.0035939643098874,0.7537721207915193,discharge,0.7817862741456466,0.01005521116874717,3.60405154516683,1
3.2945966072510244,-1.0063603153624832,10.45323870460178,0.998,2.817,1779.0,-0.0002071249355006,0.0035939643098874,0.7536323485254969,discharge,0.7816624042287309,0.01005562809473717,3.603899545945027,1
3.2943723077130844,-1.0063878138224214,10.455677929550331,0.998,2.816692307692308,1780.0,-0.00022429953794,0.0024392249485511,0.7534925724402437,discharge,0.781538530927111,0.01005603796887285,3.60374839697772,1
3.2941480081751444,-1.0064153122823596,10.458117154498884,0.998,2.8163846153846155,1781.0,-0.00022429953794,0.0024392249485511,0.75335279253576,discharge,0.7814146542407869,0.010056441141500571,3.603597325666678,1
3.293923708637204,-1.0064428107422978,10.460556379447434,0.998,2.816076923076923,1782.0,-0.0002242995379404,0.0024392249485511,0.7532130088120459,discharge,0.7812907741697587,0.010056837945560972,3.6034463317622882,1
3.293699409099264,-1.006470309202236,10.462995604395983,0.998,2.815769230769231,1783.0,-0.00022429953794,0.0024392249485511,0.7530732212691011,discharge,0.7811668907140263,0.010057228697453725,3.603295415031234,1
3.293475109561324,-1.0064978076621742,10.465434829344536,0.998,2.8154615384615385,1784.0,-0.00022429953794,0.0024392249485511,0.7529334299069258,discharge,0.7810430038735898,0.010057613697859303,3.603144575255656,1
3.293250810023384,-1.0065253061221124,10.467874054293087,0.998,2.815153846153846,1785.0,-0.00022429953794,0.0024392249485511,0.75279363472552,discharge,0.7809191136484491,0.010057993232519939,3.602993812232417,1
3.2930265104854435,-1.0065528045820504,10.47031327924164,0.998,2.814846153846154,1786.0,-0.0002242995379404,0.0024392249485529,0.7526538357248835,discharge,0.7807952200386042,0.010058367572981772,3.602843125772311,1
3.2928022109475035,-1.0065803030419886,10.472752504190192,0.998,2.814538461538462,1787.0,-0.00022429953794,0.0024392249485511,0.7525140329050166,discharge,0.7806713230440552,0.010058736977300139,3.602692515699417,1
3.2925779114095635,-1.0066078015019269,10.475191729138745,0.998,2.8142307692307695,1788.0,-0.00022429953794,0.0024392249485511,0.7523742262659191,discharge,0.780547422664802,0.010059101690709813,3.602541981850328,1
3.2923536118716235,-1.006635299961865,10.477630954087294,0.998,2.813923076923077,1789.0,-0.00022429953794,0.0024392249485511,0.7522344158075911,discharge,0.7804235189008447,0.010059461946261948,3.6023915240736377,1
3.292129312333683,-1.0066627984218033,10.480070179035843,0.998,2.813615384615385,1790.0,-0.0002242995379404,0.0024392249485511,0.7520946015300325,discharge,0.7802996117521832,0.010059817965429376,3.6022411422292504,1
3.291905012795743,-1.0066902968817415,10.482509403984396,0.998,2.8133076923076925,1791.0,-0.00022429953794,0.0024392249485511,0.7519547834332434,discharge,0.7801757012188175,0.010060169958681838,3.602090836187831,1
3.291680713257803,-1.0067177953416797,10.484948628932948,0.998,2.813,1792.0,-0.00022429953794,0.0024392249485511,0.7518149615172237,discharge,0.7800517873007476,0.010060518126032633,3.601940605830259,1
3.291458485694974,-1.0065096749963156,10.488998350609403,0.998,2.812846153846154,1793.0,-0.0002222275628289,0.0040497216764556,0.7516751685068075,discharge,0.779927898999596,0.010060745598715544,3.6017953154060662,1
3.2912362581321455,-1.0063015546509515,10.49304807228586,0.998,2.812692307692308,1794.0,-0.0002222275628285,0.0040497216764556,0.751535404401995,discharge,0.7798040363153627,0.010060858373016861,3.601650246569821,1
3.2910140305693165,-1.0060934343055874,10.497097793962316,0.998,2.8125384615384617,1795.0,-0.0002222275628289,0.0040497216764556,0.7513956692027859,discharge,0.7796801992480474,0.010060862147318671,3.6015053936497696,1
3.290791803006488,-1.0058853139602235,10.501147515638769,0.998,2.8123846153846155,1796.0,-0.0002222275628285,0.0040497216764538,0.7512559629091802,discharge,0.7795563877976505,0.010060762336899171,3.601360751256937,1
3.290569575443659,-1.0056771936148594,10.505197237315224,0.998,2.8122307692307693,1797.0,-0.0002222275628289,0.0040497216764556,0.7511162855211782,discharge,0.7794326019641716,0.01006056408799767,3.6012163142710416,1
3.29034734788083,-1.0054690732694953,10.50924695899168,0.998,2.812076923076923,1798.0,-0.0002222275628289,0.0040497216764556,0.7509766370387796,discharge,0.7793088417476111,0.010060272291180838,3.6010720778271565,1
3.2901251203180015,-1.0052609529241312,10.513296680668136,0.998,2.811923076923077,1799.0,-0.0002222275628285,0.0040497216764556,0.7508370174619846,discharge,0.7791851071479687,0.010059891594044901,3.600928037302972,1
3.289902892755173,-1.005052832578767,10.517346402344591,0.998,2.811769230769231,1800.0,-0.0002222275628289,0.0040497216764556,0.7506974267907931,discharge,0.7790613981652446,0.010059426413286752,3.600784188306745,1
3.2896806651923436,-1.004844712233403,10.521396124021049,0.998,2.8116153846153846,1801.0,-0.0002222275628289,0.0040497216764556,0.7505578650252052,discharge,0.7789377147994386,0.010058880946175373,3.6006405266658623,1
3.289458437629515,-1.004636591888039,10.5254458456975,0.998,2.8114615384615385,1802.0,-0.0002222275628285,0.0040497216764538,0.7504183321652207,discharge,0.7788140570505508,0.010058259181453333,3.6004970484158614,1
3.289236210066686,-1.004428471542675,10.529495567373957,0.998,2.8113076923076923,1803.0,-0.0002222275628289,0.0040497216764556,0.7502788282108397,discharge,0.7786904249185813,0.010057564909696677,3.6003537497901354,1
3.2890139825038576,-1.004220351197311,10.533545289050412,0.998,2.811153846153846,1804.0,-0.0002222275628285,0.0040497216764556,0.7501393531620624,discharge,0.77856681840353,0.010056801733160132,3.6002106272100773,1
3.2887917549410286,-1.0040122308519468,10.537595010726868,0.998,2.811,1805.0,-0.0002222275628289,0.0040497216764556,0.7499999070188885,discharge,0.7784432375053969,0.010055973075133182,3.6000676772757036,1
3.288590280601771,-1.0042241873063178,10.53866437846141,0.998,2.810785714285714,1806.0,-0.0002014743392577,0.0010693677345425,0.7498604314373181,discharge,0.7783196305181703,0.010055290889082996,3.5999162246703467,1
3.2883888062625135,-1.004436143760689,10.539733746195951,0.998,2.8105714285714285,1807.0,-0.0002014743392573,0.0010693677345425,0.7497209264173514,discharge,0.7781959974418502,0.01005474789806916,3.599764678325819,1
3.2881873319232557,-1.00464810021506,10.540803113930496,0.998,2.8103571428571428,1808.0,-0.0002014743392577,0.0010693677345443,0.7495813919589882,discharge,0.7780723382764365,0.01005433718668022,3.5996130452762416,1
3.2879858575839984,-1.0048600566694312,10.54187248166504,0.998,2.810142857142857,1809.0,-0.0002014743392573,0.0010693677345425,0.7494418280622286,discharge,0.7779486530219293,0.010054052183072404,3.5994613322120212,1
3.2877843832447406,-1.0050720131238022,10.542941849399584,0.998,2.8099285714285713,1810.0,-0.0002014743392577,0.0010693677345425,0.7493022347270725,discharge,0.7778249416783285,0.010053886641900676,3.599309545496915,1
3.2875829089054833,-1.0052839695781737,10.544011217134123,0.998,2.8097142857142856,1811.0,-0.0002014743392573,0.0010693677345425,0.74916261195352,discharge,0.7777012042456343,0.010053834628097806,3.5991576911842533,1
3.2873814345662256,-1.0054959260325445,10.545080584868668,0.998,2.8095,1812.0,-0.0002014743392577,0.0010693677345425,0.749022959741571,discharge,0.7775774407238465,0.01005389050145932,3.5990057750323374,1
3.287179960226968,-1.0057078824869154,10.546149952603212,0.998,2.809285714285714,1813.0,-0.0002014743392577,0.0010693677345443,0.7488832780912256,discharge,0.7774536511129652,0.010054048901994291,3.5988538025191286,1
3.2869784858877105,-1.005919838941287,10.547219320337756,0.998,2.8090714285714284,1814.0,-0.0002014743392573,0.0010693677345425,0.7487435670024838,discharge,0.7773298354129903,0.010054304736003918,3.5987017788561135,1
3.2867770115484527,-1.0061317953956577,10.548288688072295,0.998,2.8088571428571427,1815.0,-0.0002014743392577,0.0010693677345425,0.7486038264753454,discharge,0.7772059936239218,0.010054653162851751,3.5985497090015928,1
3.2865755372091954,-1.006343751850029,10.54935805580684,0.998,2.808642857142857,1816.0,-0.0002014743392573,0.0010693677345425,0.7484640565098107,discharge,0.7770821257457599,0.010055089582391189,3.5983975976732014,1
3.2863740628699376,-1.0065557083044,10.550427423541384,0.998,2.8084285714285713,1817.0,-0.0002014743392577,0.0010693677345443,0.7483242571058796,discharge,0.7769582317785044,0.010055609623017586,3.598245449359877,1
3.2861725885306803,-1.006767664758771,10.551496791275929,0.998,2.8082142857142856,1818.0,-0.0002014743392573,0.0010693677345425,0.7481844282635519,discharge,0.7768343117221554,0.010056209130313963,3.5980932683332365,1
3.2859711141914225,-1.006979621213142,10.55256615901047,0.998,2.808,1819.0,-0.0002014743392577,0.0010693677345425,0.748044569982828,discharge,0.7767103655767129,0.010056884156260807,3.5979410586583316,1
3.285739936431737,-1.0069679696475735,10.554154373356404,0.998,2.807769230769231,1820.0,-0.0002311777596855,0.0015882143459347,0.7479047133203769,discharge,0.7765864208654272,0.010057519857271885,3.5977934401382146,1
3.285508758672052,-1.0069563180820051,10.55574258770234,0.998,2.8075384615384613,1821.0,-0.000231177759685,0.0015882143459364,0.7477648582761988,discharge,0.7764624775882982,0.010058118187067087,3.5976459387234687,1
3.2852775809123664,-1.0069446665164368,10.557330802048275,0.998,2.8073076923076923,1822.0,-0.0002311777596855,0.0015882143459347,0.7476250048502937,discharge,0.776338535745326,0.010058681002302665,3.5974985526218966,1
3.285046403152682,-1.0069330149508684,10.558919016394212,0.998,2.807076923076923,1823.0,-0.000231177759685,0.0015882143459364,0.7474851530426616,discharge,0.7762145953365105,0.01005921006739349,3.5973512801332723,1
3.284815225392996,-1.0069213633852998,10.560507230740146,0.998,2.8068461538461538,1824.0,-0.0002311777596855,0.0015882143459347,0.7473453028533026,discharge,0.7760906563618518,0.010059707059095747,3.5972041196447937,1
3.284584047633311,-1.0069097118197314,10.562095445086085,0.998,2.8066153846153847,1825.0,-0.000231177759685,0.0015882143459364,0.7472054542822165,discharge,0.7759667188213499,0.010060173570861931,3.597057069626674,1
3.2843528698736253,-1.006898060254163,10.563683659432018,0.998,2.8063846153846153,1826.0,-0.0002311777596855,0.0015882143459347,0.7470656073294034,discharge,0.7758427827150048,0.010060611116979512,3.5969101286280716,1
3.28412169211394,-1.0068864086885947,10.565271873777954,0.998,2.806153846153846,1827.0,-0.000231177759685,0.0015882143459364,0.7469257619948633,discharge,0.7757188480428164,0.010061021136503954,3.5967632952731106,1
3.2838905143542547,-1.006874757123026,10.566860088123889,0.998,2.805923076923077,1828.0,-0.0002311777596855,0.0015882143459347,0.7467859182785963,discharge,0.7755949148047848,0.010061404996996362,3.596616568257142,1
3.2836593365945697,-1.0068631055574575,10.568448302469823,0.998,2.8056923076923077,1829.0,-0.000231177759685,0.0015882143459364,0.7466460761806022,discharge,0.77547098300091,0.010061763998075419,3.59646994634323,1
3.283428158834884,-1.0068514539918894,10.57003651681576,0.998,2.8054615384615387,1830.0,-0.0002311777596855,0.0015882143459347,0.7465062357008811,discharge,0.775347052631192,0.010062099374792865,3.5963234283587253,1
3.283196981075199,-1.0068398024263208,10.571624731161696,0.998,2.805230769230769,1831.0,-0.000231177759685,0.0015882143459364,0.746366396839433,discharge,0.7752231236956307,0.010062412300841274,3.596177013192098,1
3.2829658033155136,-1.0068281508607524,10.573212945507631,0.998,2.805,1832.0,-0.0002311777596855,0.0015882143459347,0.7462265595962578,discharge,0.7750991961942262,0.010062703891602473,3.596030699789886,1
3.2827252154800934,-1.0068469135120668,10.562941434419496,0.998,2.8047857142857144,1833.0,-0.0002405878354201,-0.0102715110881348,0.746086719747159,discharge,0.7749752663833823,0.010062990317268922,3.5958838593447195,1
3.282484627644673,-1.0068656761633814,10.55266992333136,0.998,2.8045714285714287,1834.0,-0.0002405878354205,-0.0102715110881348,0.7459468772921363,discharge,0.7748513342630992,0.010063271834450025,3.5957370999528826,1
3.2822440398092527,-1.0068844388146958,10.542398412243228,0.998,2.804357142857143,1835.0,-0.0002405878354201,-0.010271511088133,0.7458070322311898,discharge,0.7747273998333768,0.010063548687006457,3.595590421438821,1
3.2820034519738326,-1.0069032014660104,10.532126901155094,0.998,2.8041428571428573,1836.0,-0.0002405878354201,-0.0102715110881348,0.7456671845643195,discharge,0.7746034630942151,0.010063821106683545,3.5954438236388593,1
3.2817628641384124,-1.0069219641173248,10.52185539006696,0.998,2.8039285714285715,1837.0,-0.0002405878354201,-0.0102715110881348,0.7455273342915254,discharge,0.7744795240456142,0.010064089313713165,3.5952973064005955,1
3.281522276302992,-1.0069407267686394,10.511583878978824,0.998,2.803714285714286,1838.0,-0.0002405878354205,-0.0102715110881348,0.7453874814128076,discharge,0.7743555826875739,0.010064353517385763,3.5951508695823327,1
3.2812816884675717,-1.0069594894199538,10.501312367890687,0.998,2.8035,1839.0,-0.0002405878354201,-0.0102715110881348,0.745247625928166,discharge,0.7742316390200943,0.010064613916593922,3.5950045130525172,1
3.2810411006321516,-1.0069782520712682,10.491040856802556,0.998,2.8032857142857144,1840.0,-0.0002405878354201,-0.010271511088133,0.7451077678376005,discharge,0.7741076930431754,0.010064870700348963,3.5948582366892388,1
3.280800512796731,-1.0069970147225829,10.48076934571442,0.998,2.8030714285714287,1841.0,-0.0002405878354205,-0.0102715110881348,0.7449679071411113,discharge,0.7739837447568172,0.010065124048271843,3.5947120403797617,1
3.280559924961311,-1.0070157773738972,10.470497834626286,0.998,2.802857142857143,1842.0,-0.0002405878354201,-0.0102715110881348,0.7448280438386982,discharge,0.7738597941610197,0.01006537413105969,3.5945659240199967,1
3.2803193371258907,-1.007034540025212,10.460226323538151,0.998,2.802642857142857,1843.0,-0.0002405878354201,-0.0102715110881348,0.7446881779303614,discharge,0.7737358412557829,0.010065621110929152,3.594419887514121,1
3.2800787492904706,-1.0070533026765265,10.449954812450018,0.998,2.8024285714285715,1844.0,-0.0002405878354201,-0.010271511088133,0.7445483094161007,discharge,0.7736118860411068,0.010065865142037717,3.5942739307741145,1
3.27983816145505,-1.0070720653278409,10.439683301361883,0.998,2.8022142857142858,1845.0,-0.0002405878354205,-0.0102715110881348,0.7444084382959163,discharge,0.7734879285169913,0.01006610637088411,3.5941280537193885,1
3.27959757361963,-1.0070908279791553,10.429411790273749,0.998,2.802,1846.0,-0.0002405878354201,-0.0102715110881348,0.744268564569808,discharge,0.7733639686834366,0.01006634493668878,3.593982256276385,1
3.2793086450480935,-1.0069809455511252,10.407110727086872,0.998,2.801769230769231,1847.0,-0.0002889285715363,-0.0223010631868767,0.7441287061051483,discharge,0.7732400223749852,0.010066517059012759,3.59383919372293,1
3.279019716476557,-1.006871063123095,10.384809663899992,0.998,2.8015384615384615,1848.0,-0.0002889285715363,-0.0223010631868785,0.7439888629019367,discharge,0.7731160895916371,0.01006662603886461,3.5936962898910383,1
3.2787307879050207,-1.0067611806950647,10.362508600713117,0.998,2.8013076923076925,1849.0,-0.0002889285715363,-0.0223010631868767,0.7438490349601734,discharge,0.7729921703333924,0.010066675013254004,3.5935535416780104,1
3.2784418593334848,-1.0066512982670346,10.34020753752624,0.998,2.801076923076923,1850.0,-0.0002889285715359,-0.0223010631868767,0.7437092222798586,discharge,0.7728682646002509,0.010066666963339415,3.593410946136736,1
3.2781529307619484,-1.0065414158390045,10.31790647433936,0.998,2.800846153846154,1851.0,-0.0002889285715363,-0.0223010631868785,0.7435694248609921,discharge,0.7727443723922128,0.010066604722171038,3.5932685004679037,1
3.277864002190412,-1.0064315334109744,10.295605411152485,0.998,2.8006153846153845,1852.0,-0.0002889285715363,-0.0223010631868767,0.7434296427035738,discharge,0.772620493709278,0.010066490982049021,3.5931262020127033,1
3.2775750736188756,-1.006321650982944,10.273304347965608,0.998,2.8003846153846155,1853.0,-0.0002889285715363,-0.0223010631868767,0.7432898758076041,discharge,0.7724966285514465,0.010066328301516134,3.5929840482457776,1
3.277286145047339,-1.006211768554914,10.251003284778731,0.998,2.800153846153846,1854.0,-0.0002889285715363,-0.0223010631868767,0.7431501241730825,discharge,0.7723727769187183,0.010066119112003028,3.592842036768607,1
3.2769972164758028,-1.0061018861268838,10.228702221591853,0.998,2.799923076923077,1855.0,-0.0002889285715363,-0.0223010631868785,0.7430103878000094,discharge,0.7722489388110934,0.010065865724143351,3.592700165303184,1
3.276708287904267,-1.0059920036988537,10.206401158404976,0.998,2.7996923076923075,1856.0,-0.0002889285715359,-0.0223010631868767,0.7428706666883845,discharge,0.7721251142285718,0.010065570333775116,3.5925584316860233,1
3.2764193593327304,-1.005882121270823,10.1841000952181,0.998,2.7994615384615384,1857.0,-0.0002889285715363,-0.0223010631868767,0.742730960838208,discharge,0.7720013031711535,0.010065235027643914,3.5924168338624467,1
3.276130430761194,-1.0057722388427932,10.16179903203122,0.998,2.799230769230769,1858.0,-0.0002889285715363,-0.0223010631868785,0.7425912702494799,discharge,0.7718775056388385,0.01006486178882279,3.592275369881177,1
3.2758415021896576,-1.005662356414763,10.139497968844344,0.998,2.799,1859.0,-0.0002889285715363,-0.0223010631868767,0.7424515949221999,discharge,0.7717537216316268,0.01006445250186284,3.5921340378891657,1
3.2755399648939667,-1.0056575510680537,10.133413002909842,0.998,2.798642857142857,1860.0,-0.0003015372956909,-0.0060849659345016,0.7423119202623294,discharge,0.7716299382158911,0.01006406116150716,3.591990667354343,1
3.275238427598276,-1.0056527457213444,10.12732803697534,0.998,2.798285714285714,1861.0,-0.0003015372956904,-0.0060849659345016,0.7421722462698681,discharge,0.7715061553916313,0.010063686876142397,3.591847360766075,1
3.2749368903025853,-1.005647940374635,10.12124307104084,0.998,2.7979285714285713,1862.0,-0.0003015372956909,-0.0060849659345016,0.7420325729448161,discharge,0.7713823731588474,0.010063328798451848,3.5917041190275905,1
3.2746353530068943,-1.0056431350279258,10.11515810510634,0.998,2.7975714285714286,1863.0,-0.0003015372956909,-0.0060849659344999,0.7418929002871733,discharge,0.7712585915175394,0.010062986123214733,3.5915609429997275,1
3.274333815711204,-1.0056383296812164,10.109073139171835,0.998,2.797214285714286,1864.0,-0.0003015372956904,-0.0060849659345016,0.7417532282969399,discharge,0.7711348104677074,0.010062658085214806,3.5914178335031255,1
3.274032278415513,-1.0056335243345071,10.102988173237335,0.998,2.7968571428571427,1865.0,-0.0003015372956909,-0.0060849659345016,0.7416135569741156,discharge,0.7710110300093512,0.010062343957252879,3.591274791320129,1
3.2737307411198224,-1.0056287189877977,10.096903207302834,0.998,2.7965,1866.0,-0.0003015372956904,-0.0060849659345016,0.7414738863187006,discharge,0.7708872501424711,0.01006204304825807,3.5911318171967364,1
3.2734292038241315,-1.0056239136410885,10.090818241368332,0.998,2.7961428571428573,1867.0,-0.0003015372956909,-0.0060849659345016,0.7413342163306949,discharge,0.7707634708670668,0.01006175470149291,3.590988911844354,1
3.273127666528441,-1.005619108294379,10.08473327543383,0.998,2.795785714285714,1868.0,-0.0003015372956909,-0.0060849659345016,0.7411945470100985,discharge,0.7706396921831384,0.010061478292847592,3.5908460759415,1
3.27282612923275,-1.0056143029476696,10.078648309499329,0.998,2.7954285714285714,1869.0,-0.0003015372956904,-0.0060849659345016,0.7410548783569113,discharge,0.770515914090686,0.010061213229218994,3.59070331013547,1
3.272524591937059,-1.0056094976009604,10.072563343564829,0.998,2.7950714285714287,1870.0,-0.0003015372956909,-0.0060849659344999,0.7409152103711334,discharge,0.7703921365897095,0.010060958946970218,3.5905606150438456,1
3.272223054641368,-1.005604692254251,10.066478377630329,0.998,2.794714285714286,1871.0,-0.0003015372956909,-0.0060849659345016,0.7407755430527647,discharge,0.7702683596802089,0.010060714910466664,3.590417991255954,1
3.2719215173456777,-1.0055998869075418,10.060393411695824,0.998,2.7943571428571428,1872.0,-0.0003015372956904,-0.0060849659345016,0.7406358764018053,discharge,0.7701445833621843,0.010060480610684838,3.5902754393342655,1
3.2716199800499868,-1.0055950815608323,10.054308445761324,0.998,2.794,1873.0,-0.0003015372956909,-0.0060849659345016,0.7404962104182552,discharge,0.7700208076356355,0.01006025556389027,3.590132959815728,1
3.2712831568188614,-1.0056392088040718,10.045334698616964,0.998,2.7936923076923077,1874.0,-0.0003368232311253,-0.0089737471443598,0.7403565383059214,discharge,0.7698970264775948,0.010060063620802086,3.5899895433079836,1
3.2709463335877365,-1.0056833360473112,10.036360951472602,0.998,2.7933846153846154,1875.0,-0.0003368232311249,-0.0089737471443616,0.7402168600648036,discharge,0.7697732398880622,0.010059903136780101,3.58984617017202,1
3.270609510356611,-1.0057274632905504,10.027387204328242,0.998,2.793076923076923,1876.0,-0.0003368232311253,-0.0089737471443598,0.7400771756949023,discharge,0.7696494478670376,0.01005977254889224,3.5897028420351167,1
3.2702726871254857,-1.0057715905337898,10.01841345718388,0.998,2.7927692307692307,1877.0,-0.0003368232311253,-0.0089737471443616,0.7399374851962169,discharge,0.769525650414521,0.010059670371855166,3.5895595604466664,1
3.2699358638943608,-1.0058157177770293,10.00943971003952,0.998,2.7924615384615383,1878.0,-0.0003368232311249,-0.0089737471443598,0.7397977885687479,discharge,0.7694018475305126,0.010059595194176573,3.5894163268820414,1
3.2695990406632354,-1.0058598450202687,10.00046596289516,0.998,2.792153846153846,1879.0,-0.0003368232311253,-0.0089737471443616,0.739658085812495,discharge,0.7692780392150121,0.010059545674489141,3.5892731427462756,1
3.26926221743211,-1.005903972263508,9.9914922157508,0.998,2.791846153846154,1880.0,-0.0003368232311253,-0.0089737471443598,0.7395183769274585,discharge,0.7691542254680197,0.010059520538066623,3.5891300093775294,1
3.2689253942009846,-1.0059480995067474,9.982518468606438,0.998,2.7915384615384617,1881.0,-0.0003368232311253,-0.0089737471443616,0.7393786619136381,discharge,0.7690304062895353,0.010059518573513027,3.5889869280504008,1
3.2685885709698597,-1.0059922267499868,9.973544721462078,0.998,2.7912307692307694,1882.0,-0.0003368232311249,-0.0089737471443598,0.739238940771034,discharge,0.768906581679559,0.010059538629616269,3.5888438999790795,1
3.2682517477387343,-1.0060363539932262,9.964570974317716,0.998,2.790923076923077,1883.0,-0.0003368232311253,-0.0089737471443616,0.7390992134996459,discharge,0.7687827516380908,0.010059579612358155,3.5887009263203367,1
3.267914924507609,-1.0060804812364654,9.955597227173357,0.998,2.7906153846153847,1884.0,-0.0003368232311253,-0.0089737471443598,0.7389594800994743,discharge,0.7686589161651306,0.0100596404820729,3.588558008176375,1
3.267578101276484,-1.0061246084797049,9.946623480028997,0.998,2.7903076923076924,1885.0,-0.0003368232311249,-0.0089737471443616,0.7388197405705188,discharge,0.7685350752606784,0.010059720250746829,3.588415146597501,1
3.2672412780453586,-1.0061687357229443,9.937649732884635,0.998,2.79,1886.0,-0.0003368232311253,-0.0089737471443598,0.7386799949127795,discharge,0.7684112289247343,0.010059817979452212,3.588272342584721,1
3.266867202820108,-1.0061392602461832,9.92575519403042,0.998,2.789615384615385,1887.0,-0.0003740752252503,-0.0118945388542162,0.7385402533488563,discharge,0.7682873862168396,0.010059896209008955,3.5881311160790994,1
3.2664931275948574,-1.0061097847694218,9.913860655176205,0.998,2.789230769230769,1888.0,-0.0003740752252507,-0.0118945388542144,0.7384005158787494,discharge,0.7681635471369941,0.010059955908163063,3.587989994101149,1
3.266119052369607,-1.006080309292661,9.901966116321988,0.998,2.788846153846154,1889.0,-0.0003740752252503,-0.0118945388542162,0.7382607825024589,discharge,0.7680397116851979,0.010059997997531836,3.5878489757736656,1
3.2657449771443563,-1.0060508338158995,9.890071577467772,0.998,2.7884615384615383,1890.0,-0.0003740752252507,-0.0118945388542162,0.7381210532199844,discharge,0.767915879861451,0.010060023351994971,3.5877080602649163,1
3.265370901919106,-1.0060213583391382,9.878177038613558,0.998,2.788076923076923,1891.0,-0.0003740752252503,-0.0118945388542144,0.7379813280313262,discharge,0.7677920516657535,0.010060032802966872,3.587567246786404,1
3.264996826693855,-1.005991882862377,9.86628249975934,0.998,2.787692307692308,1892.0,-0.0003740752252507,-0.0118945388542162,0.7378416069364842,discharge,0.7676682270981053,0.01006002714055607,3.5874265345906826,1
3.264622751468605,-1.005962407385616,9.854387960905123,0.998,2.7873076923076923,1893.0,-0.0003740752252503,-0.0118945388542162,0.7377018899354584,discharge,0.7675444061585065,0.010060007115617352,3.587285922969317,1
3.264248676243354,-1.0059329319088548,9.842493422050907,0.998,2.786923076923077,1894.0,-0.0003740752252507,-0.0118945388542162,0.7375621770282489,discharge,0.767420588846957,0.010059973441701954,3.58714541125091,1
3.2638746010181037,-1.0059034564320934,9.830598883196696,0.998,2.786538461538462,1895.0,-0.0003740752252503,-0.0118945388542144,0.7374224682148556,discharge,0.7672967751634567,0.01005992679691085,3.5870049987992987,1
3.263500525792853,-1.0058739809553323,9.818704344342478,0.998,2.786153846153846,1896.0,-0.0003740752252507,-0.0118945388542162,0.7372827634952783,discharge,0.7671729651080058,0.01005986782565597,3.5868646850117383,1
3.2631264505676025,-1.0058445054785712,9.806809805488262,0.998,2.785769230769231,1897.0,-0.0003740752252503,-0.0118945388542162,0.7371430628695175,discharge,0.7670491586806042,0.010059797140333933,3.5867244693172715,1
3.2627523753423517,-1.0058150300018098,9.794915266634048,0.998,2.7853846153846153,1898.0,-0.0003740752252507,-0.0118945388542144,0.7370033663375728,discharge,0.7669253558812519,0.010059715322916593,3.5865843511750928,1
3.2623783001171014,-1.0057855545250487,9.783020727779832,0.998,2.785,1899.0,-0.0003740752252503,-0.0118945388542162,0.7368636738994443,discharge,0.7668015567099489,0.010059622926462605,3.5864443300730886,1
3.2620026323232465,-1.0058804769729994,9.777400224583932,0.998,2.7846428571428574,1900.0,-0.0003756677938548,-0.0056205031958995,0.7367239682776425,discharge,0.7666777458549223,0.010059582279248544,3.5863018383779903,1
3.2616269645293916,-1.00597539942095,9.771779721388032,0.998,2.7842857142857143,1901.0,-0.0003756677938548,-0.0056205031958995,0.7365842494721674,discharge,0.7665539233161722,0.010059590810297054,3.5861593666903,1
3.2612512967355367,-1.0060703218689009,9.766159218192133,0.998,2.7839285714285715,1902.0,-0.0003756677938548,-0.0056205031958995,0.736444517483019,discharge,0.7664300890936986,0.010059646076360668,3.586016917524113,1
3.260875628941682,-1.0061652443168514,9.760538714996231,0.998,2.783571428571429,1903.0,-0.0003756677938548,-0.0056205031958995,0.7363047723101971,discharge,0.7663062431875013,0.010059745755575998,3.585874493271901,1
3.260499961147827,-1.006260166764802,9.754918211800334,0.998,2.7832142857142856,1904.0,-0.0003756677938548,-0.0056205031958995,0.7361650139537019,discharge,0.7661823855975805,0.010059887641433198,3.585732096210605,1
3.260124293353972,-1.0063550892127526,9.749297708604434,0.998,2.782857142857143,1905.0,-0.0003756677938548,-0.0056205031958995,0.7360252424135336,discharge,0.7660585163239361,0.010060069637045036,3.585589728507304,1
3.259748625560117,-1.0064500116607034,9.743677205408536,0.998,2.7825,1906.0,-0.0003756677938548,-0.0056205031958995,0.7358854576896918,discharge,0.7659346353665681,0.010060289749700682,3.5854473922247276,1
3.2593729577662622,-1.006544934108654,9.738056702212637,0.998,2.782142857142857,1907.0,-0.0003756677938548,-0.0056205031958977,0.7357456597821768,discharge,0.7658107427254766,0.010060546085690068,3.585305089326358,1
3.2589972899724073,-1.0066398565566046,9.732436199016735,0.998,2.7817857142857143,1908.0,-0.0003756677938548,-0.0056205031958995,0.7356058486909882,discharge,0.7656868384006614,0.010060836845385397,3.585162821681413,1
3.2586216221785524,-1.006734779004555,9.726815695820838,0.998,2.781428571428571,1909.0,-0.0003756677938548,-0.0056205031958995,0.7354660244161265,discharge,0.7655629223921228,0.010061160318566992,3.585020591069488,1
3.2582459543846976,-1.006829701452506,9.721195192624938,0.998,2.7810714285714284,1910.0,-0.0003756677938548,-0.0056205031958995,0.7353261869575914,discharge,0.7654389946998604,0.010061514879981368,3.584878399184991,1
3.2578702865908427,-1.0069246239004568,9.715574689429038,0.998,2.7807142857142857,1911.0,-0.0003756677938548,-0.0056205031958995,0.735186336315383,discharge,0.7653150553238746,0.010061898985119994,3.584736247641403,1
3.257494618796988,-1.0070195463484073,9.70995418623314,0.998,2.7803571428571425,1912.0,-0.0003756677938548,-0.0056205031958995,0.7350464724895014,discharge,0.7651911042641651,0.010062311166207767,3.5845941379752406,1
3.257118951003133,-1.007114468796358,9.70433368303724,0.998,2.78,1913.0,-0.0003756677938548,-0.0056205031958995,0.7349065954799463,discharge,0.7650671415207322,0.01006275002839078,3.584452071649881,1
3.256709737316031,-1.0070819478622526,9.696941124453684,0.998,2.7796153846153846,1914.0,-0.0004092136871016,-0.0073925585835539,0.7347667229871877,discharge,0.7649431827802049,0.0100631509303914,3.5843126799085376,1
3.2563005236289295,-1.007049426928147,9.68954856587013,0.998,2.779230769230769,1915.0,-0.0004092136871016,-0.0073925585835556,0.7346268550112254,discharge,0.7648192280425832,0.010063515758126586,3.5841734120341084,1
3.255891309941828,-1.0070169059940417,9.682156007286576,0.998,2.7788461538461537,1916.0,-0.0004092136871016,-0.0073925585835539,0.7344869915520595,discharge,0.7646952773078671,0.010063846303818211,3.5840342662706415,1
3.255482096254726,-1.0069843850599358,9.674763448703022,0.998,2.778461538461538,1917.0,-0.0004092136871016,-0.0073925585835539,0.7343471326096902,discharge,0.7645713305760568,0.01006414427064796,3.5838952409509557,1
3.2550728825676245,-1.0069518641258304,9.667370890119466,0.998,2.778076923076923,1918.0,-0.0004092136871016,-0.0073925585835556,0.7342072781841171,discharge,0.764447387847152,0.01006441127718098,3.583756334492222,1
3.254663668880523,-1.0069193431917247,9.659978331535912,0.998,2.7776923076923077,1919.0,-0.0004092136871016,-0.0073925585835539,0.7340674282753405,discharge,0.764323449121153,0.010064648861569752,3.583617545391817,1
3.2542544551934216,-1.0068868222576193,9.652585772952358,0.998,2.777307692307692,1920.0,-0.0004092136871012,-0.0073925585835539,0.7339275828833602,discharge,0.7641995143980597,0.01006485848554911,3.583478872223264,1
3.25384524150632,-1.0068543013235136,9.645193214368804,0.998,2.776923076923077,1921.0,-0.0004092136871016,-0.0073925585835539,0.7337877420081764,discharge,0.764075583677872,0.01006504153823278,3.583340313632483,1
3.2534360278192183,-1.0068217803894082,9.637800655785249,0.998,2.7765384615384616,1922.0,-0.0004092136871016,-0.0073925585835556,0.7336479056497891,discharge,0.76395165696059,0.0100651993397213,3.58320186833414,1
3.2530268141321166,-1.0067892594553025,9.630408097201697,0.998,2.776153846153846,1923.0,-0.0004092136871016,-0.0073925585835539,0.733508073808198,discharge,0.7638277342462136,0.010065333144530701,3.58306353510828,1
3.252617600445015,-1.006756738521197,9.62301553861814,0.998,2.7757692307692308,1924.0,-0.0004092136871016,-0.0073925585835539,0.7333682464834035,discharge,0.763703815534743,0.010065444144850829,3.5829253127969847,1
3.2522083867579132,-1.0067242175870914,9.615622980034583,0.998,2.775384615384615,1925.0,-0.0004092136871016,-0.0073925585835556,0.7332284236754052,discharge,0.763579900826178,0.010065533473641817,3.5827872003013663,1
3.2517991730708116,-1.006691696652986,9.608230421451031,0.998,2.775,1926.0,-0.0004092136871016,-0.0073925585835539,0.7330886053842034,discharge,0.7634559901205186,0.010065602207576685,3.5826491965785445,1
3.251366164089793,-1.0065084754156892,9.60203343981356,0.998,2.7745714285714285,1927.0,-0.0004330089810187,-0.0061969816374709,0.7329488125403956,discharge,0.7633321019670197,0.010065576499739687,3.5825144102423168,1
3.2509331551087746,-1.0063252541783925,9.595836458176088,0.998,2.774142857142857,1928.0,-0.0004330089810182,-0.0061969816374727,0.7328090451439819,discharge,0.7632082363656816,0.010065461042135133,3.5823798225903025,1
3.250500146127756,-1.0061420329410955,9.589639476538617,0.998,2.7737142857142856,1929.0,-0.0004330089810187,-0.0061969816374709,0.7326693031949624,discharge,0.763084393316504,0.010065260293661752,3.5822454291590446,1
3.2500671371467376,-1.005958811703799,9.583442494901144,0.998,2.773285714285714,1930.0,-0.0004330089810182,-0.0061969816374727,0.7325295866933368,discharge,0.762960572819487,0.010064978491693709,3.582111225706308,1
3.249634128165719,-1.0057755904665022,9.577245513263671,0.998,2.7728571428571427,1931.0,-0.0004330089810187,-0.0061969816374709,0.7323898956391054,discharge,0.7628367748746306,0.01006461966308627,3.5819772082001493,1
3.249201119184701,-1.0055923692292057,9.5710485316262,0.998,2.7724285714285712,1932.0,-0.0004330089810182,-0.0061969816374727,0.732250230032268,discharge,0.7627129994819348,0.01006418763463469,3.581843372808389,1
3.248768110203682,-1.0054091479919087,9.56485154998873,0.998,2.772,1933.0,-0.0004330089810187,-0.0061969816374709,0.7321105898728246,discharge,0.7625892466413996,0.010063686043013479,3.5817097158886932,1
3.248335101222663,-1.0052259267546122,9.558654568351258,0.998,2.771571428571429,1934.0,-0.0004330089810187,-0.0061969816374709,0.7319709751607755,discharge,0.762465516353025,0.010063118344221873,3.581576233979168,1
3.247902092241645,-1.0050427055173154,9.552457586713786,0.998,2.771142857142858,1935.0,-0.0004330089810182,-0.0061969816374727,0.7318313858961203,discharge,0.7623418086168109,0.010062487822560057,3.5814429237893175,1
3.247469083260626,-1.0048594842800187,9.546260605076316,0.998,2.770714285714286,1936.0,-0.0004330089810187,-0.0061969816374709,0.7316918220788591,discharge,0.7622181234327574,0.010061797599159412,3.581309782191568,1
3.247036074279608,-1.004676263042722,9.540063623438842,0.998,2.7702857142857145,1937.0,-0.0004330089810182,-0.0061969816374727,0.7315522837089921,discharge,0.7620944608008645,0.010061050640088984,3.5811768062131373,1
3.246603065298589,-1.0044930418054252,9.533866641801373,0.998,2.769857142857143,1938.0,-0.0004330089810187,-0.0061969816374709,0.7314127707865191,discharge,0.7619708207211322,0.0100602497640592,3.581043993028334,1
3.246170056317571,-1.0043098205681285,9.527669660163898,0.998,2.7694285714285716,1939.0,-0.0004330089810182,-0.0061969816374727,0.7312732833114401,discharge,0.7618472031935605,0.010059397649742863,3.580911339951243,1
3.245737047336552,-1.0041265993308317,9.521472678526427,0.998,2.769,1940.0,-0.0004330089810187,-0.0061969816374709,0.7311338212837554,discharge,0.7617236082181493,0.010058496842732424,3.580778844428765,1
3.2452693722921717,-1.0042895482786098,9.511383500681037,0.998,2.7685384615384616,1941.0,-0.0004676750443803,-0.0100891778453906,0.7309943366242722,discharge,0.7615999931858338,0.010057721744524338,3.5806393614399554,1
3.244801697247791,-1.004452497226388,9.501294322835646,0.998,2.768076923076923,1942.0,-0.0004676750443808,-0.0100891778453906,0.7308548293329908,discharge,0.7614763580966138,0.010057066109722835,3.5804998207126664,1
3.2443340222034105,-1.004615446174166,9.491205144990255,0.998,2.7676153846153846,1943.0,-0.0004676750443803,-0.0100891778453906,0.7307152994099111,discharge,0.7613527029504895,0.01005652400321247,3.5803602282605786,1
3.2438663471590297,-1.0047783951219442,9.481115967144866,0.998,2.767153846153846,1944.0,-0.0004676750443808,-0.0100891778453888,0.730575746855033,discharge,0.7612290277474608,0.010056089784742947,3.58022058980236,1
3.2433986721146493,-1.0049413440697224,9.471026789299476,0.998,2.7666923076923076,1945.0,-0.0004676750443803,-0.0100891778453906,0.7304361716683566,discharge,0.7611053324875278,0.010055758094279795,3.5800809107762275,1
3.242930997070269,-1.0051042930175005,9.460937611454083,0.998,2.766230769230769,1946.0,-0.0004676750443803,-0.0100891778453906,0.730296573849882,discharge,0.7609816171706903,0.010055523838082834,3.579941196353952,1
3.242463322025888,-1.0052672419652786,9.450848433608694,0.998,2.765769230769231,1947.0,-0.0004676750443808,-0.0100891778453906,0.7301569533996091,discharge,0.7608578817969485,0.01005538217547629,3.5798014514540286,1
3.2419956469815077,-1.0054301909130567,9.440759255763304,0.998,2.7653076923076925,1948.0,-0.0004676750443803,-0.0100891778453906,0.7300173103175378,discharge,0.7607341263663022,0.010055328506276188,3.579661680754293,1
3.2415279719371273,-1.0055931398608349,9.430670077917911,0.998,2.764846153846154,1949.0,-0.0004676750443803,-0.0100891778453906,0.7298776446036682,discharge,0.7606103508787516,0.01005535845884237,3.579521888703835,1
3.2410602968927464,-1.005756088808613,9.420580900072524,0.998,2.764384615384615,1950.0,-0.0004676750443808,-0.0100891778453888,0.7297379562580004,discharge,0.7604865553342967,0.01005546787872411,3.57938207953438,1
3.240592621848366,-1.0059190377563911,9.410491722227134,0.998,2.763923076923077,1951.0,-0.0004676750443803,-0.0100891778453906,0.7295982452805342,discharge,0.7603627397329372,0.010055652817869815,3.5792422572710447,1
3.240124946803985,-1.0060819867041693,9.400402544381745,0.998,2.7634615384615384,1952.0,-0.0004676750443808,-0.0100891778453906,0.7294585116712697,discharge,0.7602389040746734,0.010055909524372839,3.579102425742635,1
3.239657271759605,-1.0062449356519474,9.390313366536352,0.998,2.763,1953.0,-0.0004676750443803,-0.0100891778453906,0.729318755430207,discharge,0.7601150483595053,0.010056234432726692,3.5789625885913625,1
3.2391699574335235,-1.0062563059695036,9.388829927156207,0.998,2.7625384615384614,1954.0,-0.0004873143260812,-0.0014834393801432,0.7291789976099334,discharge,0.7599911912447983,0.010056548848100717,3.578825876666948,1
3.2386826431074427,-1.00626767628706,9.387346487776066,0.998,2.762076923076923,1955.0,-0.0004873143260808,-0.0014834393801432,0.7290392382104491,discharge,0.7598673327305526,0.01005685329180138,3.5786892579134824,1
3.2381953287813614,-1.006279046604616,9.38586304839592,0.998,2.7616153846153844,1956.0,-0.0004873143260812,-0.001483439380145,0.728899477231754,discharge,0.7597434728167681,0.010057148259235888,3.578552731873365,1
3.237708014455281,-1.0062904169221725,9.384379609015776,0.998,2.7611538461538463,1957.0,-0.0004873143260808,-0.0014834393801432,0.7287597146738481,discharge,0.7596196115034448,0.010057434221198902,3.5784162981133574,1
3.2372207001291993,-1.0063017872397286,9.382896169635634,0.998,2.760692307692308,1958.0,-0.0004873143260812,-0.0014834393801432,0.7286199505367315,discharge,0.7594957487905827,0.010057711625095314,3.5782799562234016,1
3.236733385803118,-1.006313157557285,9.38141273025549,0.998,2.7602307692307693,1959.0,-0.0004873143260812,-0.0014834393801432,0.7284801848204041,discharge,0.7593718846781818,0.010057980896102298,3.578143705815422,1
3.236246071477037,-1.0063245278748412,9.379929290875346,0.998,2.7597692307692308,1960.0,-0.0004873143260808,-0.001483439380145,0.728340417524866,discharge,0.7592480191662422,0.010058242438273603,3.578007546522246,1
3.235758757150956,-1.0063358981923975,9.378445851495202,0.998,2.759307692307692,1961.0,-0.0004873143260812,-0.0014834393801432,0.728200648650117,discharge,0.7591241522547637,0.010058496635589007,3.577871477996563,1
3.2352714428248746,-1.0063472685099537,9.37696241211506,0.998,2.7588461538461537,1962.0,-0.0004873143260812,-0.0014834393801432,0.7280608781961573,discharge,0.7590002839437465,0.01005874385295161,3.5777354999098954,1
3.2347841284987937,-1.00635863882751,9.375478972734916,0.998,2.7583846153846157,1963.0,-0.0004873143260808,-0.0014834393801432,0.7279211061629868,discharge,0.7588764142331905,0.010058984437135602,3.5775996119516815,1
3.2342968141727124,-1.0063700091450662,9.37399553335477,0.998,2.757923076923077,1964.0,-0.0004873143260812,-0.001483439380145,0.7277813325506055,discharge,0.7587525431230957,0.010059218717686922,3.5774638138283366,1
3.2338094998466316,-1.0063813794626226,9.372512093974628,0.998,2.757461538461538,1965.0,-0.0004873143260808,-0.0014834393801432,0.7276415573590135,discharge,0.7586286706134622,0.010059447007779191,3.5773281052624575,1
3.2333221855205503,-1.0063927497801788,9.371028654594484,0.998,2.757,1966.0,-0.0004873143260812,-0.0014834393801432,0.7275017805882107,discharge,0.7585047967042898,0.010059669605027112,3.5771924859919566,1
3.232849347628542,-1.006366673652565,9.35987135324656,0.998,2.7565714285714287,1967.0,-0.0004728378920089,-0.0111573013479251,0.7273620074390923,discharge,0.7583809260047509,0.010059868188321943,3.5770577283268388,1
3.2323765097365325,-1.006340597524951,9.348714051898634,0.998,2.7561428571428572,1968.0,-0.0004728378920089,-0.0111573013479251,0.7272222379116582,discharge,0.7582570585148456,0.010060043950711733,3.5769230821707305,1
3.2319036718445235,-1.0063145213973372,9.337556750550709,0.998,2.755714285714286,1969.0,-0.0004728378920089,-0.0111573013479251,0.7270824720059086,discharge,0.7581331942345737,0.01006019802597217,3.5767885464151874,1
3.231430833952515,-1.0062884452697234,9.326399449202784,0.998,2.7552857142857143,1970.0,-0.0004728378920084,-0.0111573013479251,0.7269427097218434,discharge,0.7580093331639353,0.01006033149155132,3.5766541200078543,1
3.230957996060506,-1.0062623691421095,9.31524214785486,0.998,2.754857142857143,1971.0,-0.0004728378920089,-0.0111573013479251,0.7268029510594625,discharge,0.7578854753029303,0.010060445371368062,3.576519801949678,1
3.2304851581684972,-1.0062362930144957,9.304084846506932,0.998,2.754428571428571,1972.0,-0.0004728378920089,-0.0111573013479251,0.726663196018766,discharge,0.7577616206515588,0.010060540638471506,3.5763855912922575,1
3.2300123202764883,-1.0062102168868818,9.292927545159008,0.998,2.754,1973.0,-0.0004728378920089,-0.0111573013479251,0.7265234445997539,discharge,0.7576377692098208,0.010060618217568264,3.5762514871352837,1
3.2295394823844794,-1.0061841407592682,9.281770243811083,0.998,2.753571428571429,1974.0,-0.0004728378920089,-0.0111573013479251,0.7263836968024263,discharge,0.7575139209777163,0.010060678987424184,3.5761174886241585,1
3.2290666444924705,-1.0061580646316544,9.270612942463158,0.998,2.753142857142857,1975.0,-0.0004728378920089,-0.0111573013479251,0.726243952626783,discharge,0.7573900759552453,0.010060723783146748,3.5759835949477314,1
3.2285938066004616,-1.0061319885040405,9.259455641115231,0.998,2.7527142857142857,1976.0,-0.0004728378920089,-0.0111573013479251,0.7261042120728242,discharge,0.7572662341424078,0.010060753398354088,3.5758498053360857,1
3.228120968708453,-1.0061059123764269,9.248298339767308,0.998,2.7522857142857142,1977.0,-0.0004728378920084,-0.0111573013479251,0.7259644751405496,discharge,0.7571423955392037,0.010060768587236238,3.575716119058517,1
3.227648130816444,-1.0060798362488128,9.237141038419384,0.998,2.751857142857143,1978.0,-0.0004728378920089,-0.0111573013479251,0.7258247418299595,discharge,0.7570185601456331,0.010060770066513972,3.575582535421556,1
3.2271752929244353,-1.006053760121199,9.225983737071456,0.998,2.7514285714285713,1979.0,-0.0004728378920089,-0.0111573013479251,0.7256850121410539,discharge,0.756894727961696,0.010060758517300337,3.5754490537670987,1
3.2267024550324264,-1.006027683993585,9.214826435723532,0.998,2.751,1980.0,-0.0004728378920089,-0.0111573013479251,0.7255452860738325,discharge,0.7567708989873924,0.010060734586869697,3.575315673470677,1
3.226170212398737,-1.0060094210545574,9.20738528714866,0.998,2.750384615384615,1981.0,-0.0005322426336893,-0.0074411485748715,0.7254055625431305,discharge,0.7566470722610199,0.010060702772044385,3.57518223275512,1
3.2256379697650477,-1.0059911581155296,9.199944138573793,0.998,2.7497692307692305,1982.0,-0.0005322426336893,-0.0074411485748697,0.7252658415489478,discharge,0.7565232477825786,0.010060663464532573,3.575048887516822,1
3.2251057271313583,-1.005972895176502,9.19250298999892,0.998,2.749153846153846,1983.0,-0.0005322426336893,-0.0074411485748715,0.7251261230912844,discharge,0.7563994255520685,0.010060617036581801,3.5749156374076385,1
3.224573484497669,-1.005954632237474,9.18506184142405,0.998,2.7485384615384616,1984.0,-0.0005322426336893,-0.0074411485748697,0.7249864071701403,discharge,0.7562756055694897,0.010060563841945813,3.5747824820976786,1
3.2240412418639797,-1.0059363692984462,9.177620692849178,0.998,2.747923076923077,1985.0,-0.0005322426336893,-0.0074411485748715,0.7248466937855155,discharge,0.756151787834842,0.010060504216803353,3.574649421274397,1
3.2235089992302903,-1.0059181063594185,9.170179544274308,0.998,2.747307692307692,1986.0,-0.0005322426336893,-0.0074411485748697,0.72470698293741,discharge,0.7560279723481256,0.010060438480631316,3.5745164546417456,1
3.222976756596601,-1.0058998434203907,9.162738395699437,0.998,2.7466923076923075,1987.0,-0.0005322426336893,-0.0074411485748715,0.7245672746258238,discharge,0.7559041591093403,0.01006036693703452,3.5743835819192835,1
3.2224445139629116,-1.005881580481363,9.155297247124569,0.998,2.746076923076923,1988.0,-0.0005322426336893,-0.0074411485748697,0.724427568850757,discharge,0.7557803481184862,0.010060289874534261,3.5742508028414557,1
3.2219122713292223,-1.0058633175423353,9.147856098549696,0.998,2.745461538461538,1989.0,-0.0005322426336893,-0.0074411485748715,0.7242878656122094,discharge,0.7556565393755632,0.010060207567317672,3.574118117156814,1
3.221380028695533,-1.0058450546033073,9.140414949974826,0.998,2.744846153846154,1990.0,-0.0005322426336893,-0.0074411485748697,0.7241481649101812,discharge,0.7555327328805714,0.010060120275949873,3.5739855246272927,1
3.2208477860618436,-1.0058267916642796,9.132973801399954,0.998,2.7442307692307693,1991.0,-0.0005322426336893,-0.0074411485748715,0.7240084667446722,discharge,0.7554089286335108,0.01006002824805073,3.57385302502755,1
3.2203155434281543,-1.0058085287252518,9.125532652825084,0.998,2.743615384615385,1992.0,-0.0005322426336893,-0.0074411485748697,0.7238687711156826,discharge,0.7552851266343815,0.010059931718937995,3.5737206181443124,1
3.219783300794465,-1.005790265786224,9.118091504250213,0.998,2.743,1993.0,-0.0005322426336893,-0.0074411485748715,0.7237290780232124,discharge,0.7551613268831834,0.010059830912238495,3.5735883037757925,1
3.219281351675667,-1.0058314091507037,9.116925054048512,0.998,2.7425714285714284,1994.0,-0.000501949118798,-0.0011664502016994,0.7235893792163859,discharge,0.7550375220677701,0.010059755554382835,3.5734548562560944,1
3.218779402556869,-1.0058725525151826,9.115758603846814,0.998,2.742142857142857,1995.0,-0.000501949118798,-0.0011664502016994,0.7234496746952033,discharge,0.7549137121881416,0.010059704381035513,3.5733214650122243,1
3.2182774534380707,-1.005913695879662,9.114592153645114,0.998,2.7417142857142855,1996.0,-0.000501949118798,-0.0011664502016994,0.7233099644596643,discharge,0.754789897244298,0.01005967619067505,3.573188131282076,1
3.2177755043192726,-1.0059548392441413,9.113425703443411,0.998,2.741285714285714,1997.0,-0.000501949118798,-0.0011664502017012,0.7231702485097693,discharge,0.7546660772362394,0.0100596698414733,3.57305485624364,1
3.2172735552004745,-1.0059959826086209,9.112259253241714,0.998,2.7408571428571427,1998.0,-0.000501949118798,-0.0011664502016994,0.7230305268455182,discharge,0.7545422521639655,0.010059684248329792,3.57292164101797,1
3.2167716060816764,-1.0060371259730998,9.111092803040014,0.998,2.740428571428571,1999.0,-0.000501949118798,-0.0011664502016994,0.7228907994669108,discharge,0.7544184220274766,0.010059718380053427,3.572788486671963,1
3.216269656962878,-1.0060782693375792,9.109926352838317,0.998,2.74,2000.0,-0.0005019491187985,-0.0011664502016994,0.7227510663739473,discharge,0.7542945868267724,0.010059771256684173,3.572655394221106,1
3.21576770784408,-1.0061194127020583,9.108759902636615,0.998,2.7395714285714288,2001.0,-0.000501949118798,-0.0011664502016994,0.7226113275666275,discharge,0.7541707465618531,0.010059841946947834,3.5725223646319635,1
3.2152657587252818,-1.0061605560665376,9.107593452434916,0.998,2.7391428571428573,2002.0,-0.000501949118798,-0.0011664502016994,0.7224715830449516,discharge,0.7540469012327188,0.010059929565837273,3.5723893988246265,1
3.2147638096064837,-1.006201699431017,9.106427002233216,0.998,2.738714285714286,2003.0,-0.000501949118798,-0.0011664502016994,0.7223318328089195,discharge,0.7539230508393693,0.010060033272313787,3.572256497674991,1
3.2142618604876856,-1.0062428427954964,9.105260552031517,0.998,2.7382857142857144,2004.0,-0.000501949118798,-0.0011664502017012,0.7221920768585313,discharge,0.7537991953818046,0.010060152267122698,3.572123662016965,1
3.2137599113688875,-1.0062839861599755,9.104094101829816,0.998,2.737857142857143,2005.0,-0.000501949118798,-0.0011664502016994,0.7220523151937868,discharge,0.7536753348600248,0.010060285790717462,3.5719908926445303,1
3.2132579622500894,-1.0063251295244549,9.102927651628116,0.998,2.7374285714285715,2006.0,-0.000501949118798,-0.0011664502016994,0.7219125478146862,discharge,0.7535514692740299,0.010060433121286908,3.5718581903137157,1
3.2127560131312913,-1.0063662728889342,9.101761201426417,0.998,2.737,2007.0,-0.000501949118798,-0.0011664502016994,0.7217727747212295,discharge,0.7534275986238199,0.010060593572880491,3.5717255557444645,1
3.2122103203718915,-1.0063367039001752,9.111616645093369,0.998,2.7363846153846154,2008.0,-0.0005456927593998,0.0098554436669502,0.7216330057345766,discharge,0.7533037316131693,0.010060731362703185,3.571594448241806,1
3.211664627612491,-1.006307134911416,9.12147208876032,0.998,2.7357692307692307,2009.0,-0.0005456927594003,0.009855443666952,0.7214932408547279,discharge,0.7531798682420782,0.010060847616624659,3.571463452448193,1
3.2111189348530913,-1.006277565922657,9.13132753242727,0.998,2.735153846153846,2010.0,-0.0005456927593998,0.0098554436669502,0.721353480081683,discharge,0.7530560085105464,0.010060943404579747,3.5713325673088168,1
3.210573242093691,-1.0062479969338978,9.14118297609422,0.998,2.734538461538462,2011.0,-0.0005456927593998,0.009855443666952,0.7212137234154421,discharge,0.7529321524185741,0.010061019743347367,3.5712017918218417,1
3.210027549334291,-1.0062184279451387,9.151038419761171,0.998,2.733923076923077,2012.0,-0.0005456927594003,0.0098554436669502,0.7210739708560053,discharge,0.7528082999661613,0.010061077599191382,3.571071125035696,1
3.2094818565748913,-1.0061888589563797,9.160893863428123,0.998,2.7333076923076924,2013.0,-0.0005456927593998,0.009855443666952,0.7209342224033726,discharge,0.7526844511533078,0.010061117890370267,3.5709405660465814,1
3.2089361638154914,-1.0061592899676206,9.170749307095074,0.998,2.732692307692308,2014.0,-0.0005456927593998,0.0098554436669502,0.7207944780575437,discharge,0.7525606059800138,0.01006114148952208,3.570810113996135,1
3.2083904710560915,-1.0061297209788616,9.180604750762026,0.998,2.732076923076923,2015.0,-0.0005456927593998,0.009855443666952,0.7206547378185189,discharge,0.7524367644462793,0.010061149225930955,3.5706797680690734,1
3.2078447782966912,-1.0061001519901025,9.190460194428976,0.998,2.7314615384615384,2016.0,-0.0005456927594003,0.0098554436669502,0.720515001686298,discharge,0.7523129265521041,0.010061141887680987,3.5705495274911274,1
3.2072990855372914,-1.0060705830013432,9.200315638095928,0.998,2.730846153846154,2017.0,-0.0005456927593998,0.009855443666952,0.7203752696608812,discharge,0.7521890922974884,0.010061120223703108,3.570419391526944,1
3.2067533927778915,-1.0060410140125842,9.210171081762878,0.998,2.7302307692307695,2018.0,-0.0005456927593998,0.0098554436669502,0.7202355417422683,discharge,0.7520652616824322,0.010061084945720276,3.5702893594781475,1
3.206207700018491,-1.0060114450238251,9.22002652542983,0.998,2.7296153846153848,2019.0,-0.0005456927594003,0.009855443666952,0.7200958179304594,discharge,0.7519414347069353,0.010061036730096019,3.570159430681514,1
3.2056620072590913,-1.005981876035066,9.22988196909678,0.998,2.729,2020.0,-0.0005456927593998,0.0098554436669502,0.7199560982254545,discharge,0.7518176113709979,0.010060976219591141,3.5700296045071895,1
3.205136361578887,-1.0059877032994295,9.242058580001252,0.998,2.7285384615384616,2021.0,-0.0005256456802045,0.012176610904472,0.7198163777111074,discharge,0.7516937873177998,0.0100609216104055,3.56989915026019,1
3.2046107158986823,-1.0059935305637933,9.254235190905726,0.998,2.728076923076923,2022.0,-0.0005256456802045,0.0121766109044738,0.719676656387418,discharge,0.7515699625473409,0.010060872609352988,3.569768776180358,1
3.204085070218478,-1.0059993578281567,9.266411801810198,0.998,2.727615384615385,2023.0,-0.000525645680204,0.012176610904472,0.7195369342543863,discharge,0.7514461370596213,0.010060828937813415,3.5696384825677008,1
3.2035594245382737,-1.0060051850925202,9.27858841271467,0.998,2.727153846153846,2024.0,-0.0005256456802045,0.012176610904472,0.7193972113120123,discharge,0.7513223108546409,0.010060790331008838,3.569508269708159,1
3.203033778858069,-1.006011012356884,9.290765023619144,0.998,2.7266923076923075,2025.0,-0.0005256456802045,0.0121766109044738,0.7192574875602961,discharge,0.7511984839323997,0.010060756537315873,3.5693781378742906,1
3.2025081331778646,-1.0060168396212474,9.302941634523616,0.998,2.726230769230769,2026.0,-0.0005256456802045,0.012176610904472,0.7191177629992376,discharge,0.7510746562928978,0.010060727317612149,3.569248087325951,1
3.201982487497661,-1.006022666885611,9.315118245428089,0.998,2.725769230769231,2027.0,-0.000525645680204,0.012176610904472,0.7189780376288368,discharge,0.7509508279361352,0.010060702444655237,3.56911811831089,1
3.201456841817456,-1.0060284941499744,9.32729485633256,0.998,2.7253076923076924,2028.0,-0.0005256456802045,0.012176610904472,0.7188383114490937,discharge,0.7508269988621118,0.010060681702492452,3.568988231065342,1
3.2009311961372515,-1.006034321414338,9.339471467237034,0.998,2.724846153846154,2029.0,-0.0005256456802045,0.0121766109044738,0.7186985844600084,discharge,0.7507031690708277,0.01006066488589994,3.568858425814616,1
3.200405550457047,-1.0060401486787016,9.351648078141508,0.998,2.7243846153846154,2030.0,-0.0005256456802045,0.012176610904472,0.7185588566615808,discharge,0.7505793385622828,0.010060651799849676,3.568728702773586,1
3.199879904776843,-1.006045975943065,9.36382468904598,0.998,2.723923076923077,2031.0,-0.000525645680204,0.012176610904472,0.7184191280538109,discharge,0.7504555073364771,0.010060642259002906,3.5685990621472308,1
3.1993542590966384,-1.0060518032074288,9.376001299950453,0.998,2.7234615384615384,2032.0,-0.0005256456802045,0.0121766109044738,0.7182793986366989,discharge,0.7503316753934107,0.010060636087228772,3.56846950413111,1
3.198828613416434,-1.0060576304717923,9.388177910854925,0.998,2.723,2033.0,-0.0005256456802045,0.012176610904472,0.7181396684102443,discharge,0.7502078427330836,0.010060633117146858,3.5683400289117957,1
3.198366935274168,-1.0059251648321788,9.391480432039147,0.998,2.7224999999999997,2034.0,-0.0004616781422659,0.0033025211842243,0.7179999565817954,discharge,0.7500840263775606,0.010060564483770374,3.568213488995538,1
3.197905257131902,-1.0057926991925652,9.394782953223372,0.998,2.722,2035.0,-0.0004616781422659,0.0033025211842243,0.717860263151352,discharge,0.7499602263268416,0.01006043344934711,3.568087115244989,1
3.197443578989636,-1.0056602335529516,9.398085474407598,0.998,2.7215,2036.0,-0.0004616781422659,0.0033025211842243,0.7177205881189141,discharge,0.7498364425809266,0.01006024311405165,3.56796090454275,1
3.19698190084737,-1.005527767913338,9.40138799559182,0.998,2.721,2037.0,-0.0004616781422659,0.0033025211842225,0.7175809314844817,discharge,0.7497126751398159,0.010059996424037397,3.5678348539251736,1
3.196520222705104,-1.0053953022737243,9.404690516776045,0.998,2.7205,2038.0,-0.0004616781422659,0.0033025211842243,0.7174412932480548,discharge,0.7495889240035092,0.010059696179088586,3.56770896057479,1
3.196058544562838,-1.0052628366341108,9.407993037960267,0.998,2.72,2039.0,-0.0004616781422659,0.0033025211842243,0.7173016734096334,discharge,0.7494651891720066,0.010059345039892099,3.567583221813007,1
3.1955968664205723,-1.0051303709944972,9.411295559144492,0.998,2.7195,2040.0,-0.0004616781422659,0.0033025211842243,0.7171620719692176,discharge,0.749341470645308,0.010058945534948039,3.5674576350931733,1
3.1951351882783063,-1.0049979053548836,9.414598080328718,0.998,2.719,2041.0,-0.0004616781422659,0.0033025211842243,0.7170224889268071,discharge,0.7492177684234135,0.010058500067136947,3.567332197994051,1
3.1946735101360404,-1.00486543971527,9.417900601512942,0.998,2.7185,2042.0,-0.0004616781422659,0.0033025211842243,0.7168829242824022,discharge,0.749094082506323,0.010058010919960775,3.5672069082135343,1
3.1942118319937745,-1.0047329740756563,9.421203122697166,0.998,2.718,2043.0,-0.0004616781422659,0.0033025211842243,0.7167433780360029,discharge,0.7489704128940367,0.010057480263473782,3.567081763562776,1
3.1937501538515085,-1.0046005084360428,9.424505643881387,0.998,2.7175,2044.0,-0.0004616781422659,0.0033025211842225,0.7166038501876089,discharge,0.7488467595865543,0.010056910159918784,3.566956761960481,1
3.1932884757092426,-1.0044680427964292,9.427808165065612,0.998,2.717,2045.0,-0.0004616781422659,0.0033025211842243,0.7164643407372205,discharge,0.7487231225838762,0.010056302569083376,3.5668319014276153,1
3.1928267975669766,-1.0043355771568157,9.431110686249838,0.998,2.7165000000000004,2046.0,-0.0004616781422659,0.0033025211842243,0.7163248496848377,discharge,0.7485995018860021,0.010055659353390064,3.5667071800822874,1
3.1923651194247107,-1.004203111517202,9.434413207434062,0.998,2.716,2047.0,-0.0004616781422659,0.0033025211842243,0.7161853770304603,discharge,0.7484758974929321,0.0100549822827335,3.56658259613489,1
3.1918727381839527,-1.0044347991860811,9.44051850107052,0.998,2.715461538461539,2048.0,-0.000492381240758,0.0061052936364589,0.71604587219724,discharge,0.7483522645821117,0.010054453955726878,3.5664506375638565,1
3.191380356943194,-1.00466648685496,9.44662379470698,0.998,2.714923076923077,2049.0,-0.0004923812407584,0.0061052936364589,0.7159063351851768,discharge,0.7482286031535408,0.010054066982569762,3.566318594899343,1
3.190887975702436,-1.004898174523839,9.452729088343435,0.998,2.7143846153846156,2050.0,-0.000492381240758,0.0061052936364571,0.7157667659942707,discharge,0.7481049132072195,0.010053814340597728,3.566186475237992,1
3.1903955944616778,-1.0051298621927178,9.458834381979896,0.998,2.713846153846154,2051.0,-0.0004923812407584,0.0061052936364589,0.7156271646245217,discharge,0.7479811947431478,0.010053689356042518,3.566054285327401,1
3.1899032132209197,-1.0053615498615969,9.464939675616357,0.998,2.7133076923076924,2052.0,-0.000492381240758,0.0061052936364589,0.7154875310759299,discharge,0.7478574477613258,0.01005368568669836,3.5659220315834137,1
3.1894108319801613,-1.005593237530476,9.471044969252814,0.998,2.712769230769231,2053.0,-0.0004923812407584,0.0061052936364589,0.715347865348495,discharge,0.7477336722617532,0.010053797305449478,3.565789720106586,1
3.1889184507394033,-1.0058249251993547,9.477150262889271,0.998,2.7122307692307692,2054.0,-0.000492381240758,0.0061052936364571,0.7152081674422175,discharge,0.7476098682444303,0.010054018484615953,3.5656573566978835,1
3.188426069498645,-1.0060566128682338,9.48325555652573,0.998,2.711692307692308,2055.0,-0.0004923812407584,0.0061052936364589,0.7150684373570968,discharge,0.747486035709357,0.01005434378107732,3.5655249468735013,1
3.187933688257887,-1.0062883005371128,9.489360850162187,0.998,2.7111538461538465,2056.0,-0.000492381240758,0.0061052936364589,0.7149286750931334,discharge,0.7473621746565333,0.010054768022135235,3.5653924958790633,1
3.1874413070171284,-1.0065199882059916,9.495466143798648,0.998,2.7106153846153846,2057.0,-0.0004923812407584,0.0061052936364589,0.714788880650327,discharge,0.7472382850859592,0.010055286292078525,3.56526000870299,1
3.1869489257763703,-1.006751675874871,9.501571437435103,0.998,2.7100769230769233,2058.0,-0.000492381240758,0.0061052936364571,0.7146490540286776,discharge,0.7471143669976347,0.010055893919415674,3.5651274900893264,1
3.186456544535612,-1.0069833635437495,9.507676731071564,0.998,2.7095384615384615,2059.0,-0.0004923812407584,0.0061052936364589,0.7145091952281855,discharge,0.7469904203915597,0.010056586464741652,3.5649949445498237,1
3.185964163294854,-1.0072150512126286,9.513782024708023,0.998,2.709,2060.0,-0.000492381240758,0.0061052936364589,0.7143693042488504,discharge,0.7468664452677344,0.01005735970920751,3.5648623763755114,1
3.1855232985372637,-1.0070905327705404,9.515950441607137,0.998,2.7085714285714286,2061.0,-0.0004408647575901,0.0021684168991118,0.7142294305637433,discharge,0.746742485470516,0.010058032675196452,3.5647371356629907,1
3.185082433779674,-1.0069660143284522,9.518118858506249,0.998,2.708142857142857,2062.0,-0.0004408647575897,0.0021684168991136,0.7140895741728643,discharge,0.7466185409999048,0.010058610344688768,3.5646120932871623,1
3.1846415690220837,-1.006841495886364,9.52028727540536,0.998,2.7077142857142857,2063.0,-0.0004408647575901,0.0021684168991118,0.7139497350762134,discharge,0.7464946118559005,0.010059097452152735,3.564487244492432,1
3.1842007042644935,-1.006716977444276,9.522455692304472,0.998,2.7072857142857143,2064.0,-0.0004408647575901,0.0021684168991118,0.7138099132737906,discharge,0.7463706980385032,0.010059498496841377,3.5643625847582046,1
3.183759839506904,-1.0065924590021875,9.524624109203586,0.998,2.706857142857143,2065.0,-0.0004408647575897,0.0021684168991136,0.7136701087655959,discharge,0.746246799547713,0.010059817754478296,3.5642381097871922,1
3.1833189747493136,-1.0064679405600996,9.526792526102698,0.998,2.7064285714285714,2066.0,-0.0004408647575901,0.0021684168991118,0.7135303215516292,discharge,0.7461229163835298,0.010060059288362939,3.5641138154943386,1
3.182878109991724,-1.0063434221180114,9.528960943001811,0.998,2.706,2067.0,-0.0004408647575897,0.0021684168991136,0.7133905516318906,discharge,0.7459990485459536,0.010060226959924135,3.563989697996205,1
3.1824372452341336,-1.0062189036759233,9.531129359900923,0.998,2.7055714285714285,2068.0,-0.0004408647575901,0.0021684168991118,0.7132507990063801,discharge,0.7458751960349844,0.010060324438749331,3.563865753601004,1
3.181996380476543,-1.006094385233835,9.533297776800037,0.998,2.705142857142857,2069.0,-0.0004408647575901,0.0021684168991118,0.7131110636750977,discharge,0.7457513588506223,0.010060355212115535,3.5637419787990456,1
3.1815555157189537,-1.005969866791747,9.535466193699149,0.998,2.7047142857142856,2070.0,-0.0004408647575897,0.0021684168991136,0.7129713456380432,discharge,0.7456275369928671,0.010060322594046777,3.5636183702536495,1
3.1811146509613635,-1.0058453483496588,9.53763461059826,0.998,2.704285714285714,2071.0,-0.0004408647575901,0.0021684168991118,0.7128316448952168,discharge,0.745503730461719,0.01006022973392156,3.5634949247925913,1
3.1806737862037733,-1.0057208299075706,9.539803027497372,0.998,2.7038571428571427,2072.0,-0.0004408647575901,0.0021684168991118,0.7126919614466185,discharge,0.7453799392571779,0.010060079624652694,3.5633716393998816,1
3.1802329214461835,-1.0055963114654825,9.541971444396486,0.998,2.7034285714285713,2073.0,-0.0004408647575897,0.0021684168991136,0.7125522952922483,discharge,0.7452561633792438,0.010059875110460734,3.5632485112080414,1
3.1797920566885933,-1.0054717930233943,9.544139861295598,0.998,2.703,2074.0,-0.0004408647575901,0.0021684168991118,0.7124126464321062,discharge,0.7451324028279168,0.010059618894261229,3.5631255374906323,1
3.1793042012455497,-1.0054024409640527,9.549740585871954,0.998,2.7025384615384613,2075.0,-0.0004878554430436,0.0056007245763556,0.7122730072041945,discharge,0.7450086508129298,0.01005934095214467,3.563001578029594,1
3.1788163458025065,-1.0053330889047112,9.55534131044831,0.998,2.702076923076923,2076.0,-0.0004878554430431,0.0056007245763556,0.7121333776085133,discharge,0.7448849073342828,0.010059042363486155,3.5628777350636485,1
3.178328490359463,-1.0052637368453696,9.560942035024665,0.998,2.7016153846153843,2077.0,-0.0004878554430436,0.0056007245763556,0.7119937576450626,discharge,0.7447611723919758,0.010058724154035855,3.562754007557242,1
3.177840634916419,-1.005194384786028,9.56654275960102,0.998,2.7011538461538462,2078.0,-0.0004878554430436,0.0056007245763556,0.7118541473138422,discharge,0.7446374459860088,0.010058387298583188,3.5626303945255997,1
3.177352779473376,-1.0051250327266863,9.572143484177376,0.998,2.7006923076923077,2079.0,-0.0004878554430431,0.0056007245763556,0.7117145466148525,discharge,0.7445137281163818,0.010058032723488614,3.562506895032153,1
3.1768649240303324,-1.005055680667345,9.577744208753732,0.998,2.700230769230769,2080.0,-0.0004878554430436,0.0056007245763556,0.7115749555480931,discharge,0.7443900187830949,0.010057661309089666,3.5623835081861497,1
3.1763770685872887,-1.0049863286080036,9.583344933330086,0.998,2.6997692307692307,2081.0,-0.0004878554430436,0.0056007245763538,0.7114353741135643,discharge,0.744266317986148,0.010057273891987429,3.562260233140357,1
3.175889213144245,-1.004916976548662,9.58894565790644,0.998,2.699307692307692,2082.0,-0.0004878554430436,0.0056007245763556,0.7112958023112659,discharge,0.744142625725541,0.010056871267219429,3.5621370690888874,1
3.175401357701202,-1.0048476244893203,9.594546382482797,0.998,2.6988461538461537,2083.0,-0.0004878554430431,0.0056007245763556,0.7111562401411978,discharge,0.744018942001274,0.010056454190324577,3.5620140152651687,1
3.1749135022581583,-1.004778272429979,9.600147107059152,0.998,2.6983846153846156,2084.0,-0.0004878554430436,0.0056007245763556,0.7110166876033603,discharge,0.7438952668133472,0.010056023379305511,3.56189107093992,1
3.174425646815114,-1.0047089203706374,9.605747831635508,0.998,2.697923076923077,2085.0,-0.0004878554430436,0.0056007245763556,0.7108771446977533,discharge,0.7437716001617602,0.010055579516493461,3.5617682354193403,1
3.173937791372071,-1.004639568311296,9.611348556211864,0.998,2.6974615384615386,2086.0,-0.0004878554430431,0.0056007245763556,0.7107376114243767,discharge,0.7436479420465134,0.010055123250320444,3.561645508043315,1
3.173449935929028,-1.0045702162519543,9.61694928078822,0.998,2.697,2087.0,-0.0004878554430436,0.0056007245763556,0.7105980877832306,discharge,0.7435242924676065,0.010054655197003437,3.5615228881837453,1
3.1729884568199,-1.004748772997743,9.622086458423835,0.998,2.6964615384615387,2088.0,-0.0004614791091279,0.0051371776356177,0.7104585393425364,discharge,0.7434006209106776,0.010054299106837741,3.561395263216323,1
3.172526977710772,-1.0049273297435313,9.627223636059451,0.998,2.695923076923077,2089.0,-0.0004614791091279,0.0051371776356159,0.7103189661022944,discharge,0.7432769273757265,0.01005404941733148,3.561267596931868,1
3.172065498601644,-1.00510588648932,9.63236081369507,0.998,2.6953846153846155,2090.0,-0.0004614791091279,0.0051371776356177,0.7101793680625041,discharge,0.7431532118627533,0.01005390084234545,3.5611398946685333,1
3.171604019492516,-1.0052844432351085,9.637497991330688,0.998,2.6948461538461537,2091.0,-0.0004614791091279,0.0051371776356159,0.7100397452231659,discharge,0.7430294743717579,0.010053848358363511,3.5610121615016532,1
3.171142540383388,-1.0054629999808968,9.642635168966304,0.998,2.6943076923076923,2092.0,-0.0004614791091279,0.0051371776356177,0.7099000975842797,discharge,0.7429057149027405,0.010053887191445104,3.560884402256805,1
3.17068106127426,-1.0056415567266854,9.647772346601922,0.998,2.693769230769231,2093.0,-0.0004614791091279,0.0051371776356177,0.7097604251458455,discharge,0.742781933455701,0.01005401280482596,3.5607566215221818,1
3.1702195821651324,-1.005820113472474,9.652909524237538,0.998,2.693230769230769,2094.0,-0.0004614791091275,0.0051371776356159,0.7096207279078632,discharge,0.7426581300306393,0.010054220887134849,3.560628823660412,1
3.1697581030560045,-1.0059986702182626,9.658046701873156,0.998,2.6926923076923077,2095.0,-0.0004614791091279,0.0051371776356177,0.7094810058703329,discharge,0.7425343046275555,0.010054507341195716,3.560501012819696,1
3.1692966239468765,-1.006177226964051,9.663183879508772,0.998,2.6921538461538463,2096.0,-0.0004614791091279,0.0051371776356177,0.7093412590332546,discharge,0.7424104572464496,0.010054868273386166,3.5603731929445224,1
3.1688351448377485,-1.0063557837098396,9.66832105714439,0.998,2.6916153846153845,2097.0,-0.0004614791091279,0.0051371776356159,0.7092014873966281,discharge,0.7422865878873216,0.010055299983524613,3.5602453677857335,1
3.168373665728621,-1.0065343404556282,9.673458234780009,0.998,2.691076923076923,2098.0,-0.0004614791091279,0.0051371776356177,0.7090616909604538,discharge,0.7421626965501715,0.010055798955259864,3.560117540910128,1
3.1679121866194926,-1.0067128972014163,9.678595412415625,0.998,2.6905384615384613,2099.0,-0.0004614791091279,0.0051371776356159,0.7089218697247314,discharge,0.7420387832349993,0.010056361846938155,3.55998971570963,1
3.1674507075103646,-1.0068914539472051,9.68373259005124,0.998,2.69,2100.0,-0.0004614791091279,0.0051371776356177,0.708782023689461,discharge,0.741914847941805,0.010056985482923936,3.5598618954099495,1
3.167025345739647,-1.0067757866207891,9.68373224046348,0.998,2.6895714285714285,2101.0,-0.0004253617707177,-3.495877614057008e-07,0.708642193719097,discharge,0.74179092688576,0.010057520670561995,3.559740149821318,1
3.166599983968929,-1.0066601192943732,9.683731890875718,0.998,2.689142857142857,2102.0,-0.0004253617707177,-3.495877614057008e-07,0.7085023798136394,discharge,0.7416670200668644,0.010057971804094635,3.559618590040925,1
3.166174622198212,-1.0065444519679572,9.683731541287957,0.998,2.6887142857142856,2103.0,-0.0004253617707172,-3.495877614057008e-07,0.7083625819730883,discharge,0.7415431274851181,0.010058343059451818,3.5594972118655197,1
3.165749260427494,-1.006428784641541,9.683731191700195,0.998,2.688285714285714,2104.0,-0.0004253617707177,-3.4958775962934396e-07,0.7082228001974435,discharge,0.7414192491405212,0.010058638405097246,3.559376011299113,1
3.1653238986567764,-1.006313117315125,9.683730842112436,0.998,2.6878571428571427,2105.0,-0.0004253617707177,-3.495877614057008e-07,0.7080830344867054,discharge,0.7412953850330736,0.010058861612335587,3.5592549845426498,1
3.1648985368860587,-1.006197449988709,9.683730492524674,0.998,2.6874285714285713,2106.0,-0.0004253617707177,-3.495877614057008e-07,0.7079432848408737,discharge,0.7411715351627753,0.010059016265107617,3.5591341279842594,1
3.164473175115341,-1.006081782662293,9.683730142936913,0.998,2.687,2107.0,-0.0004253617707177,-3.495877614057008e-07,0.7078035512599483,discharge,0.7410476995296265,0.010059105769298731,3.559013438189897,1
3.1640478133446237,-1.005966115335877,9.683729793349151,0.998,2.686571428571429,2108.0,-0.0004253617707172,-3.495877614057008e-07,0.7076638337439294,discharge,0.7409238781336269,0.010059133361584994,3.5588929118945565,1
3.163622451573906,-1.005850448009461,9.68372944376139,0.998,2.6861428571428574,2109.0,-0.0004253617707177,-3.495877614057008e-07,0.707524132292817,discharge,0.7408000709747767,0.010059102117839707,3.5587725459938047,1
3.1631970898031883,-1.005734780683045,9.683729094173628,0.998,2.685714285714286,2110.0,-0.0004253617707177,-3.495877614057008e-07,0.7073844469066111,discharge,0.7406762780530759,0.010059014961122319,3.5586523375358166,1
3.1627717280324705,-1.0056191133566288,9.683728744585869,0.998,2.6852857142857145,2111.0,-0.0004253617707177,-3.4958775962934396e-07,0.7072447775853115,discharge,0.7405524993685244,0.010058874669270445,3.558532283713805,1
3.1623463662617532,-1.0055034460302128,9.683728394998107,0.998,2.684857142857143,2112.0,-0.0004253617707172,-3.495877614057008e-07,0.7071051243289184,discharge,0.7404287349211223,0.010058683882114694,3.558412381858772,1
3.1619210044910355,-1.0053877787037968,9.683728045410346,0.998,2.6844285714285716,2113.0,-0.0004253617707177,-3.495877614057008e-07,0.7069654871374318,discharge,0.7403049847108695,0.010058445108335059,3.5582926294326684,1
3.161495642720318,-1.0052721113773808,9.683727695822585,0.998,2.684,2114.0,-0.0004253617707177,-3.495877614057008e-07,0.7068258660108515,discharge,0.740181248737766,0.010058160731976667,3.558173024021899,1
3.1610289854805633,-1.0053094909511964,9.69012723827488,0.998,2.6835384615384617,2115.0,-0.0004666572397544,0.0063995424522946,0.7066862396926639,discharge,0.7400575081637214,0.010057909054563392,3.558050407772374,1
3.160562328240809,-1.005346870525012,9.696526780727172,0.998,2.683076923076923,2116.0,-0.0004666572397544,0.0063995424522929,0.7065466081828687,discharge,0.7399337629887355,0.010057688451564177,3.5579278432565493,1
3.1600956710010544,-1.0053842500988277,9.702926323179469,0.998,2.6826153846153846,2117.0,-0.0004666572397544,0.0063995424522946,0.7064069714814661,discharge,0.7398100132128083,0.010057497379157027,3.55780533202796,1
3.1596290137613,-1.0054216296726428,9.709325865631762,0.998,2.682153846153846,2118.0,-0.0004666572397544,0.0063995424522946,0.7062673295884561,discharge,0.7396862588359399,0.010057334370219263,3.557682875563249,1
3.1591623565215454,-1.0054590092464584,9.715725408084054,0.998,2.6816923076923076,2119.0,-0.0004666572397544,0.0063995424522929,0.7061276825038385,discharge,0.7395624998581302,0.01005719803051699,3.5575604752659493,1
3.158695699281791,-1.005496388820274,9.72212495053635,0.998,2.681230769230769,2120.0,-0.0004666572397544,0.0063995424522946,0.7059880302276135,discharge,0.7394387362793792,0.010057087035083878,3.5574381324701316,1
3.158229042042036,-1.0055337683940897,9.728524492988644,0.998,2.680769230769231,2121.0,-0.0004666572397549,0.0063995424522946,0.7058483727597811,discharge,0.7393149680996869,0.010057000124779846,3.55731584844384,1
3.1577623848022816,-1.005571147967905,9.73492403544094,0.998,2.6803076923076925,2122.0,-0.0004666572397544,0.0063995424522946,0.705708710100341,discharge,0.7391911953190534,0.010056936103020723,3.5571936243923514,1
3.157295727562527,-1.0056085275417206,9.741323577893231,0.998,2.679846153846154,2123.0,-0.0004666572397544,0.0063995424522929,0.7055690422492935,discharge,0.7390674179374787,0.010056893832670371,3.5570714614612955,1
3.1568290703227726,-1.005645907115536,9.747723120345526,0.998,2.6793846153846155,2124.0,-0.0004666572397544,0.0063995424522946,0.7054293692066386,discharge,0.7389436359549626,0.010056872233087233,3.5569493607396043,1
3.156362413083018,-1.0056832866893517,9.75412266279782,0.998,2.678923076923077,2125.0,-0.0004666572397544,0.0063995424522946,0.7052896909723761,discharge,0.7388198493715052,0.010056870277317588,3.5568273232623215,1
3.1558957558432637,-1.005720666263167,9.760522205250114,0.998,2.6784615384615384,2126.0,-0.0004666572397544,0.0063995424522929,0.7051500075465063,discharge,0.7386960581871067,0.010056886989428268,3.556705350013262,1
3.155429098603509,-1.0057580458369826,9.766921747702408,0.998,2.678,2127.0,-0.0004666572397544,0.0063995424522946,0.7050103189290289,discharge,0.7385722624017669,0.01005692144197188,3.556583441927551,1
3.155021037797791,-1.0058048550317484,9.769765831705245,0.998,2.6775714285714285,2128.0,-0.0004080608057179,0.0028440840028345,0.7048706238102744,discharge,0.7384484608548216,0.010056977438350528,3.5564614054824486,1
3.1546129769920728,-1.0058516642265145,9.77260991570808,0.998,2.677142857142857,2129.0,-0.0004080608057184,0.0028440840028363,0.704730922190243,discharge,0.7383246535462709,0.010057053908235218,3.5563394303504183,1
3.1542049161863543,-1.00589847342128,9.775453999710916,0.998,2.6767142857142856,2130.0,-0.0004080608057184,0.0028440840028363,0.7045912140689345,discharge,0.7382008404761147,0.010057149834472449,3.5562175175581667,1
3.1537968553806364,-1.005945282616046,9.77829808371375,0.998,2.676285714285714,2131.0,-0.0004080608057179,0.0028440840028345,0.7044514994463489,discharge,0.7380770216443531,0.010057264250442387,3.556095668081631,1
3.1533887945749184,-1.0059920918108118,9.781142167716585,0.998,2.6758571428571427,2132.0,-0.0004080608057179,0.0028440840028345,0.7043117783224864,discharge,0.737953197050986,0.010057396237548272,3.5559738828485288,1
3.1529807337692,-1.0060389010055777,9.78398625171942,0.998,2.6754285714285713,2133.0,-0.0004080608057184,0.0028440840028363,0.7041720506973467,discharge,0.7378293666960136,0.010057544922830565,3.555852162740747,1
3.1525726729634815,-1.0060857102003435,9.786830335722255,0.998,2.675,2134.0,-0.0004080608057184,0.0028440840028363,0.7040323165709299,discharge,0.7377055305794357,0.010057709476699624,3.5557305085965933,1
3.1521646121577636,-1.0061325193951094,9.789674419725092,0.998,2.674571428571429,2135.0,-0.0004080608057179,0.0028440840028345,0.7038925759432362,discharge,0.7375816887012523,0.010057889110781024,3.5556089212129653,1
3.1517565513520456,-1.0061793285898752,9.792518503727926,0.998,2.674142857142858,2136.0,-0.0004080608057179,0.0028440840028345,0.7037528288142654,discharge,0.7374578410614635,0.010058083075867927,3.55548740134738,1
3.151348490546327,-1.006226137784641,9.795362587730764,0.998,2.673714285714286,2137.0,-0.0004080608057184,0.0028440840028363,0.7036130751840175,discharge,0.7373339876600693,0.010058290659975178,3.5553659497199357,1
3.1509404297406087,-1.006272946979407,9.7982066717336,0.998,2.6732857142857145,2138.0,-0.0004080608057184,0.0028440840028363,0.7034733150524926,discharge,0.7372101284970697,0.010058511186490078,3.5552445670151585,1
3.1505323689348907,-1.0063197561741728,9.801050755736432,0.998,2.672857142857143,2139.0,-0.0004080608057179,0.0028440840028345,0.7033335484196905,discharge,0.7370862635724645,0.010058744012415027,3.5551232538837496,1
3.1501243081291728,-1.0063665653689386,9.803894839739268,0.998,2.6724285714285716,2140.0,-0.0004080608057179,0.0028440840028345,0.7031937752856116,discharge,0.736962392886254,0.010058988526697482,3.555002010944273,1
3.1497162473234543,-1.0064133745637045,9.806738923742104,0.998,2.672,2141.0,-0.0004080608057184,0.0028440840028363,0.7030539956502555,discharge,0.736838516438438,0.010059244148642876,3.5548808387847157,1
3.149255353662878,-1.0063918870296449,9.811313638342472,0.998,2.6715384615384616,2142.0,-0.0004608936605765,0.004574714600368,0.7029142189992792,discharge,0.736714642635459,0.010059476395600158,3.554761145962564,1
3.1487944600023012,-1.006370399495585,9.81588835294284,0.998,2.671076923076923,2143.0,-0.0004608936605765,0.0045747146003662,0.7027744453326825,discharge,0.7365907714773172,0.010059686428872665,3.5546415653710306,1
3.1483335663417247,-1.0063489119615252,9.820463067543209,0.998,2.6706153846153846,2144.0,-0.0004608936605765,0.004574714600368,0.7026346746504657,discharge,0.7364669029640124,0.010059875352068502,3.5545220958953876,1
3.147872672681148,-1.0063274244274656,9.825037782143577,0.998,2.670153846153846,2145.0,-0.0004608936605765,0.004574714600368,0.7024949069526285,discharge,0.7363430370955446,0.010060044213966923,3.554402736475569,1
3.1474117790205716,-1.0063059368934058,9.82961249674394,0.998,2.6696923076923076,2146.0,-0.0004608936605765,0.0045747146003662,0.7023551422391711,discharge,0.7362191738719139,0.010060194011242298,3.5542834861033774,1
3.146950885359995,-1.006284449359346,9.83418721134431,0.998,2.669230769230769,2147.0,-0.0004608936605765,0.004574714600368,0.7022153805100934,discharge,0.7360953132931203,0.010060325691052778,3.5541643438199575,1
3.146489991699418,-1.0062629618252863,9.838761925944675,0.998,2.668769230769231,2148.0,-0.0004608936605769,0.004574714600368,0.7020756217653954,discharge,0.7359714553591638,0.010060440153500314,3.554045308713302,1
3.1460290980388415,-1.0062414742912265,9.843336640545044,0.998,2.6683076923076925,2149.0,-0.0004608936605765,0.004574714600368,0.7019358660050772,discharge,0.7358476000700442,0.01006053825396849,3.5539263799159184,1
3.145568204378265,-1.0062199867571666,9.847911355145412,0.998,2.667846153846154,2150.0,-0.0004608936605765,0.0045747146003662,0.7017961132291388,discharge,0.7357237474257617,0.010060620805344188,3.553807556602627,1
3.1451073107176883,-1.006198499223107,9.85248606974578,0.998,2.6673846153846155,2151.0,-0.0004608936605765,0.004574714600368,0.70165636343758,discharge,0.7355998974263164,0.010060688580128896,3.553688837988411,1
3.144646417057112,-1.0061770116890472,9.857060784346148,0.998,2.666923076923077,2152.0,-0.0004608936605765,0.004574714600368,0.701516616630401,discharge,0.735476050071708,0.010060742312445102,3.5535702233264534,1
3.1441855233965352,-1.0061555241549875,9.861635498946514,0.998,2.6664615384615384,2153.0,-0.0004608936605765,0.0045747146003662,0.7013768728076016,discharge,0.7353522053619368,0.010060782699943023,3.5534517119062063,1
3.1437246297359587,-1.0061340366209277,9.866210213546882,0.998,2.666,2154.0,-0.0004608936605765,0.004574714600368,0.7012371319691821,discharge,0.7352283632970026,0.010060810405612602,3.5533333030515823,1
3.143277124493102,-1.006180378980579,9.868592975647596,0.998,2.6656153846153847,2155.0,-0.0004475052428567,0.0023827621007139,0.7010973846943237,discharge,0.7351045155279243,0.010060859758381254,3.5532135978215122,1
3.1428296192502456,-1.0062267213402305,9.87097573774831,0.998,2.665230769230769,2156.0,-0.0004475052428563,0.0023827621007139,0.7009576309830264,discharge,0.7349806620547019,0.010060929682789673,3.553093953893508,1
3.142382114007389,-1.0062730636998811,9.873358499849022,0.998,2.664846153846154,2157.0,-0.0004475052428567,0.0023827621007121,0.7008178708352903,discharge,0.7348568028773355,0.010061019156808935,3.5529743722935607,1
3.141934608764532,-1.0063194060595326,9.875741261949736,0.998,2.664461538461538,2158.0,-0.0004475052428567,0.0023827621007139,0.7006781042511154,discharge,0.734732937995825,0.010061127209185996,3.552854853996697,1
3.141487103521676,-1.006365748419184,9.87812402405045,0.998,2.664076923076923,2159.0,-0.0004475052428563,0.0023827621007139,0.7005383312305016,discharge,0.7346090674101703,0.010061252916921073,3.552735399929476,1
3.141039598278819,-1.0064120907788352,9.880506786151164,0.998,2.663692307692308,2160.0,-0.0004475052428567,0.0023827621007139,0.700398551773449,discharge,0.7344851911203716,0.010061395402870354,3.552616010972413,1
3.1405920930359623,-1.0064584331384865,9.882889548251876,0.998,2.663307692307692,2161.0,-0.0004475052428567,0.0023827621007121,0.7002587658799575,discharge,0.7343613091264288,0.010061553833467803,3.552496687962243,1
3.1401445877931056,-1.0065047754981375,9.88527231035259,0.998,2.662923076923077,2162.0,-0.0004475052428567,0.0023827621007139,0.7001189735500273,discharge,0.7342374214283419,0.010061727416560154,3.552377431694094,1
3.1396970825502493,-1.0065511178577888,9.887655072453304,0.998,2.6625384615384617,2163.0,-0.0004475052428563,0.0023827621007139,0.6999791747836581,discharge,0.734113528026111,0.010061915399349464,3.5522582429235094,1
3.1392495773073925,-1.00659746021744,9.890037834554018,0.998,2.662153846153846,2164.0,-0.0004475052428567,0.0023827621007139,0.69983936958085,discharge,0.733989628919736,0.01006211706643789,3.552139122368466,1
3.138802072064536,-1.0066438025770912,9.89242059665473,0.998,2.661769230769231,2165.0,-0.0004475052428567,0.0023827621007121,0.6996995579416032,discharge,0.7338657241092168,0.010062331737969587,3.5520200707111886,1
3.1383545668216795,-1.0066901449367425,9.894803358755444,0.998,2.6613846153846152,2166.0,-0.0004475052428563,0.0023827621007139,0.6995597398659177,discharge,0.7337418135945536,0.010062558767864938,3.5519010885999203,1
3.1379070615788227,-1.0067364872963938,9.897186120856158,0.998,2.661,2167.0,-0.0004475052428567,0.0023827621007139,0.6994199153537931,discharge,0.7336178973757463,0.010062797542142496,3.551782176650609,1
3.1374872226044146,-1.0065889842509976,9.902950029549135,0.998,2.6605714285714286,2168.0,-0.0004198389744081,0.0057639086929768,0.6992801113282028,discharge,0.7334939993126529,0.010062951172113341,3.5516673313084497,1
3.1370673836300065,-1.0064414812056015,9.908713938242114,0.998,2.660142857142857,2169.0,-0.0004198389744081,0.0057639086929786,0.6991403277891464,discharge,0.7333701194052734,0.01006302388787022,3.551552671386397,1
3.1366475446555984,-1.0062939781602056,9.914477846935092,0.998,2.6597142857142857,2170.0,-0.0004198389744081,0.0057639086929786,0.6990005647366242,discharge,0.7332462576536078,0.010063019709348735,3.5514381928154575,1
3.1362277056811907,-1.0061464751148097,9.92024175562807,0.998,2.6592857142857143,2171.0,-0.0004198389744076,0.0057639086929768,0.698860822170636,discharge,0.7331224140576562,0.010062942456768248,3.551323891726202,1
3.1358078667067826,-1.0059989720694134,9.926005664321046,0.998,2.658857142857143,2172.0,-0.0004198389744081,0.0057639086929768,0.6987211000911819,discharge,0.7329985886174185,0.010062795760554081,3.5512097644387906,1
3.1353880277323745,-1.0058514690240177,9.931769573014025,0.998,2.6584285714285714,2173.0,-0.0004198389744081,0.0057639086929786,0.6985813984982618,discharge,0.7328747813328947,0.010062583070766755,3.55109580745359,1
3.1349681887579663,-1.005703965978621,9.937533481707003,0.998,2.658,2174.0,-0.0004198389744081,0.0057639086929786,0.698441717391876,discharge,0.7327509922040848,0.010062307666062776,3.5509820174421542,1
3.1345483497835582,-1.0055564629332252,9.94329739039998,0.998,2.6575714285714285,2175.0,-0.0004198389744081,0.0057639086929768,0.6983020567720242,discharge,0.7326272212309888,0.010061972662210237,3.550868391238795,1
3.13412851080915,-1.0054089598878293,9.949061299092955,0.998,2.657142857142857,2176.0,-0.0004198389744081,0.0057639086929768,0.6981624166387064,discharge,0.7325034684136067,0.010061581020181348,3.5507549258324076,1
3.133708671834742,-1.0052614568424332,9.954825207785936,0.998,2.6567142857142856,2177.0,-0.0004198389744081,0.0057639086929786,0.6980227969919226,discharge,0.7323797337519385,0.010061135553842923,3.5506416183588123,1
3.1332888328603343,-1.005113953797037,9.960589116478914,0.998,2.656285714285714,2178.0,-0.0004198389744076,0.0057639086929786,0.6978831978316731,discharge,0.7322560172459843,0.010060638937264789,3.5505284660934575,1
3.132868993885926,-1.004966450751641,9.966353025171893,0.998,2.6558571428571427,2179.0,-0.0004198389744081,0.0057639086929768,0.6977436191579576,discharge,0.7321323188957439,0.0100600937116651,3.550415466444471,1
3.132449154911518,-1.004818947706245,9.972116933864868,0.998,2.6554285714285712,2180.0,-0.0004198389744081,0.0057639086929768,0.6976040609707761,discharge,0.7320086387012175,0.010059502292010603,3.5503026169460394,1
3.13202931593711,-1.004671444660849,9.977880842557846,0.998,2.655,2181.0,-0.0004198389744081,0.0057639086929786,0.6974645232701289,discharge,0.7318849766624049,0.010058866973288996,3.5501899152521674,1
3.1315856440682124,-1.0048765091620926,9.981513556527077,0.998,2.6545384615384613,2182.0,-0.0004436718688975,0.0036327139692282,0.6973249570883008,discharge,0.731761289382809,0.010058365097144471,3.5500700918563473,1
3.1311419721993152,-1.0050815736633365,9.985146270496305,0.998,2.654076923076923,2183.0,-0.0004436718688971,0.0036327139692282,0.6971853624252919,discharge,0.7316375768624297,0.010057990033956103,3.5499502047791442,1
3.1306983003304176,-1.0052866381645795,9.988778984465531,0.998,2.6536153846153843,2184.0,-0.0004436718688975,0.0036327139692282,0.6970457392811025,discharge,0.731513839101267,0.010057735483472155,3.5498302603605953,1
3.13025462846152,-1.0054917026658234,9.992411698434758,0.998,2.653153846153846,2185.0,-0.0004436718688975,0.0036327139692264,0.6969060876557323,discharge,0.7313900760993209,0.010057595458446545,3.549710264627553,1
3.129810956592623,-1.0056967671670671,9.996044412403986,0.998,2.6526923076923077,2186.0,-0.0004436718688971,0.0036327139692282,0.6967664075491813,discharge,0.7312662878565914,0.010057564269088265,3.5495902233092003,1
3.1293672847237253,-1.0059018316683108,9.999677126373214,0.998,2.652230769230769,2187.0,-0.0004436718688975,0.0036327139692282,0.6966266989614496,discharge,0.7311424743730786,0.01005763650828338,3.5494701418518586,1
3.1289236128548277,-1.0061068961695545,10.003309840342444,0.998,2.6517692307692307,2188.0,-0.0004436718688975,0.0036327139692282,0.6964869618925371,discharge,0.7310186356487823,0.01005780703755123,3.5493500254329935,1
3.12847994098593,-1.006311960670798,10.00694255431167,0.998,2.651307692307692,2189.0,-0.0004436718688975,0.0036327139692282,0.6963471963424439,discharge,0.7308947716837026,0.010058070973698327,3.5492298789746064,1
3.128036269117033,-1.0065170251720417,10.0105752682809,0.998,2.6508461538461536,2190.0,-0.0004436718688971,0.0036327139692282,0.69620740231117,discharge,0.7307708824778396,0.010058423676135329,3.549109707155883,1
3.1275925972481353,-1.0067220896732854,10.014207982250126,0.998,2.6503846153846156,2191.0,-0.0004436718688975,0.0036327139692264,0.6960675797987155,discharge,0.7306469680311932,0.010058860734824105,3.548989514425248,1
3.1271489253792377,-1.0069271541745288,10.017840696219354,0.998,2.649923076923077,2192.0,-0.0004436718688975,0.0036327139692282,0.69592772880508,discharge,0.7305230283437634,0.010059377958823622,3.5488693050118507,1
3.126705253510341,-1.0071322186757723,10.021473410188582,0.998,2.6494615384615385,2193.0,-0.0004436718688971,0.0036327139692282,0.6957878493302639,discharge,0.7303990634155502,0.010059971365404877,3.5487490829364057,1
3.126261581641443,-1.0073372831770162,10.02510612415781,0.998,2.649,2194.0,-0.0004436718688975,0.0036327139692282,0.6956479413742671,discharge,0.7302750732465536,0.01006063716970663,3.548628852021567,1
3.125855681225831,-1.0072298960925894,10.027469423874525,0.998,2.6486428571428573,2195.0,-0.000405900415612,0.0023632997167126,0.6955080483331432,discharge,0.7301510962955159,0.010061216544421924,3.5485150559375156,1
3.1254497808102184,-1.0071225090081626,10.029832723591234,0.998,2.648285714285714,2196.0,-0.0004059004156125,0.0023632997167108,0.695368170206892,discharge,0.730027132562437,0.010061713783498074,3.548401441314958,1
3.125043880394606,-1.0070151219237358,10.032196023307948,0.998,2.6479285714285714,2197.0,-0.0004059004156125,0.0023632997167126,0.6952283069955136,discharge,0.729903182047317,0.010062132967552852,3.548288004029476,1
3.124637979978994,-1.006907734839309,10.03455932302466,0.998,2.6475714285714287,2198.0,-0.000405900415612,0.0023632997167126,0.6950884586990083,discharge,0.7297792447501558,0.01006247797447302,3.54817474015921,1
3.124232079563382,-1.006800347754882,10.036922622741372,0.998,2.647214285714286,2199.0,-0.000405900415612,0.0023632997167126,0.6949486253173756,discharge,0.7296553206709534,0.010062752489486298,3.5480616459747556,1
3.1238261791477693,-1.006692960670455,10.039285922458085,0.998,2.646857142857143,2200.0,-0.0004059004156125,0.0023632997167108,0.6948088068506157,discharge,0.7295314098097099,0.010062960014732942,3.5479487179296343,1
3.1234202787321568,-1.0065855735860283,10.041649222174795,0.998,2.6465,2201.0,-0.0004059004156125,0.0023632997167126,0.6946690032987288,discharge,0.7294075121664252,0.010063103878361793,3.547835952651178,1
3.1230143783165447,-1.0064781865016017,10.044012521891508,0.998,2.646142857142858,2202.0,-0.000405900415612,0.0023632997167126,0.6945292146617148,discharge,0.7292836277410993,0.010063187243174437,3.5477233469318867,1
3.1226084779009327,-1.0063707994171749,10.04637582160822,0.998,2.645785714285714,2203.0,-0.000405900415612,0.0023632997167108,0.6943894409395734,discharge,0.7291597565337323,0.010063213114839873,3.5476108977212037,1
3.12220257748532,-1.006263412332748,10.048739121324932,0.998,2.6454285714285715,2204.0,-0.0004059004156125,0.0023632997167126,0.694249682132305,discharge,0.7290358985443242,0.01006318434970111,3.547498602117748,1
3.1217966770697076,-1.0061560252483213,10.051102421041644,0.998,2.6450714285714287,2205.0,-0.0004059004156125,0.0023632997167126,0.6941099382399094,discharge,0.7289120537728748,0.010063103662193887,3.5473864573618337,1
3.1213907766540956,-1.0060486381638944,10.053465720758355,0.998,2.644714285714286,2206.0,-0.000405900415612,0.0023632997167126,0.6939702092623866,discharge,0.7287882222193843,0.010062973631896838,3.547274460828482,1
3.1209848762384835,-1.0059412510794676,10.055829020475068,0.998,2.644357142857143,2207.0,-0.000405900415612,0.0023632997167108,0.6938304951997367,discharge,0.7286644038838527,0.010062796710231383,3.5471626100206857,1
3.120578975822871,-1.0058338639950408,10.05819232019178,0.998,2.644,2208.0,-0.0004059004156125,0.0023632997167126,0.6936907960519596,discharge,0.7285405987662799,0.01006257522682877,3.5470509025630395,1
3.120104331402211,-1.0058773682528357,10.061644357546708,0.998,2.6435384615384616,2209.0,-0.00047464442066,0.0034520373549273,0.6935510908619245,discharge,0.7284167882938966,0.010062386360589842,3.546936226310003,1
3.1196296869815514,-1.0059208725106303,10.065096394901635,0.998,2.643076923076923,2210.0,-0.0004746444206595,0.0034520373549273,0.6934113796296313,discharge,0.7282929724667027,0.010062228491046564,3.5468216007017124,1
3.1191550425608914,-1.0059643767684252,10.068548432256565,0.998,2.6426153846153846,2211.0,-0.00047464442066,0.0034520373549291,0.6932716623550801,discharge,0.7281691512846983,0.010062100078238103,3.5467070272707684,1
3.118680398140232,-1.00600788102622,10.072000469611492,0.998,2.642153846153846,2212.0,-0.0004746444206595,0.0034520373549273,0.693131939038271,discharge,0.7280453247478834,0.010061999658711115,3.54659250747308,1
3.118205753719572,-1.0060513852840147,10.07545250696642,0.998,2.6416923076923076,2213.0,-0.00047464442066,0.0034520373549273,0.6929922096792037,discharge,0.727921492856258,0.010061925841718744,3.5464780426916365,1
3.1177311092989117,-1.0060948895418094,10.078904544321349,0.998,2.641230769230769,2214.0,-0.00047464442066,0.0034520373549273,0.6928524742778785,discharge,0.727797655609822,0.010061877305608456,3.5463636342401412,1
3.117256464878252,-1.0061383937996042,10.082356581676276,0.998,2.640769230769231,2215.0,-0.0004746444206595,0.0034520373549291,0.6927127328342952,discharge,0.7276738130085756,0.01006185279438933,3.5462492833664503,1
3.116781820457592,-1.0061818980573989,10.085808619031203,0.998,2.6403076923076925,2216.0,-0.00047464442066,0.0034520373549273,0.6925729853484539,discharge,0.7275499650525187,0.010061851114469902,3.5461349912558178,1
3.116307176036932,-1.0062254023151938,10.08926065638613,0.998,2.639846153846154,2217.0,-0.00047464442066,0.0034520373549273,0.6924332318203545,discharge,0.7274261117416512,0.010061871131558063,3.5460207590340183,1
3.1158325316162725,-1.0062689065729884,10.092712693741058,0.998,2.639384615384615,2218.0,-0.0004746444206595,0.0034520373549273,0.6922934722499972,discharge,0.7273022530759732,0.01006191176771498,3.5459065877702596,1
3.1153578871956125,-1.0063124108307833,10.096164731095987,0.998,2.638923076923077,2219.0,-0.00047464442066,0.0034520373549291,0.6921537066373818,discharge,0.7271783890554847,0.010061971998555389,3.545792478480015,1
3.114883242774953,-1.006355915088578,10.099616768450916,0.998,2.6384615384615384,2220.0,-0.0004746444206595,0.0034520373549273,0.6920139349825085,discharge,0.7270545196801856,0.010062050850586972,3.5456784321276578,1
3.114408598354293,-1.0063994193463728,10.103068805805842,0.998,2.638,2221.0,-0.00047464442066,0.0034520373549273,0.691874157285377,discharge,0.7269306449500761,0.010062147398681923,3.545564449629024,1
3.1139678680412715,-1.0063925391826845,10.10848064602112,0.998,2.6375384615384614,2222.0,-0.0004407303130213,0.0054118402152791,0.6917343805438239,discharge,0.7268067710668256,0.010062235731962185,3.5454515702254574,1
3.1135271377282505,-1.006385659018996,10.1138924862364,0.998,2.637076923076923,2223.0,-0.0004407303130209,0.0054118402152791,0.691594604757849,discharge,0.7266828980304341,0.010062316258551675,3.5453387857977403,1
3.113086407415229,-1.0063787788553078,10.11930432645168,0.998,2.6366153846153844,2224.0,-0.0004407303130213,0.0054118402152791,0.6914548299274523,discharge,0.7265590258409016,0.010062389366298123,3.5452260959351714,1
3.112645677102208,-1.0063718986916192,10.12471616666696,0.998,2.6361538461538463,2225.0,-0.0004407303130209,0.0054118402152791,0.6913150560526341,discharge,0.7264351544982282,0.010062455423780422,3.5451135002461256,1
3.112204946789187,-1.006365018527931,10.130128006882238,0.998,2.635692307692308,2226.0,-0.0004407303130213,0.0054118402152791,0.6911752831333942,discharge,0.7263112840024137,0.010062514781265927,3.5450009983571023,1
3.111764216476166,-1.0063581383642426,10.135539847097515,0.998,2.6352307692307693,2227.0,-0.0004407303130209,0.0054118402152791,0.6910355111697324,discharge,0.7261874143534582,0.010062567771620203,3.544888589911821,1
3.1113234861631445,-1.0063512582005545,10.140951687312796,0.998,2.6347692307692308,2228.0,-0.0004407303130213,0.0054118402152774,0.690895740161649,discharge,0.7260635455513618,0.010062614711171574,3.5447762745703555,1
3.1108827558501235,-1.006344378036866,10.146363527528074,0.998,2.634307692307692,2229.0,-0.0004407303130209,0.0054118402152791,0.6907559701091439,discharge,0.7259396775961243,0.01006265590053271,3.544664052008289,1
3.110442025537102,-1.0063374978731776,10.151775367743353,0.998,2.6338461538461537,2230.0,-0.0004407303130213,0.0054118402152791,0.690616201012217,discharge,0.7258158104877459,0.010062691625381408,3.544551921915973,1
3.110001295224081,-1.006330617709489,10.157187207958632,0.998,2.6333846153846157,2231.0,-0.0004407303130209,0.0054118402152791,0.6904764328708686,discharge,0.7256919442262265,0.010062722157202579,3.5444398839977542,1
3.10956056491106,-1.0063237375458007,10.162599048173911,0.998,2.632923076923077,2232.0,-0.0004407303130213,0.0054118402152791,0.6903366656850982,discharge,0.7255680788115662,0.010062747753993368,3.5443279379712833,1
3.109119834598039,-1.0063168573821124,10.16801088838919,0.998,2.632461538461538,2233.0,-0.0004407303130209,0.0054118402152791,0.6901968994549064,discharge,0.7254442142437648,0.010062768660933247,3.5442160835668437,1
3.1086791042850175,-1.006309977218424,10.17342272860447,0.998,2.632,2234.0,-0.0004407303130213,0.0054118402152791,0.6900571341802927,discharge,0.7253203505228225,0.010062785111020817,3.54410432052671,1
3.108263434525799,-1.0063013191855452,10.175805232785931,0.998,2.6315714285714287,2235.0,-0.0004156697592185,0.0023825041814635,0.6899173701081835,discharge,0.7251964878675718,0.010062796442407748,3.5439926852426447,1
3.1078477647665803,-1.0062926611526664,10.178187736967397,0.998,2.6311428571428572,2236.0,-0.0004156697592185,0.0023825041814635,0.6897776072385791,discharge,0.7250726262780128,0.010062802909398521,3.543881141877412,1
3.1074320950073617,-1.0062840031197873,10.18057024114886,0.998,2.630714285714286,2237.0,-0.0004156697592185,0.0023825041814635,0.6896378455714791,discharge,0.7249487657541455,0.010062804753663397,3.5437696901635873,1
3.1070164252481436,-1.0062753450869084,10.182952745330324,0.998,2.6302857142857143,2238.0,-0.0004156697592181,0.0023825041814635,0.6894980851068837,discharge,0.7248249062959699,0.010062802204866108,3.5436583298456044,1
3.106600755488925,-1.0062666870540296,10.185335249511787,0.998,2.629857142857143,2239.0,-0.0004156697592185,0.0023825041814635,0.6893583258447928,discharge,0.7247010479034859,0.010062795481260359,3.5435470606790798,1
3.1061850857297064,-1.0062580290211507,10.187717753693253,0.998,2.629428571428571,2240.0,-0.0004156697592185,0.0023825041814635,0.6892185677852066,discharge,0.7245771905766936,0.010062784790256695,3.5434358824303227,1
3.105769415970488,-1.0062493709882716,10.190100257874716,0.998,2.629,2241.0,-0.0004156697592185,0.0023825041814635,0.689078810928125,discharge,0.724453334315593,0.0100627703289612,3.5433247948757467,1
3.1053537462112693,-1.0062407129553927,10.192482762056178,0.998,2.628571428571429,2242.0,-0.0004156697592185,0.0023825041814635,0.6889390552735477,discharge,0.7243294791201841,0.01006275228468745,3.543213797801375,1
3.1049380764520507,-1.006232054922514,10.194865266237642,0.998,2.628142857142857,2243.0,-0.0004156697592185,0.0023825041814635,0.6887993008214752,discharge,0.7242056249904668,0.010062730835443004,3.5431028910023428,1
3.104522406692832,-1.006223396889635,10.197247770419104,0.998,2.6277142857142857,2244.0,-0.0004156697592185,0.0023825041814635,0.6886595475719072,discharge,0.7240817719264413,0.010062706150391747,3.5429920742824628,1
3.104106736933614,-1.0062147388567562,10.199630274600567,0.998,2.6272857142857142,2245.0,-0.0004156697592181,0.0023825041814635,0.6885197955248438,discharge,0.7239579199281074,0.010062678390293258,3.5428813474537613,1
3.1036910671743954,-1.006206080823877,10.202012778782032,0.998,2.626857142857143,2246.0,-0.0004156697592185,0.0023825041814635,0.6883800446802848,discharge,0.7238340689954652,0.010062647707920348,3.542770710336064,1
3.1032753974151768,-1.0061974227909982,10.204395282963496,0.998,2.6264285714285713,2247.0,-0.0004156697592185,0.0023825041814635,0.6882402950382305,discharge,0.7237102191285146,0.010062614248455852,3.5426601627565995,1
3.102859727655958,-1.0061887647581194,10.20677778714496,0.998,2.626,2248.0,-0.0004156697592185,0.0023825041814635,0.6881005465986808,discharge,0.7235863703272558,0.010062578149869711,3.5425497045496357,1
3.102394077758024,-1.0060661988596735,10.213425743072458,0.998,2.625538461538462,2249.0,-0.0004656498979342,0.0066479559274981,0.6879608151821726,discharge,0.7234625366122711,0.01006248295219629,3.5424416828182874,1
3.1019284278600896,-1.005943632961228,10.220073698999954,0.998,2.625076923076923,2250.0,-0.0004656498979342,0.0066479559274963,0.6878211007887057,discharge,0.7233387179835606,0.010062331591564031,3.5423338164118876,1
3.1014627779621553,-1.0058210670627823,10.226721654927452,0.998,2.6246153846153844,2251.0,-0.0004656498979342,0.0066479559274981,0.6876814034182803,discharge,0.7232149144411244,0.01006212685823025,3.5422261024827666,1
3.100997128064221,-1.005698501164337,10.233369610854949,0.998,2.6241538461538463,2252.0,-0.0004656498979342,0.0066479559274963,0.6875417230708964,discharge,0.7230911259849623,0.010061871403828233,3.5421185383217337,1
3.1005314781662867,-1.005575935265891,10.240017566782448,0.998,2.623692307692308,2253.0,-0.0004656498979342,0.0066479559274981,0.687402059746554,discharge,0.7229673526150744,0.010061567748254271,3.5420111213511642,1
3.1000658282683524,-1.0054533693674454,10.246665522709945,0.998,2.6232307692307693,2254.0,-0.0004656498979342,0.0066479559274963,0.687262413445253,discharge,0.7228435943314607,0.010061218286212556,3.541903849118474,1
3.099600178370418,-1.0053308034689996,10.25331347863744,0.998,2.6227692307692307,2255.0,-0.0004656498979342,0.0066479559274981,0.6871227841669934,discharge,0.7227198511341213,0.010060825293434892,3.5417967192898736,1
3.099134528472484,-1.005208237570554,10.259961434564936,0.998,2.622307692307692,2256.0,-0.0004656498979342,0.0066479559274963,0.6869831719117752,discharge,0.722596123023056,0.010060390932591428,3.5416897296444967,1
3.0986688785745495,-1.0050856716721084,10.266609390492436,0.998,2.6218461538461537,2257.0,-0.0004656498979342,0.0066479559274981,0.6868435766795986,discharge,0.7224724099982649,0.010059917258907721,3.541582878068761,1
3.0982032286766152,-1.0049631057736628,10.273257346419932,0.998,2.6213846153846156,2258.0,-0.0004656498979342,0.0066479559274963,0.6867039984704633,discharge,0.722348712059748,0.01005940622550274,3.5414761625510094,1
3.097737578778681,-1.004840539875217,10.27990530234743,0.998,2.620923076923077,2259.0,-0.0004656498979342,0.0066479559274981,0.6865644372843696,discharge,0.7222250292075053,0.010058859688461663,3.5413695811764794,1
3.097271928880746,-1.004717973976771,10.286553258274926,0.998,2.6204615384615386,2260.0,-0.0004656498979342,0.0066479559274963,0.6864248931213173,discharge,0.7221013614415368,0.010058279411656669,3.541263132122464,1
3.0968062789828124,-1.0045954080783257,10.293201214202425,0.998,2.62,2261.0,-0.0004656498979342,0.0066479559274981,0.6862853659813064,discharge,0.7219777087618425,0.010057667071328203,3.5411568136537257,1
3.0963945736842264,-1.0047213412929266,10.295738808677816,0.998,2.6195714285714287,2262.0,-0.0004117052985859,0.00253759447539,0.6861458213505711,discharge,0.721854040581401,0.010057147718405072,3.5410455036524717,1
3.095982868385641,-1.0048472745075274,10.298276403153205,0.998,2.619142857142857,2263.0,-0.0004117052985854,0.00253759447539,0.6860062592291118,discharge,0.7217303569002124,0.010056716733138004,3.5409341767245603,1
3.0955711630870555,-1.004973207722128,10.300813997628596,0.998,2.6187142857142858,2264.0,-0.0004117052985854,0.0025375944753918,0.6858666796169282,discharge,0.7216066577182765,0.010056369725293574,3.540822837263844,1
3.0951594577884696,-1.005099140936729,10.303351592103986,0.998,2.6182857142857143,2265.0,-0.0004117052985859,0.00253759447539,0.6857270825140203,discharge,0.7214829430355935,0.01005610252275153,3.5407114894458873,1
3.0947477524898837,-1.0052250741513298,10.305889186579376,0.998,2.617857142857143,2266.0,-0.0004117052985859,0.00253759447539,0.6855874679203882,discharge,0.7213592128521632,0.010055911160668611,3.54060013723876,1
3.094336047191298,-1.0053510073659306,10.308426781054768,0.998,2.617428571428571,2267.0,-0.0004117052985854,0.00253759447539,0.6854478358360319,discharge,0.7212354671679857,0.010055791871180723,3.5404887844133714,1
3.0939243418927127,-1.0054769405805315,10.310964375530158,0.998,2.617,2268.0,-0.0004117052985854,0.0025375944753918,0.6853081862609511,discharge,0.7211117059830611,0.010055741073616727,3.5403774345532324,1
3.093512636594127,-1.005602873795132,10.313501970005548,0.998,2.6165714285714285,2269.0,-0.0004117052985859,0.00253759447539,0.6851685191951463,discharge,0.7209879292973892,0.010055755365198425,3.5402660910637587,1
3.093100931295541,-1.005728807009733,10.316039564480938,0.998,2.616142857142857,2270.0,-0.0004117052985859,0.00253759447539,0.6850288346386172,discharge,0.7208641371109702,0.01005583151220258,3.540154757181105,1
3.0926892259969554,-1.005854740224334,10.318577158956328,0.998,2.6157142857142857,2271.0,-0.0004117052985854,0.00253759447539,0.6848891325913637,discharge,0.720740329423804,0.01005596644156202,3.5400434359805812,1
3.09227752069837,-1.0059806734389347,10.321114753431718,0.998,2.615285714285714,2272.0,-0.0004117052985854,0.00253759447539,0.6847494130533862,discharge,0.7206165062358906,0.01005615723288401,3.5399321303846314,1
3.091865815399784,-1.0061066066535354,10.32365234790711,0.998,2.6148571428571428,2273.0,-0.0004117052985859,0.0025375944753918,0.6846096760246843,discharge,0.72049266754723,0.010056401110865162,3.539820843170389,1
3.091454110101198,-1.0062325398681362,10.3261899423825,0.998,2.6144285714285713,2274.0,-0.0004117052985859,0.00253759447539,0.6844699215052581,discharge,0.7203688133578222,0.010056695438083194,3.5397095769769202,1
3.0910424048026126,-1.006358473082737,10.32872753685789,0.998,2.614,2275.0,-0.0004117052985854,0.00253759447539,0.6843301494951077,discharge,0.7202449436676672,0.010057037708146789,3.5395983343120707,1
3.0905792737510165,-1.0062763619250084,10.333679760100166,0.998,2.613538461538462,2276.0,-0.0004631310515961,0.0049522232422756,0.6841903888892849,discharge,0.720121084084332,0.010057322179721773,3.5394914041852243,1
3.0901161426994204,-1.0061942507672796,10.338631983342443,0.998,2.613076923076923,2277.0,-0.0004631310515961,0.0049522232422773,0.6840506396877893,discharge,0.7199972346078164,0.010057551724320955,3.539384622785778,1
3.089653011647824,-1.006112139609551,10.34358420658472,0.998,2.6126153846153843,2278.0,-0.0004631310515961,0.0049522232422756,0.6839109018906213,discharge,0.7198733952381207,0.010057729070796226,3.539277987333049,1
3.089189880596228,-1.0060300284518222,10.348536429826996,0.998,2.6121538461538463,2279.0,-0.0004631310515961,0.0049522232422756,0.6837711754977809,discharge,0.7197495659752446,0.010057856812426146,3.5391714951817774,1
3.088726749544632,-1.0059479172940935,10.353488653069272,0.998,2.611692307692308,2280.0,-0.0004631310515961,0.0049522232422773,0.6836314605092677,discharge,0.7196257468191883,0.010057937413651435,3.539065143815369,1
3.088263618493036,-1.0058658061363648,10.358440876311548,0.998,2.6112307692307692,2281.0,-0.0004631310515961,0.0049522232422756,0.6834917569250822,discharge,0.7195019377699517,0.010057973216475825,3.5389589308395135,1
3.08780048744144,-1.005783694978636,10.363393099553823,0.998,2.6107692307692307,2282.0,-0.0004631310515956,0.0049522232422756,0.683352064745224,discharge,0.7193781388275349,0.010057966446548897,3.5388528539760817,1
3.087337356389844,-1.0057015838209074,10.3683453227961,0.998,2.610307692307692,2283.0,-0.0004631310515961,0.0049522232422756,0.6832123839696933,discharge,0.7192543499919377,0.01005791921894673,3.5387469110573715,1
3.086874225338248,-1.0056194726631786,10.373297546038376,0.998,2.6098461538461537,2284.0,-0.0004631310515961,0.0049522232422773,0.6830727145984901,discharge,0.7191305712631603,0.01005783354366536,3.538641100020581,1
3.086411094286652,-1.00553736150545,10.378249769280652,0.998,2.6093846153846156,2285.0,-0.0004631310515961,0.0049522232422756,0.6829330566316143,discharge,0.7190068026412025,0.010057711330841294,3.538535418902613,1
3.0859479632350557,-1.0054552503477212,10.383201992522928,0.998,2.608923076923077,2286.0,-0.0004631310515961,0.0049522232422756,0.682793410069066,discharge,0.7188830441260645,0.010057554395712692,3.538429865835113,1
3.0854848321834596,-1.0053731391899925,10.388154215765203,0.998,2.6084615384615386,2287.0,-0.0004631310515961,0.0049522232422773,0.6826537749108452,discharge,0.7187592957177462,0.010057364463334042,3.538324439039748,1
3.0850217011318635,-1.0052910280322638,10.39310643900748,0.998,2.608,2288.0,-0.0004631310515961,0.0049522232422756,0.6825141511569519,discharge,0.7186355574162476,0.010057143173056624,3.538219136823716,1
3.0845583643662784,-1.005406661788524,10.396334701017572,0.998,2.6075384615384616,2289.0,-0.000463336765585,0.0032282620100918,0.6823745113428146,discharge,0.7185118048817318,0.010056990325329975,3.538109883379658,1
3.0840950276006938,-1.005522295544784,10.399562963027664,0.998,2.607076923076923,2290.0,-0.0004633367655846,0.0032282620100918,0.6822348554684334,discharge,0.7183880381141987,0.010056902519828827,3.5380006370022086,1
3.0836316908351087,-1.0056379293010442,10.402791225037754,0.998,2.606615384615385,2291.0,-0.000463336765585,0.00322826201009,0.6820951835338083,discharge,0.7182642571136483,0.010056876525161006,3.5378914009185856,1
3.083168354069524,-1.0057535630573045,10.406019487047846,0.998,2.606153846153846,2292.0,-0.0004633367655846,0.0032282620100918,0.6819554955389391,discharge,0.7181404618800805,0.010056909270474593,3.53778217819528,1
3.082705017303939,-1.0058691968135645,10.409247749057938,0.998,2.6056923076923075,2293.0,-0.000463336765585,0.0032282620100918,0.6818157914838262,discharge,0.7180166524134954,0.010056997837482047,3.5376729717460296,1
3.082241680538354,-1.005984830569825,10.41247601106803,0.998,2.605230769230769,2294.0,-0.000463336765585,0.0032282620100918,0.6816760713684693,discharge,0.717892828713893,0.010057139452880589,3.5375637843393544,1
3.0817783437727693,-1.006100464326085,10.41570427307812,0.998,2.604769230769231,2295.0,-0.0004633367655846,0.00322826201009,0.6815363351928684,discharge,0.7177689907812734,0.010057331481149148,3.537454618605836,1
3.081315007007184,-1.0062160980823451,10.418932535088212,0.998,2.6043076923076924,2296.0,-0.000463336765585,0.0032282620100918,0.6813965829570237,discharge,0.7176451386156365,0.010057571417703165,3.5373454770448927,1
3.080851670241599,-1.0063317318386051,10.422160797098304,0.998,2.603846153846154,2297.0,-0.000463336765585,0.0032282620100918,0.6812568146609349,discharge,0.7175212722169823,0.010057856882389478,3.537236362031331,1
3.0803883334760145,-1.0064473655948654,10.425389059108396,0.998,2.6033846153846154,2298.0,-0.0004633367655846,0.0032282620100918,0.6811170303046024,discharge,0.7173973915853107,0.010058185613304389,3.5371272758215024,1
3.0799249967104294,-1.0065629993511256,10.428617321118486,0.998,2.602923076923077,2299.0,-0.000463336765585,0.00322826201009,0.6809772298880258,discharge,0.7172734967206218,0.010058555460918859,3.5370182205591862,1
3.0794616599448448,-1.0066786331073856,10.431845583128576,0.998,2.6024615384615384,2300.0,-0.0004633367655846,0.0032282620100918,0.6808374134112054,discharge,0.7171495876229156,0.010058964382495572,3.536909198281176,1
3.0789983231792597,-1.0067942668636458,10.43507384513867,0.998,2.602,2301.0,-0.000463336765585,0.0032282620100918,0.6806975808741409,discharge,0.7170256642921922,0.010059410436783366,3.5368002109225696,1
3.0785574595713774,-1.0066756039077052,10.43708636745706,0.998,2.6015714285714284,2302.0,-0.0004408636078823,0.0020125223183917,0.6805577648180426,discharge,0.7169017555673413,0.01005977537696773,3.53669608734975,1
3.078116595963495,-1.0065569409517643,10.439098889775453,0.998,2.601142857142857,2303.0,-0.0004408636078823,0.0020125223183917,0.6804179652429104,discharge,0.7167778614483629,0.010060063232915062,3.5365921375332894,1
3.0776757323556128,-1.006438277995824,10.441111412093846,0.998,2.6007142857142855,2304.0,-0.0004408636078823,0.0020125223183935,0.6802781821487442,discharge,0.716653981935257,0.01006027783428215,3.5364883575780803,1
3.077234868747731,-1.006319615039883,10.443123934412238,0.998,2.600285714285714,2305.0,-0.0004408636078818,0.0020125223183917,0.6801384155355443,discharge,0.7165301170280237,0.010060422820462869,3.53638474377911,1
3.076794005139849,-1.0062009520839423,10.44513645673063,0.998,2.599857142857142,2306.0,-0.0004408636078823,0.0020125223183917,0.6799986654033104,discharge,0.716406266726663,0.01006050165004073,3.536281292612057,1
3.0763531415319663,-1.0060822891280017,10.447148979049022,0.998,2.599428571428571,2307.0,-0.0004408636078823,0.0020125223183917,0.6798589317520427,discharge,0.7162824310311747,0.010060517609771792,3.5361780007242607,1
3.075912277924084,-1.005963626172061,10.449161501367415,0.998,2.599,2308.0,-0.0004408636078823,0.0020125223183935,0.679719214581741,discharge,0.716158609941559,0.010060473823121299,3.5360748649262006,1
3.0754714143162016,-1.0058449632161204,10.451174023685809,0.998,2.5985714285714288,2309.0,-0.0004408636078823,0.0020125223183917,0.6795795138924055,discharge,0.7160348034578159,0.010060373258376214,3.5359718821834125,1
3.0750305507083193,-1.0057263002601795,10.4531865460042,0.998,2.5981428571428573,2310.0,-0.0004408636078823,0.0020125223183917,0.679439829684036,discharge,0.7159110115799453,0.01006021873635469,3.5358690496087215,1
3.074589687100437,-1.005607637304239,10.45519906832259,0.998,2.597714285714286,2311.0,-0.0004408636078823,0.0020125223183917,0.6793001619566326,discharge,0.7157872343079472,0.010060012937732543,3.5357663644549855,1
3.074148823492555,-1.0054889743482982,10.457211590640982,0.998,2.5972857142857144,2312.0,-0.0004408636078818,0.0020125223183917,0.6791605107101953,discharge,0.7156634716418216,0.010059758410005719,3.5356638241080685,1
3.073707959884673,-1.0053703113923576,10.459224112959376,0.998,2.596857142857143,2313.0,-0.0004408636078823,0.0020125223183935,0.6790208759447243,discharge,0.7155397235815686,0.010059457574106872,3.5355614260802666,1
3.0732670962767905,-1.005251648436417,10.461236635277768,0.998,2.5964285714285715,2314.0,-0.0004408636078823,0.0020125223183917,0.6788812576602192,discharge,0.7154159901271882,0.010059112730693208,3.535459168004002,1
3.072826232668908,-1.0051329854804762,10.46324915759616,0.998,2.596,2315.0,-0.0004408636078823,0.0020125223183917,0.6787416558566801,discharge,0.7152922712786802,0.010058726066121937,3.5353570476258587,1
3.0723658641683067,-1.005234499197592,10.471698491894449,0.998,2.5955384615384616,2316.0,-0.0004603685006014,0.0084493342982874,0.6786020399540138,discharge,0.7151685399351488,0.010058409045095997,3.5352505269336048,1
3.0719054956677048,-1.0053360129147075,10.480147826192734,0.998,2.595076923076923,2317.0,-0.0004603685006019,0.0084493342982874,0.6784624099522202,discharge,0.7150447960965941,0.010058158207622965,3.5351440129081517,1
3.0714451271671033,-1.0054375266318232,10.488597160491022,0.998,2.5946153846153845,2318.0,-0.0004603685006014,0.0084493342982874,0.6783227658512991,discharge,0.7149210397630159,0.010057970265607865,3.5350375088248316,1
3.070984758666502,-1.0055390403489388,10.49704649478931,0.998,2.594153846153846,2319.0,-0.0004603685006014,0.0084493342982874,0.6781831076512506,discharge,0.7147972709344144,0.010057842094313055,3.534931017795446,1
3.0705243901659,-1.0056405540660545,10.505495829087597,0.998,2.5936923076923075,2320.0,-0.0004603685006019,0.0084493342982874,0.6780434353520748,discharge,0.7146734896107894,0.010057770724242389,3.534824542776369,1
3.0700640216652983,-1.00574206778317,10.513945163385884,0.998,2.593230769230769,2321.0,-0.0004603685006014,0.0084493342982874,0.6779037489537716,discharge,0.7145496957921409,0.010057753333428602,3.5347180865762184,1
3.069603653164697,-1.0058435815002855,10.522394497684171,0.998,2.592769230769231,2322.0,-0.0004603685006014,0.0084493342982892,0.677764048456341,discharge,0.7144258894784691,0.010057787240103859,3.534611651863242,1
3.0691432846640954,-1.0059450952174014,10.53084383198246,0.998,2.5923076923076924,2323.0,-0.0004603685006014,0.0084493342982874,0.6776243338597829,discharge,0.7143020706697738,0.010057869895734444,3.5345052411722655,1
3.0686829161634934,-1.006046608934517,10.539293166280748,0.998,2.591846153846154,2324.0,-0.0004603685006019,0.0084493342982874,0.6774846051640977,discharge,0.7141782393660552,0.010057998878401496,3.534398856911288,1
3.068222547662892,-1.006148122651633,10.547742500579036,0.998,2.5913846153846154,2325.0,-0.0004603685006014,0.0084493342982874,0.6773448623692848,discharge,0.7140543955673131,0.010058171886510599,3.534292501367794,1
3.0677621791622904,-1.0062496363687483,10.556191834877325,0.998,2.590923076923077,2326.0,-0.0004603685006014,0.0084493342982874,0.6772051054753447,discharge,0.7139305392735475,0.010058386732813885,3.5341861767147353,1
3.0673018106616885,-1.006351150085864,10.56464116917561,0.998,2.5904615384615384,2327.0,-0.0004603685006019,0.0084493342982874,0.6770653344822772,discharge,0.7138066704847587,0.010058641338729139,3.5340798850161996,1
3.066841442161087,-1.0064526638029796,10.573090503473898,0.998,2.59,2328.0,-0.0004603685006014,0.0084493342982874,0.6769255493900824,discharge,0.7136827892009463,0.010058933728941125,3.5339736282328063,1
3.0663964369534726,-1.0063768699832707,10.57770718923084,0.998,2.5895714285714284,2329.0,-0.0004450052076143,0.0046166857569414,0.676785774824807,discharge,0.7135589172463712,0.010059173937313159,3.533871060754729,1
3.065951431745858,-1.0063010761635618,10.58232387498778,0.998,2.589142857142857,2330.0,-0.0004450052076148,0.0046166857569414,0.6766460107864509,discharge,0.7134350546210334,0.010059364556314792,3.5337686337797596,1
3.0655064265382435,-1.006225282343853,10.586940560744722,0.998,2.5887142857142855,2331.0,-0.0004450052076143,0.0046166857569414,0.6765062572750142,discharge,0.7133112013249329,0.010059508049617926,3.5336663447850913,1
3.0650614213306286,-1.0061494885241438,10.591557246501663,0.998,2.588285714285714,2332.0,-0.0004450052076148,0.0046166857569414,0.6763665142904971,discharge,0.7131873573580696,0.010059606758495668,3.5335641913701306,1
3.0646164161230143,-1.0060736947044349,10.596173932258605,0.998,2.587857142857142,2333.0,-0.0004450052076143,0.0046166857569414,0.6762267818328992,discharge,0.7130635227204436,0.010059662907903276,3.5334621712504815,1
3.0641714109153995,-1.005997900884726,10.600790618015546,0.998,2.587428571428571,2334.0,-0.0004450052076148,0.0046166857569414,0.6760870599022207,discharge,0.7129396974120549,0.010059678612257004,3.5333602822521177,1
3.063726405707785,-1.0059221070650168,10.605407303772488,0.998,2.5869999999999997,2335.0,-0.0004450052076143,0.0046166857569414,0.6759473484984617,discharge,0.7128158814329033,0.010059655880925838,3.5332585223059123,1
3.0632814005001707,-1.005846313245308,10.61002398952943,0.998,2.5865714285714287,2336.0,-0.0004450052076143,0.0046166857569431,0.675807647621622,discharge,0.712692074782989,0.010059596623450393,3.533156889442415,1
3.062836395292556,-1.005770519425599,10.614640675286372,0.998,2.5861428571428573,2337.0,-0.0004450052076148,0.0046166857569414,0.6756679572717018,discharge,0.712568277462312,0.010059502654502535,3.5330553817868884,1
3.0623913900849415,-1.00569472560589,10.619257361043314,0.998,2.585714285714286,2338.0,-0.0004450052076143,0.0046166857569414,0.675528277448701,discharge,0.7124444894708722,0.010059375698598601,3.5329539975546194,1
3.0619463848773267,-1.0056189317861812,10.623874046800257,0.998,2.5852857142857144,2339.0,-0.0004450052076148,0.0046166857569414,0.6753886081526197,discharge,0.7123207108086698,0.010059217394578447,3.5328527350463967,1
3.0615013796697124,-1.005543137966472,10.628490732557196,0.998,2.584857142857143,2340.0,-0.0004450052076143,0.0046166857569414,0.6752489493834576,discharge,0.7121969414757046,0.010059029299861992,3.5327515926442876,1
3.0610563744620976,-1.0054673441467632,10.633107418314138,0.998,2.5844285714285715,2341.0,-0.0004450052076148,0.0046166857569414,0.675109301141215,discharge,0.7120731814719766,0.01005881289449427,3.5326505688075893,1
3.060611369254483,-1.0053915503270543,10.63772410407108,0.998,2.584,2342.0,-0.0004450052076143,0.0046166857569414,0.6749696634258917,discharge,0.711949430797486,0.01005856958498953,3.5325496620689742,1
3.06013509780598,-1.0053239548560895,10.64323087977254,0.998,2.5835384615384616,2343.0,-0.0004762714485031,0.0055067757014608,0.6748300350988284,discharge,0.711825688443122,0.01005830478104301,3.532448702154639,1
3.059658826357477,-1.0052563593851245,10.648737655474,0.998,2.583076923076923,2344.0,-0.0004762714485031,0.0055067757014608,0.6746904161600249,discharge,0.7117019544088847,0.010058019550529778,3.5323478519045897,1
3.0591825549089737,-1.0051887639141597,10.654244431175462,0.998,2.5826153846153845,2345.0,-0.0004762714485031,0.0055067757014608,0.6745508066094813,discharge,0.7115782286947743,0.010057714908271316,3.5322471102447643,1
3.0587062834604706,-1.0051211684431949,10.659751206876924,0.998,2.582153846153846,2346.0,-0.0004762714485031,0.0055067757014608,0.6744112064471975,discharge,0.7114545113007905,0.010057391818671305,3.532146476151345,1
3.058230012011967,-1.00505357297223,10.665257982578384,0.998,2.5816923076923075,2347.0,-0.0004762714485031,0.0055067757014608,0.6742716156731736,discharge,0.7113308022269336,0.010057051198220453,3.5320459486483045,1
3.0577537405634643,-1.004985977501265,10.670764758279844,0.998,2.581230769230769,2348.0,-0.0004762714485031,0.0055067757014608,0.6741320342874095,discharge,0.7112071014732033,0.010056693917876874,3.5319455268049826,1
3.057277469114961,-1.0049183820303,10.676271533981303,0.998,2.580769230769231,2349.0,-0.0004762714485031,0.005506775701459,0.6739924622899054,discharge,0.7110834090395998,0.01005632080532822,3.5318452097338358,1
3.056801197666458,-1.0048507865593352,10.681778309682764,0.998,2.5803076923076924,2350.0,-0.0004762714485031,0.0055067757014608,0.673852899680661,discharge,0.710959724926123,0.01005593264714142,3.5317449965883045,1
3.056324926217955,-1.0047831910883704,10.687285085384223,0.998,2.579846153846154,2351.0,-0.0004762714485031,0.0055067757014608,0.6737133464596765,discharge,0.710836049132773,0.01005553019080562,3.5316448865607426,1
3.0558486547694517,-1.0047155956174054,10.692791861085686,0.998,2.5793846153846154,2352.0,-0.0004762714485031,0.0055067757014608,0.6735738026269519,discharge,0.7107123816595498,0.010055114146673611,3.5315448788805073,1
3.0553723833209485,-1.0046480001464406,10.698298636787149,0.998,2.578923076923077,2353.0,-0.0004762714485031,0.0055067757014608,0.6734342681824871,discharge,0.7105887225064532,0.010054685189806836,3.5314449728120794,1
3.054896111872446,-1.0045804046754756,10.703805412488608,0.998,2.5784615384615384,2354.0,-0.0004762714485031,0.0055067757014608,0.6732947431262821,discharge,0.7104650716734834,0.010054243961728701,3.5313451676533423,1
3.054419840423942,-1.0045128092045108,10.709312188190069,0.998,2.578,2355.0,-0.0004762714485031,0.0055067757014608,0.673155227458337,discharge,0.7103414291606404,0.010053791072090798,3.531245462733902,1
3.053942578515834,-1.004570363769483,10.715000863703969,0.998,2.5774615384615385,2356.0,-0.0004772619081081,0.0056886755138982,0.6730157037967024,discharge,0.710217779563576,0.010053389276610796,3.5311432796048114,1
3.053465316607726,-1.0046279183344549,10.720689539217863,0.998,2.5769230769230766,2357.0,-0.0004772619081081,0.0056886755138965,0.6728761721413783,discharge,0.7100941228822903,0.010053036036856765,3.531041123774704,1
3.0529880546996173,-1.004685472899427,10.726378214731762,0.998,2.5763846153846153,2358.0,-0.0004772619081085,0.0056886755138982,0.6727366324923645,discharge,0.7099704591167834,0.010052728940509759,3.5309389976251637,1
3.052510792791509,-1.004743027464399,10.732066890245658,0.998,2.575846153846154,2359.0,-0.0004772619081081,0.0056886755138965,0.672597084849661,discharge,0.709846788267055,0.010052465695098337,3.5308369034177787,1
3.052033530883401,-1.004800582029371,10.737755565759556,0.998,2.575307692307692,2360.0,-0.0004772619081081,0.0056886755138982,0.6724575292132681,discharge,0.7097231103331055,0.01005224412204437,3.5307348433000496,1
3.051556268975293,-1.004858136594343,10.743444241273451,0.998,2.5747692307692307,2361.0,-0.0004772619081081,0.0056886755138965,0.6723179655831855,discharge,0.7095994253149347,0.010052062151004649,3.530632819311046,1
3.0510790070671843,-1.0049156911593151,10.749132916787351,0.998,2.5742307692307693,2362.0,-0.0004772619081085,0.0056886755138982,0.6721783939594134,discharge,0.7094757332125425,0.010051917814493622,3.530530833386824,1
3.050601745159076,-1.004973245724287,10.754821592301248,0.998,2.573692307692308,2363.0,-0.0004772619081081,0.0056886755138965,0.6720388143419517,discharge,0.7093520340259291,0.010051809242773279,3.530428887365502,1
3.050124483250968,-1.0050308002892592,10.760510267815146,0.998,2.573153846153846,2364.0,-0.0004772619081081,0.0056886755138982,0.6718992267308004,discharge,0.7092283277550943,0.010051734658996902,3.5303269829921105,1
3.04964722134286,-1.005088354854231,10.766198943329044,0.998,2.5726153846153847,2365.0,-0.0004772619081081,0.0056886755138965,0.6717596311259595,discharge,0.7091046144000382,0.0100516923745941,3.5302251219232414,1
3.049169959434751,-1.0051459094192032,10.77188761884294,0.998,2.5720769230769234,2366.0,-0.0004772619081085,0.0056886755138982,0.6716200275274291,discharge,0.7089808939607609,0.01005168078488511,3.530123305731413,1
3.048692697526643,-1.0052034639841751,10.777576294356836,0.998,2.5715384615384616,2367.0,-0.0004772619081081,0.0056886755138965,0.671480415935209,discharge,0.7088571664372623,0.01005169836491299,3.530021535909222,1
3.048215435618535,-1.0052610185491473,10.783264969870736,0.998,2.571,2368.0,-0.0004772619081081,0.0056886755138982,0.6713407963492994,discharge,0.7087334318295423,0.01005174366548287,3.5299198138733394,1
3.0477430943677546,-1.0052161718122776,10.787426301946626,0.998,2.5705,2369.0,-0.0004723412507803,0.0041613320758902,0.6712011829921034,discharge,0.7086097027418746,0.01005176443494484,3.5298202500964213,1
3.0472707531169747,-1.0051713250754075,10.791587634022516,0.998,2.5700000000000003,2370.0,-0.0004723412507798,0.0041613320758902,0.6710615758636207,discharge,0.7084859791742593,0.010051761892039946,3.529720795275994,1
3.0467984118661944,-1.005126478338538,10.795748966098408,0.998,2.5695,2371.0,-0.0004723412507803,0.0041613320758919,0.6709219749638513,discharge,0.7083622611266962,0.010051737194960416,3.529621448196025,1
3.0463260706154145,-1.0050816316016684,10.799910298174298,0.998,2.569,2372.0,-0.0004723412507798,0.0041613320758902,0.6707823802927956,discharge,0.7082385485991854,0.010051691444357802,3.5295222076978643,1
3.045853729364634,-1.0050367848647987,10.804071630250188,0.998,2.5685,2373.0,-0.0004723412507803,0.0041613320758902,0.6706427918504532,discharge,0.708114841591727,0.01005162568620169,3.5294230726773903,1
3.0453813881138543,-1.0049919381279289,10.80823296232608,0.998,2.568,2374.0,-0.0004723412507798,0.0041613320758902,0.6705032096368244,discharge,0.7079911401043208,0.01005154091449638,3.529324042082302,1
3.044909046863074,-1.0049470913910592,10.81239429440197,0.998,2.5675000000000003,2375.0,-0.0004723412507803,0.0041613320758919,0.670363633651909,discharge,0.707867444136967,0.010051438073862596,3.5292251149095257,1
3.0444367056122936,-1.0049022446541895,10.81655562647786,0.998,2.567,2376.0,-0.0004723412507803,0.0041613320758902,0.6702240638957069,discharge,0.7077437536896655,0.010051318061990932,3.5291262902027682,1
3.0439643643615137,-1.0048573979173197,10.820716958553753,0.998,2.5665,2377.0,-0.0004723412507798,0.0041613320758902,0.6700845003682184,discharge,0.7076200687624162,0.010051181731973408,3.5290275670501856,1
3.0434920231107334,-1.00481255118045,10.82487829062964,0.998,2.5660000000000003,2378.0,-0.0004723412507803,0.0041613320758902,0.6699449430694433,discharge,0.7074963893552193,0.0100510298945192,3.52892894458216,1
3.0430196818599535,-1.0047677044435803,10.829039622705531,0.998,2.5655,2379.0,-0.0004723412507798,0.0041613320758902,0.6698053919993818,discharge,0.7073727154680746,0.01005086332006027,3.528830421969205,1
3.042547340609173,-1.0047228577067109,10.833200954781423,0.998,2.565,2380.0,-0.0004723412507803,0.0041613320758919,0.6696658471580337,discharge,0.7072490471009821,0.010050682740752407,3.528731998419961,1
3.0420749993583933,-1.0046780109698408,10.837362286857314,0.998,2.5645,2381.0,-0.0004723412507798,0.0041613320758902,0.6695263085453989,discharge,0.707125384253942,0.01005048885237683,3.5286336731792898,1
3.041602658107613,-1.004633164232971,10.841523618933204,0.998,2.564,2382.0,-0.0004723412507803,0.0041613320758902,0.6693867761614777,discharge,0.7070017269269542,0.010050282316147345,3.5285354455264635,1
3.0411089389251216,-1.0046259421969013,10.845459552568371,0.998,2.5635384615384615,2383.0,-0.0004937191824914,0.0039359336351694,0.669247244780617,discharge,0.7068780704889055,0.010050082452925185,3.528436539871404,1
3.04061521974263,-1.0046187201608316,10.849395486203544,0.998,2.563076923076923,2384.0,-0.0004937191824914,0.0039359336351694,0.6691077144028168,discharge,0.7067544149397958,0.010049888931185661,3.5283377089888783,1
3.0401215005601387,-1.0046114981247618,10.853331419838714,0.998,2.5626153846153845,2385.0,-0.0004937191824914,0.0039359336351711,0.6689681850280773,discharge,0.7066307602796252,0.01004970143587471,3.5282389531430014,1
3.0396277813776473,-1.0046042760886922,10.857267353473883,0.998,2.562153846153846,2386.0,-0.0004937191824914,0.0039359336351694,0.6688286566563983,discharge,0.7065071065083938,0.010049519667590616,3.5281402725820703,1
3.039134062195156,-1.0045970540526223,10.861203287109053,0.998,2.5616923076923075,2387.0,-0.0004937191824914,0.0039359336351694,0.6686891292877799,discharge,0.7063834536261013,0.010049343341806367,3.5280416675393718,1
3.0386403430126645,-1.0045898320165527,10.865139220744222,0.998,2.561230769230769,2388.0,-0.0004937191824914,0.0039359336351694,0.668549602922222,discharge,0.7062598016327479,0.010049172188130675,3.5279431382338577,1
3.038146623830173,-1.0045826099804829,10.869075154379392,0.998,2.560769230769231,2389.0,-0.0004937191824914,0.0039359336351711,0.6684100775597248,discharge,0.7061361505283337,0.010049005949605675,3.5278446848709186,1
3.0376529046476817,-1.0045753879444133,10.873011088014565,0.998,2.5603076923076924,2390.0,-0.0004937191824914,0.0039359336351694,0.668270553200288,discharge,0.7060125003128584,0.01004884438203955,3.527746307642999,1
3.0371591854651903,-1.0045681659083434,10.876947021649732,0.998,2.559846153846154,2391.0,-0.0004937191824914,0.0039359336351694,0.6681310298439118,discharge,0.7058888509863224,0.01004868725337228,3.5276480067302725,1
3.036665466282699,-1.0045609438722738,10.880882955284902,0.998,2.5593846153846154,2392.0,-0.0004937191824914,0.0039359336351694,0.6679915074905963,discharge,0.7057652025487253,0.01004853434307293,3.5275497823012003,1
3.036171747100207,-1.004553721836204,10.884818888920073,0.998,2.558923076923077,2393.0,-0.0004937191824914,0.0039359336351711,0.6678519861403414,discharge,0.7056415550000673,0.010048385441566856,3.52745163451314,1
3.035678027917716,-1.0045464998001343,10.888754822555242,0.998,2.5584615384615383,2394.0,-0.0004937191824914,0.0039359336351694,0.6677124657931468,discharge,0.7055179083403484,0.01004824034969139,3.5273535635128823,1
3.0351843087352246,-1.0045392777640645,10.892690756190412,0.998,2.558,2395.0,-0.0004937191824914,0.0039359336351694,0.6675729464490129,discharge,0.7053942625695686,0.010048098878178553,3.5272555694371466,1
3.034684191848877,-1.0046530066265518,10.897461222304996,0.998,2.5575384615384613,2396.0,-0.0005001168863474,0.0047704661145839,0.6674334113092036,discharge,0.7052706028002392,0.010048020937325524,3.527155161486054,1
3.03418407496253,-1.0047667354890393,10.90223168841958,0.998,2.557076923076923,2397.0,-0.0005001168863469,0.0047704661145839,0.6672938603737191,discharge,0.7051469290323603,0.01004800337083691,3.5270547618097914,1
3.0336839580761827,-1.0048804643515266,10.907002154534164,0.998,2.5566153846153843,2398.0,-0.0005001168863474,0.0047704661145839,0.6671542936425592,discharge,0.7050232412659319,0.010048043179226647,3.5269543733836093,1
3.0331838411898357,-1.0049941932140138,10.911772620648748,0.998,2.556153846153846,2399.0,-0.0005001168863469,0.0047704661145839,0.6670147111157239,discharge,0.7048995395009539,0.010048137512027499,3.526853999033518,1
3.0326837243034883,-1.0051079220765011,10.916543086763332,0.998,2.5556923076923077,2400.0,-0.0005001168863474,0.0047704661145839,0.6668751127932133,discharge,0.7047758237374262,0.010048283660387578,3.526753641443735,1
3.0321836074171413,-1.0052216509389886,10.921313552877915,0.998,2.555230769230769,2401.0,-0.0005001168863469,0.0047704661145839,0.6667354986750273,discharge,0.704652093975349,0.010048479050034689,3.526653303163702,1
3.031683490530794,-1.005335379801476,10.926084018992498,0.998,2.5547692307692307,2402.0,-0.0005001168863474,0.0047704661145822,0.6665958687611659,discharge,0.7045283502147223,0.010048721234590217,3.5265529866147673,1
3.031183373644447,-1.0054491086639632,10.930854485107082,0.998,2.554307692307692,2403.0,-0.0005001168863469,0.0047704661145839,0.6664562230516293,discharge,0.704404592455546,0.010049007889215186,3.526452694096552,1
3.0306832567580995,-1.0055628375264507,10.935624951221666,0.998,2.5538461538461537,2404.0,-0.0005001168863474,0.0047704661145839,0.6663165615464173,discharge,0.7042808206978202,0.010049336804571998,3.5263524277929843,1
3.0301831398717525,-1.005676566388938,10.94039541733625,0.998,2.5533846153846156,2405.0,-0.0005001168863469,0.0047704661145839,0.6661768842455299,discharge,0.7041570349415448,0.010049705881086151,3.526252189778033,1
3.029683022985405,-1.0057902952514253,10.945165883450834,0.998,2.552923076923077,2406.0,-0.0005001168863474,0.0047704661145839,0.6660371911489673,discharge,0.7040332351867199,0.010050113123493052,3.5261519820211644,1
3.029182906099058,-1.0059040241139128,10.949936349565418,0.998,2.5524615384615386,2407.0,-0.0005001168863469,0.0047704661145839,0.6658974822567292,discharge,0.7039094214333453,0.01005055663565575,3.5260518063925277,1
3.0286827892127106,-1.0060177529764,10.954706815680002,0.998,2.552,2408.0,-0.0005001168863474,0.0047704661145839,0.6657577575688158,discharge,0.7037855936814212,0.010051034615640133,3.5259516646678692,1
3.028185897388844,-1.0058903945675186,10.960303562781949,0.998,2.5515,2409.0,-0.0004968918238663,0.0055967471019453,0.6656180505695704,discharge,0.7036617816056673,0.010051425575378898,3.5258565233646317,1
3.0276890055649774,-1.0057630361586372,10.965900309883892,0.998,2.551,2410.0,-0.0004968918238668,0.0055967471019453,0.6654783612589927,discharge,0.7035379852060835,0.010051733838164163,3.5257615563305396,1
3.027192113741111,-1.0056356777497557,10.971497056985836,0.998,2.5505,2411.0,-0.0004968918238663,0.0055967471019435,0.6653386896370831,discharge,0.7034142044826698,0.010051963512500614,3.525666759373425,1
3.0266952219172447,-1.0055083193408745,10.97709380408778,0.998,2.55,2412.0,-0.0004968918238663,0.0055967471019453,0.6651990357038413,discharge,0.7032904394354262,0.010052118502776462,3.5255721285051105,1
3.026198330093378,-1.0053809609319928,10.982690551189728,0.998,2.5495,2413.0,-0.0004968918238668,0.0055967471019453,0.6650593994592673,discharge,0.7031666900643528,0.010052202519404245,3.5254776599312763,1
3.0257014382695115,-1.0052536025231114,10.988287298291672,0.998,2.549,2414.0,-0.0004968918238663,0.0055967471019453,0.6649197809033613,discharge,0.7030429563694496,0.01005221908845782,3.5253833500418446,1
3.0252045464456447,-1.00512624411423,10.993884045393616,0.998,2.5485,2415.0,-0.0004968918238668,0.0055967471019435,0.6647801800361233,discharge,0.7029192383507165,0.010052171560830575,3.5252891954017964,1
3.0247076546217784,-1.004998885705349,10.99948079249556,0.998,2.548,2416.0,-0.0004968918238663,0.0055967471019453,0.6646405968575531,discharge,0.7027955360081535,0.010052063120938653,3.525195192742462,1
3.024210762797912,-1.0048715272964672,11.005077539597506,0.998,2.5475,2417.0,-0.0004968918238663,0.0055967471019453,0.6645010313676507,discharge,0.7026718493417606,0.01005189679499178,3.5251013389532933,1
3.023713870974045,-1.0047441688875858,11.010674286699452,0.998,2.547,2418.0,-0.0004968918238668,0.0055967471019453,0.6643614835664164,discharge,0.7025481783515379,0.010051675458853191,3.5250076310739344,1
3.023216979150179,-1.0046168104787043,11.016271033801395,0.998,2.5465,2419.0,-0.0004968918238663,0.0055967471019453,0.6642219534538498,discharge,0.7024245230374854,0.010051401845509057,3.5249140662868395,1
3.0227200873263125,-1.0044894520698229,11.02186778090334,0.998,2.546,2420.0,-0.0004968918238663,0.0055967471019435,0.6640824410299513,discharge,0.702300883399603,0.010051078552166831,3.5248206419101047,1
3.0222231955024457,-1.0043620936609414,11.027464528005286,0.998,2.5455,2421.0,-0.0004968918238668,0.0055967471019453,0.6639429462947206,discharge,0.7021772594378907,0.010050708047000935,3.5247273553907377,1
3.0217263036785793,-1.00423473525206,11.033061275107231,0.998,2.545,2422.0,-0.0004968918238663,0.0055967471019453,0.6638034692481579,discharge,0.7020536511523485,0.010050292675563295,3.524634204298279,1
3.02118166723971,-1.00421782105036,11.037030988885189,0.998,2.5444615384615386,2423.0,-0.0005446364388692,0.0039697137779572,0.6636639945507898,discharge,0.7019300449487256,0.010049889537160683,3.5245389120067387,1
3.0206370308008412,-1.00420090684866,11.041000702663146,0.998,2.5439230769230767,2424.0,-0.0005446364388688,0.0039697137779572,0.6635245222026164,discharge,0.7018064408270217,0.010049498024038163,3.524443687948666,1
3.020092394361972,-1.00418399264696,11.044970416441105,0.998,2.5433846153846154,2425.0,-0.0005446364388692,0.0039697137779572,0.6633850522036376,discharge,0.7016828387872369,0.010049117558634945,3.5243485326421453,1
3.019547757923103,-1.00416707844526,11.048940130219062,0.998,2.5428461538461535,2426.0,-0.0005446364388688,0.003969713777959,0.6632455845538535,discharge,0.7015592388293712,0.010048747592084298,3.5242534465763953,1
3.019003121484234,-1.00415016424356,11.05290984399702,0.998,2.542307692307692,2427.0,-0.0005446364388692,0.0039697137779572,0.6631061192532641,discharge,0.7014356409534246,0.010048387602787987,3.5241584302132303,1
3.018458485045365,-1.0041332500418598,11.056879557774977,0.998,2.541769230769231,2428.0,-0.0005446364388688,0.0039697137779572,0.6629666563018695,discharge,0.701312045159397,0.010048037095061533,3.5240634839884,1
3.017913848606496,-1.00411633584016,11.060849271552934,0.998,2.541230769230769,2429.0,-0.0005446364388692,0.0039697137779572,0.6628271956996694,discharge,0.7011884514472886,0.010047695597846783,3.523968608312867,1
3.017369212167627,-1.0040994216384598,11.064818985330891,0.998,2.5406923076923076,2430.0,-0.0005446364388688,0.0039697137779572,0.6626877374466642,discharge,0.7010648598170993,0.010047362663488438,3.5238738035740447,1
3.0168245757287577,-1.00408250743676,11.068788699108849,0.998,2.540153846153846,2431.0,-0.0005446364388692,0.0039697137779572,0.6625482815428535,discharge,0.7009412702688291,0.010047037866571362,3.5237790701369587,1
3.016279939289889,-1.0040655932350595,11.072758412886808,0.998,2.5396153846153844,2432.0,-0.0005446364388688,0.003969713777959,0.6624088279882374,discharge,0.700817682802478,0.010046720802815661,3.5236844083453542,1
3.0157353028510197,-1.0040486790333598,11.076728126664763,0.998,2.539076923076923,2433.0,-0.0005446364388692,0.0039697137779572,0.6622693767828162,discharge,0.700694097418046,0.010046411088026652,3.5235898185227277,1
3.015190666412151,-1.0040317648316597,11.080697840442722,0.998,2.538538461538461,2434.0,-0.0005446364388688,0.0039697137779572,0.6621299279265895,discharge,0.7005705141155331,0.010046108357097003,3.5234953009733543,1
3.0146460299732816,-1.0040148506299598,11.08466755422068,0.998,2.538,2435.0,-0.0005446364388692,0.0039697137779572,0.6619904814195576,discharge,0.7004469328949392,0.010045812263058444,3.5234008559832057,1
3.0141614271854724,-1.0041442666963851,11.089616555574104,0.998,2.5374999999999996,2436.0,-0.0004846027878091,0.0049490013534256,0.6618510169380719,discharge,0.7003233357449042,0.010045595175181833,3.5233034706761175,1
3.0136768243976633,-1.0042736827628105,11.094565556927533,0.998,2.537,2437.0,-0.0004846027878091,0.0049490013534256,0.6617115344821327,discharge,0.7001997226654282,0.010045453168326368,3.5232060755551617,1
3.013192221609854,-1.0044030988292356,11.099514558280957,0.998,2.5365,2438.0,-0.0004846027878091,0.0049490013534256,0.6615720340517397,discharge,0.700076093656511,0.01004538251235793,3.5231086743228657,1
3.012707618822045,-1.004532514895661,11.10446355963438,0.998,2.536,2439.0,-0.0004846027878091,0.0049490013534239,0.6614325156468931,discharge,0.6999524487181527,0.010045379662460888,3.523011270496222,1
3.012223016034236,-1.004661930962086,11.109412560987806,0.998,2.5355,2440.0,-0.0004846027878091,0.0049490013534256,0.6612929792675928,discharge,0.6998287878503532,0.010045441249931189,3.522913867415944,1
3.0117384132464267,-1.0047913470285117,11.114361562341232,0.998,2.535,2441.0,-0.0004846027878091,0.0049490013534256,0.6611534249138389,discharge,0.6997051110531126,0.010045564073426891,3.522816468255168,1
3.0112538104586175,-1.0049207630949366,11.119310563694658,0.998,2.5345,2442.0,-0.0004846027878091,0.0049490013534256,0.6610138525856313,discharge,0.699581418326431,0.010045745090653367,3.5227190760277884,1
3.010769207670808,-1.005050179161362,11.124259565048083,0.998,2.534,2443.0,-0.0004846027878095,0.0049490013534256,0.66087426228297,discharge,0.6994577096703081,0.010045981410461601,3.522621693596358,1
3.0102846048829988,-1.005179595227787,11.129208566401507,0.998,2.5335,2444.0,-0.0004846027878091,0.0049490013534256,0.660734654005855,discharge,0.6993339850847441,0.010046270285339056,3.5225243236796078,1
3.0098000020951896,-1.0053090112942125,11.134157567754936,0.998,2.533,2445.0,-0.0004846027878091,0.0049490013534256,0.6605950277542862,discharge,0.699210244569739,0.010046609104273609,3.5224269688595617,1
3.0093153993073805,-1.0054384273606378,11.13910656910836,0.998,2.5325,2446.0,-0.0004846027878091,0.0049490013534239,0.6604553835282639,discharge,0.6990864881252928,0.010046995385972007,3.5223296315883394,1
3.0088307965195713,-1.0055678434270632,11.144055570461784,0.998,2.532,2447.0,-0.0004846027878091,0.0049490013534256,0.6603157213277879,discharge,0.6989627157514055,0.010047426772415248,3.522232314194574,1
3.008346193731762,-1.0056972594934883,11.14900457181521,0.998,2.5315000000000003,2448.0,-0.0004846027878091,0.0049490013534256,0.6601760411528583,discharge,0.698838927448077,0.010047901022734139,3.5221350188895633,1
3.007861590943953,-1.0058266755599137,11.153953573168636,0.998,2.531,2449.0,-0.0004846027878091,0.0049490013534256,0.660036343003475,discharge,0.6987151232153074,0.010048416007389116,3.5220377477730866,1
3.00733304248199,-1.0059072015620816,11.15586093960181,0.998,2.5304615384615388,2450.0,-0.000528548461963,0.0019073664331745,0.6598966336699248,discharge,0.6985913090708301,0.010048945413345658,3.521941509501084,1
3.006804494020027,-1.0059877275642497,11.157768306034985,0.998,2.529923076923077,2451.0,-0.000528548461963,0.0019073664331727,0.6597569131522074,discharge,0.6984674850146453,0.010049488524132568,3.521845326947354,1
3.006275945558064,-1.0060682535664174,11.159675672468158,0.998,2.5293846153846156,2452.0,-0.000528548461963,0.0019073664331745,0.6596171814503233,discharge,0.6983436510467529,0.01005004465887398,3.5217492007512265,1
3.005747397096101,-1.006148779568585,11.16158303890133,0.998,2.5288461538461537,2453.0,-0.000528548461963,0.0019073664331727,0.6594774385642721,discharge,0.6982198071671528,0.01005061317052093,3.5216531315180055,1
3.005218848634138,-1.006229305570753,11.163490405334503,0.998,2.5283076923076924,2454.0,-0.000528548461963,0.0019073664331745,0.6593376844940539,discharge,0.6980959533758452,0.010051193444170787,3.5215571198206774,1
3.0046903001721748,-1.0063098315729209,11.165397771767678,0.998,2.527769230769231,2455.0,-0.000528548461963,0.0019073664331727,0.6591979192396689,discharge,0.6979720896728299,0.010051784895470171,3.52146116620149,1
3.0041617517102113,-1.0063903575750888,11.167305138200852,0.998,2.527230769230769,2456.0,-0.0005285484619634,0.0019073664331745,0.6590581428011166,discharge,0.697848216058107,0.01005238696909723,3.521365271173482,1
3.003633203248248,-1.006470883577257,11.169212504634023,0.998,2.526692307692308,2457.0,-0.000528548461963,0.0019073664331727,0.6589183551783977,discharge,0.6977243325316765,0.010052999137319307,3.5212694352219254,1
3.003104654786285,-1.0065514095794246,11.1711198710672,0.998,2.5261538461538464,2458.0,-0.000528548461963,0.0019073664331745,0.6587785563715116,discharge,0.6976004390935384,0.010053620898622268,3.5211736588056897,1
3.002576106324322,-1.0066319355815925,11.173027237500373,0.998,2.5256153846153846,2459.0,-0.000528548461963,0.0019073664331727,0.6586387463804586,discharge,0.6974765357436927,0.01005425177640793,3.5210779423585503,1
3.002047557862359,-1.0067124615837602,11.174934603933549,0.998,2.525076923076923,2460.0,-0.000528548461963,0.0019073664331745,0.6584989252052387,discharge,0.6973526224821394,0.010054891317756198,3.5209822862904145,1
3.001519009400396,-1.006792987585928,11.17684197036672,0.998,2.5245384615384614,2461.0,-0.000528548461963,0.0019073664331727,0.6583590928458517,discharge,0.6972286993088784,0.01005553909224871,3.5208866909885206,1
3.000990460938433,-1.006873513588096,11.178749336799894,0.998,2.524,2462.0,-0.000528548461963,0.0019073664331745,0.6582192493022978,discharge,0.6971047662239098,0.010056194690850905,3.520791156818532,1
3.0004308288318273,-1.0068639052862942,11.186483231661976,0.998,2.523461538461538,2463.0,-0.0005596321066057,0.0077338948620813,0.6580794070932303,discharge,0.6969808343215987,0.010056812944819115,3.5206975399307368,1
2.999871196725222,-1.0068542969844925,11.19421712652406,0.998,2.522923076923077,2464.0,-0.0005596321066052,0.007733894862083,0.6579395662186491,discharge,0.6968569036019451,0.010057395709488964,3.5206040357195056,1
2.9993115646186164,-1.0068446886826907,11.20195102138614,0.998,2.522384615384615,2465.0,-0.0005596321066057,0.0077338948620813,0.6577997266785542,discharge,0.6967329740649489,0.010057944748020306,3.52051064235731,1
2.998751932512011,-1.006835080380889,11.209684916248223,0.998,2.5218461538461536,2466.0,-0.0005596321066052,0.007733894862083,0.6576598884729459,discharge,0.6966090457106102,0.01005846173597666,3.520417358104079,1
2.9981923004054054,-1.0068254720790872,11.217418811110305,0.998,2.521307692307692,2467.0,-0.0005596321066057,0.0077338948620813,0.6575200516018238,discharge,0.696485118538929,0.01005894826567711,3.5203241813028416,1
2.9976326682987997,-1.0068158637772855,11.225152705972386,0.998,2.520769230769231,2468.0,-0.0005596321066057,0.0077338948620813,0.657380216065188,discharge,0.6963611925499053,0.010059405850332024,3.5202311103755695,1
2.9970730361921945,-1.0068062554754835,11.232886600834467,0.998,2.520230769230769,2469.0,-0.0005596321066052,0.007733894862083,0.6572403818630386,discharge,0.696237267743539,0.010059835927973276,3.520138143819287,1
2.9965134040855887,-1.006796647173682,11.24062049569655,0.998,2.5196923076923077,2470.0,-0.0005596321066057,0.0077338948620813,0.6571005489953756,discharge,0.6961133441198302,0.010060239865189235,3.520045280202289,1
2.995953771978983,-1.0067870388718805,11.248354390558632,0.998,2.5191538461538463,2471.0,-0.0005596321066057,0.0077338948620813,0.656960717462199,discharge,0.6959894216787789,0.01006061896067417,3.519952518160642,1
2.995394139872378,-1.0067774305700783,11.256088285420716,0.998,2.5186153846153845,2472.0,-0.0005596321066052,0.007733894862083,0.6568208872635086,discharge,0.695865500420385,0.01006097444860134,3.519859856394762,1
2.994834507765772,-1.0067678222682768,11.263822180282796,0.998,2.518076923076923,2473.0,-0.0005596321066057,0.0077338948620813,0.6566810583993048,discharge,0.6957415803446486,0.010061307501828482,3.519767293666261,1
2.994274875659167,-1.006758213966475,11.27155607514488,0.998,2.5175384615384613,2474.0,-0.0005596321066052,0.007733894862083,0.6565412308695873,discharge,0.6956176614515697,0.010061619234944056,3.5196748287948405,1
2.993715243552561,-1.0067486056646733,11.27928997000696,0.998,2.517,2475.0,-0.0005596321066057,0.0077338948620813,0.656401404674356,discharge,0.6954937437411483,0.010061910707162154,3.5195824606554584,1
2.993170104661069,-1.0066722548478912,11.282260237321312,0.998,2.5164999999999997,2476.0,-0.0005451388914923,0.0029702673143514,0.6562615890834049,discharge,0.6953698354285232,0.010062149766423336,3.519491562293939,1
2.992624965769576,-1.0065959040311092,11.285230504635663,0.998,2.516,2477.0,-0.0005451388914927,0.0029702673143532,0.6561217840967339,discharge,0.6952459365136945,0.01006233901667938,3.5194007961749105,1
2.9920798268780837,-1.0065195532143272,11.288200771950017,0.998,2.5155,2478.0,-0.0005451388914923,0.0029702673143514,0.6559819897143431,discharge,0.6951220469966622,0.010062480932513964,3.519310159742524,1
2.991534687986591,-1.006443202397545,11.29117103926437,0.998,2.5149999999999997,2479.0,-0.0005451388914927,0.0029702673143532,0.6558422059362323,discharge,0.6949981668774263,0.010062577865569852,3.519219650563769,1
2.9909895490950986,-1.0063668515807629,11.29414130657872,0.998,2.5145,2480.0,-0.0005451388914923,0.0029702673143514,0.6557024327624017,discharge,0.6948742961559868,0.010062632050656784,3.5191292663223375,1
2.990444410203606,-1.0062905007639809,11.297111573893076,0.998,2.514,2481.0,-0.0005451388914927,0.0029702673143532,0.6555626701928512,discharge,0.6947504348323437,0.010062645611555907,3.5190390048128415,1
2.9898992713121135,-1.0062141499471988,11.300081841207426,0.998,2.5135,2482.0,-0.0005451388914923,0.0029702673143514,0.6554229182275807,discharge,0.6946265829064969,0.01006262056653584,3.5189488639352797,1
2.989354132420621,-1.0061377991304168,11.303052108521776,0.998,2.513,2483.0,-0.0005451388914923,0.0029702673143514,0.6552831768665903,discharge,0.6945027403784465,0.010062558833594686,3.5188588416898,1
2.9888089935291284,-1.0060614483136348,11.30602237583613,0.998,2.5124999999999997,2484.0,-0.0005451388914927,0.0029702673143532,0.6551434461098802,discharge,0.6943789072481925,0.010062462235441619,3.5187689361717305,1
2.988263854637636,-1.0059850974968527,11.308992643150482,0.998,2.512,2485.0,-0.0005451388914923,0.0029702673143514,0.65500372595745,discharge,0.694255083515735,0.010062332504230973,3.5186791455668307,1
2.9877187157461433,-1.0059087466800705,11.311962910464835,0.998,2.5115,2486.0,-0.0005451388914927,0.0029702673143532,0.6548640164093,discharge,0.6941312691810737,0.010062171286061145,3.5185894681467986,1
2.987173576854651,-1.0058323958632884,11.314933177779189,0.998,2.5109999999999997,2487.0,-0.0005451388914923,0.0029702673143514,0.65472431746543,discharge,0.6940074642442089,0.01006198014524997,3.5184999022649945,1
2.9866284379631582,-1.0057560450465064,11.31790344509354,0.998,2.5105,2488.0,-0.0005451388914927,0.0029702673143532,0.6545846291258404,discharge,0.6938836687051404,0.010061760568397705,3.5184104463523806,1
2.986083299071666,-1.0056796942297244,11.320873712407892,0.998,2.51,2489.0,-0.0005451388914923,0.0029702673143514,0.6544449513905306,discharge,0.6937598825638683,0.010061513968248146,3.5183210989136637,1
2.9855203406321427,-1.0056866135923102,11.330392994553772,0.998,2.509384615384615,2490.0,-0.0005629584395232,0.0095192821458809,0.6543052726941982,discharge,0.6936360955709123,0.010061283057191736,3.5182301442146238,1
2.9849573821926194,-1.005693532954896,11.339912276699652,0.998,2.5087692307692304,2491.0,-0.0005629584395232,0.0095192821458809,0.6541655930368435,discharge,0.6935123077262725,0.010061067055771556,3.5181392483739797,1
2.984394423753096,-1.0057004523174815,11.349431558845534,0.998,2.5081538461538457,2492.0,-0.0005629584395232,0.0095192821458809,0.6540259124184661,discharge,0.6933885190299487,0.010060865223255234,3.518048412068007,1
2.983831465313573,-1.0057073716800673,11.358950840991415,0.998,2.5075384615384615,2493.0,-0.0005629584395232,0.0095192821458827,0.653886230839066,discharge,0.6932647294819411,0.01006067685571106,3.517957635936008,1
2.9832685068740497,-1.005714291042653,11.368470123137298,0.998,2.506923076923077,2494.0,-0.0005629584395232,0.0095192821458809,0.6537465482986434,discharge,0.6931409390822495,0.010060501284179672,3.517866920582183,1
2.9827055484345264,-1.0057212104052389,11.37798940528318,0.998,2.506307692307692,2495.0,-0.0005629584395232,0.0095192821458809,0.6536068647971982,discharge,0.6930171478308741,0.010060337872936581,3.5177762665773327,1
2.9821425899950027,-1.0057281297678249,11.38750868742906,0.998,2.505692307692307,2496.0,-0.0005629584395236,0.0095192821458809,0.6534671803347305,discharge,0.6928933557278147,0.010060186017841016,3.517685674460535,1
2.981579631555479,-1.0057350491304105,11.39702796957494,0.998,2.5050769230769228,2497.0,-0.0005629584395232,0.0095192821458809,0.6533274949112402,discharge,0.6927695627730716,0.01006004514476679,3.5175951447406946,1
2.981016673115956,-1.0057419684929962,11.406547251720822,0.998,2.504461538461538,2498.0,-0.0005629584395232,0.0095192821458809,0.6531878085267273,discharge,0.6926457689666444,0.010059914708111146,3.517504677898054,1
2.980453714676433,-1.0057488878555818,11.416066533866704,0.998,2.503846153846154,2499.0,-0.0005629584395232,0.0095192821458827,0.6530481211811917,discharge,0.6925219743085335,0.010059794189377655,3.517414274385578,1
2.9798907562369097,-1.0057558072181676,11.425585816012584,0.998,2.503230769230769,2500.0,-0.0005629584395232,0.0095192821458809,0.6529084328746337,discharge,0.6923981787987386,0.01005968309582955,3.5173239346303595,1
2.9793277977973864,-1.0057627265807534,11.435105098158466,0.998,2.5026153846153845,2501.0,-0.0005629584395232,0.0095192821458809,0.6527687436070531,discharge,0.6922743824372598,0.010059580959209943,3.5172336590348254,1
2.978764839357863,-1.0057696459433392,11.444624380304347,0.998,2.502,2502.0,-0.0005629584395232,0.0095192821458809,0.6526290533784498,discharge,0.6921505852240971,0.010059487334525623,3.517143447978016,1
2.978211205331032,-1.0055981689934208,11.447077434644468,0.998,2.5014999999999996,2503.0,-0.000553634026831,0.0024530543401208,0.6524893869660896,discharge,0.6920268091175255,0.01005931316901375,3.517056974346306,1
2.9776575713042015,-1.0054266920435022,11.449530488984587,0.998,2.501,2504.0,-0.0005536340268306,0.0024530543401208,0.6523497443699724,discharge,0.6919030541175447,0.010059062464059541,3.516970666106709,1
2.9771039372773704,-1.0052552150935838,11.45198354332471,0.998,2.5004999999999997,2505.0,-0.000553634026831,0.0024530543401208,0.6522101255900983,discharge,0.691779320224155,0.010058739022253595,3.5168845193511826,1
2.97655030325054,-1.0050837381436657,11.454436597664833,0.998,2.5,2506.0,-0.0005536340268306,0.0024530543401226,0.6520705306264672,discharge,0.6916556074373562,0.010058346457268287,3.516798530360562,1
2.9759966692237088,-1.004912261193747,11.456889652004952,0.998,2.4995,2507.0,-0.000553634026831,0.0024530543401208,0.6519309594790792,discharge,0.6915319157571483,0.0100578882032435,3.516712695595127,1
2.975443035196878,-1.0047407842438285,11.459342706345074,0.998,2.499,2508.0,-0.0005536340268306,0.0024530543401208,0.6517914121479342,discharge,0.6914082451835315,0.010057367523706064,3.5166270116857143,1
2.974889401170047,-1.00456930729391,11.461795760685195,0.998,2.4985,2509.0,-0.000553634026831,0.0024530543401208,0.6516518886330324,discharge,0.6912845957165056,0.010056787520046063,3.5165414754252207,1
2.974335767143216,-1.0043978303439918,11.464248815025316,0.998,2.498,2510.0,-0.000553634026831,0.0024530543401208,0.6515123889343735,discharge,0.6911609673560707,0.010056151139572016,3.516456083760562,1
2.9737821331163854,-1.0042263533940732,11.466701869365435,0.998,2.4975,2511.0,-0.0005536340268306,0.0024530543401208,0.6513729130519577,discharge,0.6910373601022267,0.01005546118316588,3.516370833785008,1
2.9732284990895543,-1.0040548764441548,11.469154923705558,0.998,2.497,2512.0,-0.000553634026831,0.0024530543401208,0.6512334609857848,discharge,0.6909137739549737,0.010054720312557728,3.5162857227309137,1
2.9726748650627237,-1.0038833994942364,11.47160797804568,0.998,2.4965,2513.0,-0.0005536340268306,0.0024530543401226,0.6510940327358551,discharge,0.6907902089143116,0.010053931057239018,3.5162007479628175,1
2.9721212310358927,-1.003711922544318,11.4740610323858,0.998,2.496,2514.0,-0.000553634026831,0.0024530543401208,0.6509546283021683,discharge,0.6906666649802405,0.010053095821032405,3.5161159069708434,1
2.971567597009062,-1.0035404455943997,11.476514086725922,0.998,2.4955000000000003,2515.0,-0.0005536340268306,0.0024530543401208,0.6508152476847247,discharge,0.6905431421527605,0.01005221688833514,3.5160311973644873,1
2.971013962982231,-1.003368968644481,11.478967141066043,0.998,2.495,2516.0,-0.000553634026831,0.0024530543401208,0.6506758908835242,discharge,0.6904196404318713,0.010051296430052311,3.515946616866668,1
2.9704483126711874,-1.0034901385024897,11.48403243602092,0.998,2.4944615384615387,2517.0,-0.0005656503110436,0.0050652949548766,0.6505365172531765,discharge,0.6902961237965425,0.010050481900417334,3.515856139074519,1
2.969882662360144,-1.0036113083604978,11.489097730975796,0.998,2.493923076923077,2518.0,-0.0005656503110436,0.0050652949548748,0.6503971267936821,discharge,0.690172592246774,0.010049768036741227,3.5157656221437703,1
2.9693170120491,-1.0037324782185062,11.494163025930671,0.998,2.4933846153846155,2519.0,-0.0005656503110436,0.0050652949548766,0.6502577195050405,discharge,0.6900490457825657,0.010049149837793033,3.5156750710323026,1
2.9687513617380565,-1.0038536480765146,11.499228320885546,0.998,2.4928461538461537,2520.0,-0.0005656503110436,0.0050652949548748,0.6501182953872522,discharge,0.6899254844039177,0.010048622550810208,3.5155844904493527,1
2.968185711427013,-1.003974817934523,11.504293615840425,0.998,2.4923076923076923,2521.0,-0.0005656503110436,0.0050652949548766,0.6499788544403169,discharge,0.68980190811083,0.010048181659154349,3.5154938848678743,1
2.9676200611159693,-1.0040959877925313,11.509358910795298,0.998,2.491769230769231,2522.0,-0.0005656503110436,0.0050652949548748,0.6498393966642345,discharge,0.6896783169033026,0.010047822870580208,3.515403258536189,1
2.9670544108049257,-1.0042171576505396,11.514424205750174,0.998,2.491230769230769,2523.0,-0.0005656503110436,0.0050652949548766,0.6496999220590053,discharge,0.6895547107813356,0.01004754210608751,3.51531261548922,1
2.966488760493882,-1.004338327508548,11.519489500705047,0.998,2.490692307692308,2524.0,-0.0005656503110436,0.0050652949548748,0.6495604306246292,discharge,0.6894310897449288,0.010047335489326632,3.515221959559032,1
2.9659231101828385,-1.0044594973665564,11.524554795659926,0.998,2.4901538461538464,2525.0,-0.0005656503110436,0.0050652949548766,0.649420922361106,discharge,0.6893074537940823,0.01004719933653063,3.515131294384932,1
2.965357459871795,-1.0045806672245647,11.5296200906148,0.998,2.489615384615385,2526.0,-0.0005656503110436,0.0050652949548748,0.6492813972684359,discharge,0.6891838029287961,0.010047130146947447,3.5150406234230087,1
2.9647918095607513,-1.004701837082573,11.534685385569675,0.998,2.489076923076923,2527.0,-0.0005656503110436,0.0050652949548766,0.6491418553466188,discharge,0.6890601371490702,0.010047124593747472,3.5149499499552466,1
2.9642261592497077,-1.0048230069405817,11.539750680524552,0.998,2.488538461538462,2528.0,-0.0005656503110436,0.0050652949548748,0.649002296595655,discharge,0.6889364564549046,0.010047179515382818,3.5148592770981484,1
2.963660508938664,-1.0049441767985898,11.544815975479429,0.998,2.488,2529.0,-0.0005656503110436,0.0050652949548766,0.648862721015544,discharge,0.6888127608462994,0.010047291907375881,3.514768607810981,1
2.9630430260226253,-1.004875432212203,11.550153606826678,0.998,2.4873846153846153,2530.0,-0.0006174829160388,0.005337631347249,0.6487231549832922,discharge,0.688689073699262,0.01004736456226322,3.5146818541798472,1
2.9624255431065865,-1.0048066876258162,11.555491238173929,0.998,2.4867692307692306,2531.0,-0.0006174829160388,0.0053376313472508,0.6485835984988998,discharge,0.6885653950137927,0.010047399454241924,3.5145952158555276,1
2.9618080601905477,-1.0047379430394294,11.560828869521178,0.998,2.486153846153846,2532.0,-0.0006174829160388,0.005337631347249,0.6484440515623666,discharge,0.6884417247898913,0.010047398459428107,3.5145086908756475,1
2.961190577274509,-1.0046691984530427,11.566166500868428,0.998,2.4855384615384617,2533.0,-0.0006174829160388,0.0053376313472508,0.6483045141736925,discharge,0.6883180630275578,0.010047363360729717,3.514422277370924,1
2.96057309435847,-1.0046004538666558,11.571504132215678,0.998,2.484923076923077,2534.0,-0.0006174829160388,0.005337631347249,0.6481649863328778,discharge,0.6881944097267924,0.01004729585247724,3.5143359735605633,1
2.9599556114424312,-1.004531709280269,11.576841763562928,0.998,2.4843076923076923,2535.0,-0.0006174829160388,0.005337631347249,0.6480254680399221,discharge,0.6880707648875949,0.010047197544824363,3.5142497777478163,1
2.959338128526393,-1.0044629646938823,11.582179394910176,0.998,2.4836923076923076,2536.0,-0.0006174829160383,0.0053376313472508,0.6478859592948257,discharge,0.6879471285099653,0.010047069967930011,3.5141636883158367,1
2.958720645610354,-1.0043942201074956,11.587517026257428,0.998,2.483076923076923,2537.0,-0.0006174829160388,0.005337631347249,0.6477464600975886,discharge,0.6878235005939037,0.010046914575932582,3.514077703723672,1
2.9581031626943153,-1.0043254755211086,11.592854657604676,0.998,2.4824615384615383,2538.0,-0.0006174829160388,0.005337631347249,0.6476069704482107,discharge,0.68769988113941,0.010046732750726772,3.5139918225025255,1
2.9574856797782765,-1.004256730934722,11.598192288951926,0.998,2.481846153846154,2539.0,-0.0006174829160388,0.0053376313472508,0.6474674903466919,discharge,0.6875762701464844,0.010046525805552743,3.51390604325212,1
2.9568681968622377,-1.0041879863483352,11.603529920299176,0.998,2.48123076923077,2540.0,-0.0006174829160388,0.005337631347249,0.6473280197930324,discharge,0.6874526676151267,0.010046294988406979,3.5138203646373327,1
2.956250713946199,-1.0041192417619482,11.608867551646426,0.998,2.4806153846153847,2541.0,-0.0006174829160388,0.0053376313472508,0.6471885587872321,discharge,0.6873290735453369,0.010046041485283685,3.513734785384941,1
2.95563323103016,-1.0040504971755615,11.614205182993675,0.998,2.48,2542.0,-0.0006174829160388,0.005337631347249,0.6470491073292911,discharge,0.6872054879371151,0.010045766423255156,3.5136493042805057,1
2.955037931097462,-1.0042282824104485,11.617952651893734,0.998,2.4794285714285715,2543.0,-0.0005952999326979,0.0037474689000589,0.6469096311789563,discharge,0.6870818804458342,0.010045593352992778,3.5135588457217075,1
2.954442631164764,-1.004406067645335,11.621700120793797,0.998,2.478857142857142,2544.0,-0.0005952999326979,0.0037474689000607,0.6467701303362278,discharge,0.6869582510714942,0.010045517207397563,3.5134683453363977,1
2.953847331232066,-1.0045838528802218,11.625447589693854,0.998,2.478285714285714,2545.0,-0.0005952999326983,0.0037474689000589,0.6466306048011055,discharge,0.6868345998140951,0.010045533171111357,3.513377807904049,1
2.953252031299368,-1.0047616381151083,11.629195058593911,0.998,2.4777142857142858,2546.0,-0.0005952999326979,0.0037474689000589,0.6464910545735895,discharge,0.6867109266736369,0.010045636668009986,3.5132872379646822,1
2.95265673136667,-1.0049394233499953,11.632942527493972,0.998,2.4771428571428573,2547.0,-0.0005952999326979,0.0037474689000589,0.6463514796536798,discharge,0.6865872316501195,0.010045823349317773,3.5131966398307757,1
2.952061431433972,-1.005117208584882,11.636689996394033,0.998,2.4765714285714284,2548.0,-0.0005952999326979,0.0037474689000607,0.6462118800413763,discharge,0.686463514743543,0.010046089082312524,3.513106017598525,1
2.951466131501274,-1.0052949938197688,11.640437465294092,0.998,2.476,2549.0,-0.0005952999326983,0.0037474689000589,0.646072255736679,discharge,0.6863397759539074,0.010046429939591685,3.5130153751586137,1
2.950870831568576,-1.0054727790546554,11.64418493419415,0.998,2.4754285714285715,2550.0,-0.0005952999326979,0.0037474689000589,0.6459326067395881,discharge,0.6862160152812127,0.01004684218887176,3.51292471620638,1
2.950275531635878,-1.005650564289542,11.647932403094211,0.998,2.474857142857142,2551.0,-0.0005952999326979,0.0037474689000607,0.6457929330501034,discharge,0.6860922327254588,0.010047322283294517,3.512834044251542,1
2.94968023170318,-1.005828349524429,11.65167987199427,0.998,2.474285714285714,2552.0,-0.0005952999326979,0.0037474689000589,0.645653234668225,discharge,0.6859684282866458,0.010047866852214787,3.5127433626273867,1
2.949084931770482,-1.0060061347593157,11.65542734089433,0.998,2.4737142857142858,2553.0,-0.0005952999326979,0.0037474689000589,0.6455135115939529,discharge,0.6858446019647738,0.010048472692445947,3.5126526744995195,1
2.948489631837784,-1.0061839199942024,11.659174809794388,0.998,2.4731428571428573,2554.0,-0.0005952999326983,0.0037474689000589,0.645373763827287,discharge,0.6857207537598426,0.010049136759940333,3.5125619828742156,1
2.947894331905086,-1.0063617052290892,11.662922278694449,0.998,2.4725714285714284,2555.0,-0.0005952999326979,0.0037474689000607,0.6452339913682273,discharge,0.6855968836718523,0.010049856161882989,3.5124712906062983,1
2.947299031972388,-1.006539490463976,11.666669747594508,0.998,2.472,2556.0,-0.0005952999326979,0.0037474689000589,0.645094194216774,discharge,0.6854729917008029,0.010050628149178205,3.5123806004066536,1
2.9466575673644564,-1.006406846023711,11.672602477109338,0.998,2.4713076923076924,2557.0,-0.0006414646079315,0.0059327295148303,0.6449544154881597,discharge,0.6853491160565656,0.010051295883340722,3.512296304271858,1
2.946016102756525,-1.006274201583446,11.678535206624169,0.998,2.4706153846153844,2558.0,-0.0006414646079315,0.0059327295148303,0.6448146551823841,discharge,0.6852252567391404,0.010051864543817495,3.5122121883258037,1
2.9453746381485932,-1.006141557143181,11.684467936139,0.998,2.469923076923077,2559.0,-0.0006414646079315,0.0059327295148303,0.6446749132994476,discharge,0.6851014137485273,0.010052339052733044,3.5121282475431452,1
2.9447331735406617,-1.006008912702916,11.69040066565383,0.998,2.4692307692307693,2560.0,-0.0006414646079315,0.0059327295148303,0.64453518983935,discharge,0.6849775870847263,0.010052724087673595,3.5120444771429926,1
2.94409170893273,-1.0058762682626512,11.69633339516866,0.998,2.4685384615384613,2561.0,-0.0006414646079315,0.0059327295148303,0.6443954848020913,discharge,0.6848537767477375,0.0100530240938361,3.5119608725767746,1
2.9434502443247985,-1.0057436238223862,11.70226612468349,0.998,2.467846153846154,2562.0,-0.0006414646079315,0.0059327295148303,0.6442557981876715,discharge,0.6847299827375608,0.010053243295573675,3.511877429516686,1
2.942808779716867,-1.005610979382121,11.708198854198322,0.998,2.4671538461538463,2563.0,-0.0006414646079315,0.0059327295148321,0.6441161299960907,discharge,0.6846062050541962,0.01005338570736744,3.5117941438447278,1
2.9421673151089354,-1.005478334941856,11.714131583713153,0.998,2.4664615384615387,2564.0,-0.0006414646079315,0.0059327295148303,0.6439764802273487,discharge,0.6844824436976438,0.010053455144253268,3.5117110116422716,1
2.941525850501004,-1.0053456905015912,11.720064313227985,0.998,2.4657692307692307,2565.0,-0.0006414646079315,0.0059327295148303,0.6438368488814457,discharge,0.6843586986679034,0.010053455231730513,3.511628029180148,1
2.940884385893072,-1.0052130460613262,11.725997042742812,0.998,2.465076923076923,2566.0,-0.0006414646079315,0.0059327295148303,0.6436972359583817,discharge,0.6842349699649752,0.010053389415178453,3.5115451929092405,1
2.9402429212851406,-1.0050804016210613,11.731929772257644,0.998,2.4643846153846156,2567.0,-0.0006414646079315,0.0059327295148303,0.6435576414581565,discharge,0.6841112575888592,0.01005326096880493,3.5114624994515395,1
2.939601456677209,-1.0049477571807963,11.737862501772474,0.998,2.4636923076923076,2568.0,-0.0006414646079315,0.0059327295148303,0.6434180653807703,discharge,0.6839875615395552,0.010053073004150379,3.511379945591604,1
2.9389599920692775,-1.0048151127405314,11.743795231287304,0.998,2.463,2569.0,-0.0006414646079315,0.0059327295148303,0.643278507726223,discharge,0.6838638818170634,0.010052828478169398,3.511297528268548,1
2.938353801727997,-1.0048757165959945,11.74905058021182,0.998,2.462357142857143,2570.0,-0.0006061903412803,0.0052553489245159,0.6431389416544735,discharge,0.6837401946350221,0.010052626209469171,3.5112112672056845,1
2.9377476113867167,-1.004936320451457,11.754305929136338,0.998,2.4617142857142857,2571.0,-0.0006061903412803,0.0052553489245177,0.6429993671655219,discharge,0.6836164999934313,0.010052464098646654,3.5111250294037615,1
2.9371414210454363,-1.00499692430692,11.759561278060854,0.998,2.461071428571429,2572.0,-0.0006061903412803,0.0052553489245159,0.6428597842593682,discharge,0.6834927978922911,0.010052340150600192,3.51103881679315,1
2.936535230704156,-1.0050575281623828,11.76481662698537,0.998,2.4604285714285714,2573.0,-0.0006061903412803,0.0052553489245159,0.6427201929360122,discharge,0.6833690883316015,0.010052252469347673,3.5109526312049355,1
2.9359290403628755,-1.0051181320178455,11.770071975909888,0.998,2.4597857142857142,2574.0,-0.0006061903412803,0.0052553489245177,0.6425805931954542,discharge,0.6832453713113623,0.010052199253102134,3.510866474375848,1
2.935322850021595,-1.0051787358733084,11.775327324834404,0.998,2.459142857142857,2575.0,-0.0006061903412803,0.0052553489245159,0.6424409850376941,discharge,0.6831216468315737,0.010052178789592,3.5107803479529496,1
2.934716659680315,-1.005239339728771,11.78058267375892,0.998,2.4585000000000004,2576.0,-0.0006061903412799,0.0052553489245159,0.6423013684627318,discharge,0.6829979148922357,0.010052189451613833,3.51069425349805,1
2.9341104693390347,-1.005299943584234,11.785838022683436,0.998,2.457857142857143,2577.0,-0.0006061903412803,0.0052553489245177,0.6421617434705673,discharge,0.6828741754933483,0.010052229692806027,3.5106081924919743,1
2.9335042789977543,-1.005360547439697,11.791093371607952,0.998,2.457214285714286,2578.0,-0.0006061903412803,0.0052553489245159,0.6420221100612007,discharge,0.6827504286349113,0.010052298043632463,3.510522166338561,1
2.932898088656474,-1.0054211512951596,11.796348720532473,0.998,2.456571428571429,2579.0,-0.0006061903412803,0.0052553489245177,0.6418824682346319,discharge,0.6826266743169249,0.01005239310756571,3.5104361763684695,1
2.9322918983151935,-1.0054817551506223,11.801604069456989,0.998,2.4559285714285717,2580.0,-0.0006061903412803,0.0052553489245159,0.6417428179908611,discharge,0.6825029125393891,0.010052513557459845,3.5103502238428117,1
2.931685707973913,-1.0055423590060857,11.806859418381505,0.998,2.4552857142857145,2581.0,-0.0006061903412803,0.0052553489245159,0.6416031593298879,discharge,0.6823791433023038,0.010052658132103482,3.5102643099566166,1
2.9310795176326327,-1.0056029628615482,11.81211476730602,0.998,2.4546428571428573,2582.0,-0.0006061903412803,0.0052553489245177,0.6414634922517126,discharge,0.682255366605669,0.010052825632944051,3.510178435842089,1
2.9304733272913523,-1.005663566717011,11.817370116230537,0.998,2.454,2583.0,-0.0006061903412803,0.0052553489245159,0.6413238167563353,discharge,0.6821315824494848,0.010053014920974808,3.51009260257172,1
2.9298083062718776,-1.0056953699640336,11.823052875172738,0.998,2.4533846153846155,2584.0,-0.0006650210194747,0.0056827589422017,0.6411841368438403,discharge,0.6820077943787329,0.010053210605216193,3.5100074038970783,1
2.929143285252403,-1.005727173211056,11.828735634114938,0.998,2.452769230769231,2585.0,-0.0006650210194747,0.0056827589421999,0.6410444525142276,discharge,0.6818840023934134,0.010053412367895182,3.5099222640511383,1
2.928478264232928,-1.0057589764580783,11.83441839305714,0.998,2.452153846153846,2586.0,-0.0006650210194747,0.0056827589422017,0.6409047637674974,discharge,0.6817602064935262,0.01005361990702617,3.5098371832630906,1
2.927813243213454,-1.0057907797051011,11.84010115199934,0.998,2.451538461538462,2587.0,-0.0006650210194747,0.0056827589421999,0.6407650706036495,discharge,0.6816364066790713,0.010053832935626634,3.509752161746995,1
2.927148222193978,-1.0058225829521237,11.845783910941542,0.998,2.450923076923077,2588.0,-0.0006650210194747,0.0056827589422017,0.6406253730226839,discharge,0.6815126029500487,0.010054051180971765,3.5096671997024904,1
2.926483201174504,-1.005854386199146,11.851466669883743,0.998,2.4503076923076925,2589.0,-0.0006650210194747,0.0056827589422017,0.6404856710246007,discharge,0.6813887953064584,0.010054274383886118,3.5095822973155286,1
2.925818180155029,-1.0058861894461686,11.857149428825943,0.998,2.449692307692308,2590.0,-0.0006650210194747,0.0056827589421999,0.6403459646093999,discharge,0.6812649837483004,0.010054502298070454,3.5094974547590323,1
2.9251531591355544,-1.0059179926931912,11.862832187768143,0.998,2.449076923076923,2591.0,-0.0006650210194747,0.0056827589422017,0.6402062537770813,discharge,0.6811411682755747,0.010054734689462042,3.5094126721935464,1
2.9244881381160797,-1.0059497959402135,11.868514946710349,0.998,2.4484615384615385,2592.0,-0.0006650210194747,0.0056827589422017,0.6400665385276452,discharge,0.6810173488882814,0.010054971335626727,3.5093279497678322,1
2.923823117096605,-1.005981599187236,11.874197705652549,0.998,2.4478461538461542,2593.0,-0.0006650210194747,0.0056827589421999,0.6399268188610914,discharge,0.6808935255864204,0.010055212025181209,3.509243287619449,1
2.92315809607713,-1.0060134024342586,11.879880464594748,0.998,2.4472307692307695,2594.0,-0.0006650210194747,0.0056827589422017,0.63978709477742,discharge,0.6807696983699917,0.01005545655724401,3.5091586858753216,1
2.922493075057655,-1.006045205681281,11.885563223536948,0.998,2.446615384615385,2595.0,-0.0006650210194747,0.0056827589421999,0.6396473662766309,discharge,0.6806458672389953,0.01005570474091374,3.5090741446522427,1
2.9218280540381807,-1.0060770089283035,11.89124598247915,0.998,2.446,2596.0,-0.0006650210194747,0.0056827589422017,0.6395076333587242,discharge,0.6805220321934313,0.01005595639477327,3.508989664057364,1
2.9211459574020484,-1.006000134752904,11.894513972718594,0.998,2.4453846153846155,2597.0,-0.0006820966361322,0.0032679902394434,0.6393679111177862,discharge,0.6803982066100823,0.010056157353897574,3.5089074807486424,1
2.920463860765916,-1.005923260577504,11.897781962958035,0.998,2.444769230769231,2598.0,-0.0006820966361322,0.0032679902394416,0.6392281995538172,discharge,0.6802743904889483,0.010056310136874688,3.508825418562926,1
2.919781764129784,-1.0058463864021046,11.90104995319748,0.998,2.444153846153846,2599.0,-0.0006820966361322,0.0032679902394434,0.6390884986668168,discharge,0.6801505838300295,0.010056417137165534,3.508743475010546,1
2.919099667493652,-1.0057695122267047,11.904317943436922,0.998,2.443538461538462,2600.0,-0.0006820966361318,0.0032679902394434,0.6389488084567854,discharge,0.6800267866333256,0.01005648062932042,3.5086616477206545,1
2.9184175708575197,-1.0056926380513052,11.907585933676364,0.998,2.442923076923077,2601.0,-0.0006820966361322,0.0032679902394416,0.6388091289237227,discharge,0.6799029988988368,0.010056502774886695,3.5085799344353052,1
2.9177354742213875,-1.0056157638759051,11.910853923915807,0.998,2.4423076923076925,2602.0,-0.0006820966361322,0.0032679902394434,0.6386694600676288,discharge,0.679779220626563,0.010056485628022895,3.5084983330038586,1
2.917053377585255,-1.0055388897005058,11.91412191415525,0.998,2.441692307692308,2603.0,-0.0006820966361322,0.0032679902394434,0.6385298018885037,discharge,0.6796554518165043,0.010056431140833983,3.5084168413776298,1
2.916371280949123,-1.005462015525106,11.917389904394694,0.998,2.441076923076923,2604.0,-0.0006820966361322,0.0032679902394434,0.6383901543863475,discharge,0.6795316924686606,0.01005634116844151,3.5083354576048205,1
2.91568918431299,-1.0053851413497064,11.920657894634136,0.998,2.4404615384615385,2605.0,-0.0006820966361322,0.0032679902394416,0.63825051756116,discharge,0.679407942583032,0.010056217473801898,3.5082541798257223,1
2.915007087676859,-1.0053082671743063,11.92392588487358,0.998,2.439846153846154,2606.0,-0.0006820966361318,0.0032679902394434,0.6381108914129414,discharge,0.6792842021596185,0.010056061732285335,3.508173006268107,1
2.9143249910407265,-1.005231392998907,11.927193875113025,0.998,2.4392307692307695,2607.0,-0.0006820966361322,0.0032679902394434,0.6379712759416916,discharge,0.6791604711984199,0.010055875536027183,3.5080919352429003,1
2.9136428944045942,-1.0051545188235071,11.930461865352465,0.998,2.438615384615385,2608.0,-0.0006820966361322,0.0032679902394416,0.6378316711474105,discharge,0.6790367496994365,0.01005566039806321,3.508010965140026,1
2.912960797768462,-1.0050776446481076,11.933729855591908,0.998,2.438,2609.0,-0.0006820966361322,0.0032679902394434,0.6376920770300982,discharge,0.6789130376626681,0.010055417756259373,3.50793009442449,1
2.91230125523463,-1.0052605992438406,11.938983905288204,0.998,2.4372857142857143,2610.0,-0.0006595425338318,0.0052540496962958,0.6375524575024255,discharge,0.6787893031065592,0.010055278063751368,3.5078439746293317,1
2.9116417127007987,-1.0054435538395734,11.9442379549845,0.998,2.436571428571429,2611.0,-0.0006595425338313,0.0052540496962958,0.6374128125643922,discharge,0.6786655460311098,0.010055236205868744,3.507757807398022,1
2.9109821701669674,-1.0056265084353064,11.949492004680796,0.998,2.435857142857143,2612.0,-0.0006595425338313,0.0052540496962958,0.6372731422159984,discharge,0.67854176643632,0.010055287322045301,3.5076715975442876,1
2.9103226276331355,-1.0058094630310397,11.954746054377091,0.998,2.435142857142857,2613.0,-0.0006595425338318,0.0052540496962958,0.637133446457244,discharge,0.6784179643221897,0.010055426793194822,3.5075853496401774,1
2.9096630850993037,-1.0059924176267725,11.960000104073387,0.998,2.4344285714285716,2614.0,-0.0006595425338318,0.0052540496962958,0.6369937252881293,discharge,0.678294139688719,0.010055650229714002,3.507499068028029,1
2.9090035425654723,-1.0061753722225053,11.965254153769685,0.998,2.4337142857142857,2615.0,-0.0006595425338313,0.0052540496962958,0.6368539787086539,discharge,0.6781702925359078,0.010055953460081396,3.5074127568319025,1
2.908344000031641,-1.0063583268182383,11.97050820346598,0.998,2.4330000000000003,2616.0,-0.0006595425338313,0.0052540496962958,0.6367142067188181,discharge,0.678046422863756,0.010056332520022802,3.507326419968381,1
2.907684457497809,-1.0065412814139714,11.975762253162271,0.998,2.4322857142857144,2617.0,-0.0006595425338318,0.005254049696294,0.6365744093186216,discharge,0.6779225306722639,0.010056783642214913,3.507240061156883,1
2.9070249149639773,-1.0067242360097042,11.981016302858569,0.998,2.4315714285714285,2618.0,-0.0006595425338318,0.0052540496962958,0.6364345865080647,discharge,0.6777986159614313,0.010057303246500515,3.5071536839294684,1
2.906365372430146,-1.0069071906054372,11.986270352554865,0.998,2.430857142857143,2619.0,-0.0006595425338313,0.0052540496962958,0.6362947382871473,discharge,0.6776746787312582,0.010057887930589794,3.507067291640095,1
2.9057058298963145,-1.0070901452011702,11.99152440225116,0.998,2.430142857142857,2620.0,-0.0006595425338313,0.0052540496962958,0.6361548646558693,discharge,0.6775507189817447,0.010058534461223644,3.5069808874734836,1
2.9050462873624827,-1.0072730997969033,11.996778451947456,0.998,2.4294285714285713,2621.0,-0.0006595425338318,0.0052540496962958,0.6360149656142309,discharge,0.6774267367128907,0.010059239765775952,3.506894474453505,1
2.904386744828651,-1.007456054392636,12.002032501643752,0.998,2.428714285714286,2622.0,-0.0006595425338318,0.0052540496962958,0.635875041162232,discharge,0.6773027319246961,0.01006000092427314,3.5068080554511756,1
2.9037272022948195,-1.0076390089883691,12.007286551340048,0.998,2.428,2623.0,-0.0006595425338313,0.0052540496962958,0.6357350912998725,discharge,0.6771787046171612,0.010060815161810153,3.5067216331922104,1
2.903026394995764,-1.007450753125973,12.010234116553995,0.998,2.4273076923076924,2624.0,-0.0007008072990557,0.0029475652139474,0.6355951675841605,discharge,0.677054700481484,0.010061495418599388,3.5066428490501433,1
2.902325587696708,-1.0072624972635773,12.01318168176794,0.998,2.4266153846153844,2625.0,-0.0007008072990557,0.0029475652139456,0.6354552700150962,discharge,0.6769307195176645,0.010062048350998875,3.5065642720385553,1
2.9016247803976523,-1.0070742414011813,12.016129246981889,0.998,2.425923076923077,2626.0,-0.0007008072990557,0.0029475652139474,0.6353153985926793,discharge,0.6768067617257026,0.010062480284669112,3.5064858957108602,1
2.9009239730985965,-1.0068859855387855,12.019076812195836,0.998,2.4252307692307693,2627.0,-0.0007008072990557,0.0029475652139474,0.63517555331691,discharge,0.6766828271055986,0.0100627972310026,3.506407713934704,1
2.9002231657995408,-1.0066977296763897,12.022024377409782,0.998,2.4245384615384613,2628.0,-0.0007008072990557,0.0029475652139456,0.6350357341877884,discharge,0.6765589156573522,0.010063004902737142,3.506329720876377,1
2.899522358500485,-1.0065094738139937,12.02497194262373,0.998,2.4238461538461538,2629.0,-0.0007008072990557,0.0029475652139474,0.6348959412053141,discharge,0.6764350273809635,0.010063108728793426,3.50625191098595,1
2.898821551201429,-1.0063212179515977,12.027919507837677,0.998,2.423153846153846,2630.0,-0.0007008072990561,0.0029475652139474,0.6347561743694876,discharge,0.6763111622764325,0.010063113868375485,3.5061742789831984,1
2.898120743902373,-1.0061329620892017,12.030867073051624,0.998,2.4224615384615387,2631.0,-0.0007008072990557,0.0029475652139474,0.6346164336803084,discharge,0.6761873203437593,0.010063025224370605,3.5060968198441733,1
2.8974199366033173,-1.0059447062268057,12.03381463826557,0.998,2.4217692307692307,2632.0,-0.0007008072990557,0.0029475652139456,0.6344767191377769,discharge,0.6760635015829437,0.010062847456083516,3.5060195287884968,1
2.8967191293042616,-1.00575645036441,12.036762203479515,0.998,2.421076923076923,2633.0,-0.0007008072990557,0.0029475652139474,0.634337030741893,discharge,0.6759397059939859,0.010062584991337926,3.5059424012672435,1
2.896018322005206,-1.0055681945020138,12.039709768693465,0.998,2.4203846153846156,2634.0,-0.0007008072990557,0.0029475652139474,0.6341973684926566,discharge,0.6758159335768857,0.01006224203797683,3.505865432951448,1
2.89531751470615,-1.005379938639618,12.04265733390741,0.998,2.4196923076923076,2635.0,-0.0007008072990557,0.0029475652139456,0.6340577323900678,discharge,0.6756921843316434,0.010061822594791483,3.505788619721167,1
2.8946167074070943,-1.005191682777222,12.045604899121358,0.998,2.419,2636.0,-0.0007008072990557,0.0029475652139474,0.6339181224341265,discharge,0.6755684582582586,0.010061330461907377,3.5057119576551043,1
2.893877573716095,-1.0051416388887693,12.051806481766786,0.998,2.4183076923076925,2637.0,-0.0007391336909994,0.0062015826454278,0.6337785194287253,discharge,0.6754447383446283,0.010060837916369116,3.5056325990023276,1
2.8931384400250955,-1.0050915950003163,12.058008064412212,0.998,2.4176153846153845,2638.0,-0.0007391336909994,0.0062015826454278,0.6336389233738641,discharge,0.6753210245907522,0.010060344978677953,3.5055533078866112,1
2.892399306334096,-1.0050415511118636,12.06420964705764,0.998,2.416923076923077,2639.0,-0.0007391336909994,0.0062015826454278,0.633499334269543,discharge,0.6751973169966304,0.010059851668316617,3.5054740841931826,1
2.8916601726430966,-1.0049915072234106,12.070411229703067,0.998,2.4162307692307694,2640.0,-0.0007391336909994,0.006201582645426,0.6333597521157619,discharge,0.675073615562263,0.0100593580037999,3.505394927808126,1
2.890921038952097,-1.0049414633349578,12.076612812348497,0.998,2.4155384615384614,2641.0,-0.0007391336909994,0.0062015826454278,0.633220176912521,discharge,0.6749499202876499,0.010058864002722758,3.505315838618351,1
2.8901819052610978,-1.004891419446505,12.082814394993925,0.998,2.414846153846154,2642.0,-0.0007391336909994,0.0062015826454278,0.63308060865982,discharge,0.6748262311727912,0.010058369681806,3.5052368165115495,1
2.8894427715700988,-1.004841375558052,12.08901597763935,0.998,2.4141538461538463,2643.0,-0.0007391336909989,0.0062015826454278,0.6329410473576592,discharge,0.6747025482176867,0.010057875056939723,3.505157861376143,1
2.8887036378790993,-1.004791331669599,12.095217560284778,0.998,2.4134615384615388,2644.0,-0.0007391336909994,0.0062015826454278,0.6328014930060384,discharge,0.6745788714223366,0.01005738014322458,3.5050789731012357,1
2.8879645041881,-1.0047412877811466,12.101419142930206,0.998,2.4127692307692308,2645.0,-0.0007391336909994,0.0062015826454278,0.6326619456049577,discharge,0.6744552007867408,0.010056884955011,3.505000151576596,1
2.8872253704971005,-1.0046912438926936,12.107620725575632,0.998,2.4120769230769232,2646.0,-0.0007391336909994,0.006201582645426,0.632522405154417,discharge,0.6743315363108994,0.010056389505936467,3.5049213966926143,1
2.886486236806101,-1.0046412000042408,12.11382230822106,0.998,2.4113846153846157,2647.0,-0.0007391336909994,0.0062015826454278,0.6323828716544164,discharge,0.6742078779948122,0.010055893808960931,3.504842708340236,1
2.8857471031151016,-1.004591156115788,12.120023890866488,0.998,2.4106923076923077,2648.0,-0.0007391336909994,0.0062015826454278,0.6322433451049561,discharge,0.6740842258384794,0.010055397876400474,3.5047640864109737,1
2.885007969424102,-1.004541112227335,12.126225473511916,0.998,2.41,2649.0,-0.0007391336909994,0.0062015826454278,0.6321038255060355,discharge,0.6739605798419009,0.010054901719959295,3.5046855307968543,1
2.8843328647444886,-1.004623191052426,12.135467588503133,0.998,2.4092857142857143,2650.0,-0.0006751046796136,0.0092421149912169,0.6319642945072783,discharge,0.6738369237424825,0.010054470991242013,3.504604322778896,1
2.883657760064875,-1.0047052698775167,12.144709703494351,0.998,2.408571428571429,2651.0,-0.0006751046796136,0.0092421149912187,0.6318247521086842,discharge,0.673713257540224,0.010054102439704334,3.504523107989875,1
2.8829826553852613,-1.0047873487026078,12.153951818485568,0.998,2.407857142857143,2652.0,-0.0006751046796136,0.0092421149912169,0.6316851983102533,discharge,0.6735895812351256,0.010053792976293724,3.5044418894466207,1
2.8823075507056473,-1.0048694275276986,12.163193933476784,0.998,2.407142857142857,2653.0,-0.000675104679614,0.0092421149912169,0.6315456331119855,discharge,0.6734658948271871,0.01005353966542626,3.5043606700123524,1
2.8816324460260336,-1.0049515063527894,12.172436048468002,0.998,2.4064285714285716,2654.0,-0.0006751046796136,0.0092421149912169,0.6314060565138809,discharge,0.6733421983164086,0.010053339717362091,3.504279452404251,1
2.88095734134642,-1.0050335851778802,12.18167816345922,0.998,2.4057142857142857,2655.0,-0.0006751046796136,0.0092421149912187,0.6312664685159396,discharge,0.6732184917027901,0.010053190480959692,3.5041982392007744,1
2.8802822366668064,-1.0051156640029713,12.190920278450438,0.998,2.405,2656.0,-0.0006751046796136,0.0092421149912169,0.6311268691181614,discharge,0.6730947749863316,0.010053089436790097,3.504117032848468,1
2.8796071319871928,-1.005197742828062,12.200162393441657,0.998,2.4042857142857144,2657.0,-0.0006751046796136,0.0092421149912169,0.6309872583205465,discharge,0.6729710481670331,0.010053034190593226,3.504035835668554,1
2.878932027307579,-1.0052798216531529,12.209404508432874,0.998,2.4035714285714285,2658.0,-0.0006751046796136,0.0092421149912187,0.6308476361230946,discharge,0.6728473112448947,0.010053022467059317,3.503954649863159,1
2.8782569226279655,-1.0053619004782437,12.21864662342409,0.998,2.402857142857143,2659.0,-0.0006751046796136,0.0092421149912169,0.6307080025258059,discharge,0.6727235642199163,0.010053052103919297,3.5038734775211853,1
2.877581817948351,-1.0054439793033343,12.227888738415308,0.998,2.402142857142857,2660.0,-0.000675104679614,0.0092421149912169,0.6305683575286805,discharge,0.6725998070920979,0.010053121046328764,3.5037923206239516,1
2.876906713268738,-1.0055260581284255,12.237130853406525,0.998,2.4014285714285712,2661.0,-0.0006751046796136,0.0092421149912169,0.6304287011317182,discharge,0.6724760398614394,0.010053227341530966,3.5037111810505204,1
2.876231608589124,-1.0056081369535164,12.246372968397743,0.998,2.400714285714286,2662.0,-0.0006751046796136,0.0092421149912187,0.6302890333349191,discharge,0.672352262527941,0.010053369133784941,3.503630060582786,1
2.8755565039095106,-1.0056902157786072,12.25561508338896,0.998,2.4,2663.0,-0.0006751046796136,0.0092421149912169,0.6301493541382832,discharge,0.6722284750916026,0.010053544659545633,3.503548960910276,1
2.874796700438788,-1.0056015475102298,12.25688989957119,0.9979846153846154,2.399230769230769,2664.0,-0.0007598034707227,0.0012748161822297,0.6300096872566845,discharge,0.6721046985691792,0.010053667413248969,3.503471396851407,1
2.8740368969680645,-1.0055128792418524,12.25816471575342,0.9979692307692308,2.398461538461538,2665.0,-0.0007598034707232,0.0012748161822297,0.6298700326901232,discharge,0.671980932960671,0.010053740016687358,3.503393950737216,1
2.8732770934973417,-1.005424210973475,12.259439531935648,0.9979538461538462,2.397692307692308,2666.0,-0.0007598034707227,0.001274816182228,0.6297303904385991,discharge,0.6718571782660778,0.010053764961398759,3.5033166199707813,1
2.872517290026619,-1.0053355427050978,12.260714348117878,0.9979384615384616,2.396923076923077,2667.0,-0.0007598034707227,0.0012748161822297,0.6295907605021123,discharge,0.6717334344853998,0.010053744615137908,3.5032394020789077,1
2.8717574865558957,-1.0052468744367205,12.261989164300108,0.9979230769230768,2.396153846153846,2668.0,-0.0007598034707232,0.0012748161822297,0.6294511428806626,discharge,0.6716097016186369,0.010053681228026046,3.503162294705949,1
2.870997683085173,-1.005158206168343,12.263263980482336,0.9979076923076924,2.3953846153846152,2669.0,-0.0007598034707227,0.0012748161822297,0.6293115375742504,discharge,0.671485979665789,0.010053576938395127,3.5030852956079888,1
2.87023787961445,-1.0050695378999657,12.264538796664564,0.9978923076923076,2.394615384615385,2670.0,-0.0007598034707227,0.001274816182228,0.6291719445828754,discharge,0.6713622686268563,0.010053433778341671,3.503008402647257,1
2.8694780761437273,-1.0049808696315885,12.265813612846795,0.9978769230769232,2.393846153846154,2671.0,-0.0007598034707227,0.0012748161822297,0.6290323639065376,discharge,0.6712385685018386,0.01005325367900469,3.502931613786885,1
2.868718272673004,-1.004892201363211,12.267088429029023,0.9978615384615384,2.393076923076923,2672.0,-0.0007598034707232,0.0012748161822297,0.6288927955452372,discharge,0.671114879290736,0.010053038475581408,3.5028549270858704,1
2.8679584692022813,-1.0048035330948335,12.268363245211257,0.9978461538461538,2.392307692307692,2673.0,-0.0007598034707227,0.0012748161822297,0.6287532394989741,discharge,0.6709912009935485,0.010052789912093787,3.5027783406943147,1
2.8671986657315585,-1.0047148648264563,12.269638061393485,0.9978307692307692,2.391538461538462,2674.0,-0.0007598034707227,0.001274816182228,0.6286136957677482,discharge,0.6708675336102761,0.010052509645918247,3.5027018528488987,1
2.866438862260835,-1.004626196558079,12.270912877575713,0.9978153846153848,2.390769230769231,2675.0,-0.0007598034707232,0.0012748161822297,0.6284741643515596,discharge,0.6707438771409188,0.010052199252090343,3.502625461868563,1
2.8656790587901124,-1.0045375282897016,12.272187693757942,0.9978,2.39,2676.0,-0.0007598034707227,0.0012748161822297,0.6283346452504082,discharge,0.6706202315854766,0.010051860227395574,3.5025491661504415,1
2.864952305662562,-1.004663852104827,12.28021660046595,0.9978142857142858,2.3892857142857142,2677.0,-0.0007267531275503,0.0080289067080077,0.6281951086042825,discharge,0.6704965704812094,0.01005160080544474,3.502468540751242,1
2.864225552535012,-1.0047901759199522,12.28824550717396,0.9978285714285714,2.388571428571429,2678.0,-0.0007267531275498,0.0080289067080094,0.6280555544131825,discharge,0.670372893828117,0.010051417031457975,3.502387889399391,1
2.863498799407462,-1.0049164997350777,12.296274413881967,0.9978428571428573,2.387857142857143,2679.0,-0.0007267531275503,0.0080289067080077,0.6279159826771082,discharge,0.6702492016261997,0.010051305147134619,3.5023072157849593,1
2.862772046279912,-1.0050428235502031,12.304303320589977,0.9978571428571428,2.387142857142857,2680.0,-0.0007267531275498,0.0080289067080077,0.6277763933960596,discharge,0.6701254938754573,0.010051261580891842,3.5022265234111267,1
2.8620452931523617,-1.0051691473653284,12.312332227297984,0.9978714285714286,2.3864285714285716,2681.0,-0.0007267531275503,0.0080289067080094,0.6276367865700365,discharge,0.6700017705758898,0.010051282938588235,3.502145815603443,1
2.861318540024812,-1.0052954711804538,12.320361134005992,0.9978857142857144,2.3857142857142857,2682.0,-0.0007267531275498,0.0080289067080077,0.6274971621990393,discharge,0.6698780317274973,0.010051365994708262,3.5020650955186574,1
2.8605917868972615,-1.005421794995579,12.328390040714002,0.9979,2.385,2683.0,-0.0007267531275503,0.0080289067080094,0.6273575202830677,discharge,0.6697542773302797,0.010051507683984677,3.501984366153067,1
2.859865033769711,-1.0055481188107045,12.33641894742201,0.9979142857142858,2.3842857142857143,2684.0,-0.0007267531275503,0.0080289067080077,0.6272178608221217,discharge,0.6696305073842371,0.010051705093437164,3.50190363035053,1
2.8591382806421612,-1.00567444262583,12.344447854130015,0.9979285714285714,2.3835714285714285,2685.0,-0.0007267531275498,0.0080289067080077,0.6270781838162016,discharge,0.6695067218893694,0.010051955454806496,3.501822890809955,1
2.858411527514611,-1.0058007664409552,12.352476760838028,0.9979428571428572,2.382857142857143,2686.0,-0.0007267531275503,0.0080289067080094,0.6269384892653069,discharge,0.6693829208456767,0.010052256137364582,3.501742150092582,1
2.857684774387061,-1.0059270902560806,12.360505667546034,0.9979571428571428,2.382142857142857,2687.0,-0.0007267531275498,0.0080289067080077,0.6267987771694381,discharge,0.6692591042531589,0.010052604641081722,3.501661410628731,1
2.8569580212595107,-1.006053414071206,12.368534574254042,0.9979714285714286,2.3814285714285712,2688.0,-0.0007267531275503,0.0080289067080077,0.6266590475285949,discharge,0.6691352721118161,0.01005299859013332,3.5015806747243574,1
2.856231268131961,-1.0061797378863313,12.376563480962052,0.9979857142857144,2.380714285714286,2689.0,-0.0007267531275498,0.0080289067080094,0.6265193003427774,discharge,0.6690114244216482,0.010053435726729194,3.5014999445671804,1
2.8555045150044105,-1.0063060617014568,12.38459238767006,0.998,2.38,2690.0,-0.0007267531275503,0.0080289067080077,0.6263795356119854,discharge,0.6688875611826552,0.010053913905249455,3.501419222232578,1
2.8546854803184742,-1.0061726130516926,12.389067241140207,0.998,2.379230769230769,2691.0,-0.0008190346859362,0.0044748534701497,0.6262397894157283,discharge,0.6687637143694622,0.010054302027940476,3.5013438542369006,1
2.853866445632538,-1.0060391644019286,12.39354209461036,0.998,2.378461538461538,2692.0,-0.0008190346859362,0.0044748534701497,0.6261000617540058,discharge,0.6686398839820691,0.010054604568906575,3.501268640540912,1
2.8530474109466017,-1.0059057157521645,12.398016948080508,0.998,2.377692307692308,2693.0,-0.0008190346859362,0.0044748534701497,0.625960352626818,discharge,0.6685160700204759,0.010054825779972068,3.501193576776898,1
2.852228376260666,-1.0057722671024003,12.402491801550656,0.998,2.376923076923077,2694.0,-0.0008190346859358,0.0044748534701479,0.6258206620341649,discharge,0.6683922724846825,0.010054969701724472,3.501118658788353,1
2.8514093415747297,-1.0056388184526364,12.406966655020806,0.998,2.376153846153846,2695.0,-0.0008190346859362,0.0044748534701497,0.6256809899760465,discharge,0.668268491374689,0.01005504017400905,3.501043882619459,1
2.8505903068887934,-1.0055053698028724,12.411441508490956,0.998,2.375384615384615,2696.0,-0.0008190346859362,0.0044748534701497,0.6255413364524627,discharge,0.6681447266904954,0.010055040845901978,3.5009692445051406,1
2.849771272202857,-1.0053719211531085,12.415916361961106,0.998,2.374615384615385,2697.0,-0.0008190346859362,0.0044748534701497,0.6254017014634137,discharge,0.6680209784321017,0.01005497518518803,3.5008947408615803,1
2.848952237516921,-1.0052384725033443,12.420391215431255,0.998,2.373846153846154,2698.0,-0.0008190346859362,0.0044748534701497,0.6252620850088993,discharge,0.6678972465995079,0.010054846487367401,3.5008203682771812,1
2.8481332028309847,-1.00510502385358,12.424866068901403,0.998,2.373076923076923,2699.0,-0.0008190346859362,0.0044748534701497,0.6251224870889197,discharge,0.667773531192714,0.010054657884215052,3.5007461235040553,1
2.847314168145049,-1.0049715752038162,12.429340922371551,0.998,2.372307692307692,2700.0,-0.0008190346859358,0.0044748534701479,0.6249829077034748,discharge,0.6676498322117199,0.010054412351914815,3.500672003449864,1
2.8464951334591126,-1.004838126554052,12.433815775841705,0.998,2.371538461538462,2701.0,-0.0008190346859362,0.0044748534701497,0.6248433468525645,discharge,0.6675261496565258,0.010054112718789397,3.5005980051700796,1
2.8456760987731764,-1.004704677904288,12.438290629311853,0.998,2.370769230769231,2702.0,-0.0008190346859362,0.0044748534701497,0.6247038045361888,discharge,0.6674024835271315,0.010053761672646317,3.5005241258606663,1
2.84485706408724,-1.004571229254524,12.442765482782002,0.998,2.37,2703.0,-0.0008190346859362,0.0044748534701497,0.6245642807543479,discharge,0.6672788338235371,0.010053361767758921,3.5004503628510752,1
2.8441059620389444,-1.0046203167431198,12.445343643746517,0.998,2.369285714285714,2704.0,-0.0007511020482957,0.0025781609645125,0.6244247501548004,discharge,0.6671551780779089,0.010053006118103665,3.5003729582430436,1
2.843354859990648,-1.0046694042317157,12.44792180471103,0.998,2.3685714285714288,2705.0,-0.0007511020482962,0.0025781609645143,0.6242852127375459,discharge,0.6670315162902468,0.01005269252501638,3.5002955648727117,1
2.8426037579423524,-1.0047184917203116,12.450499965675542,0.998,2.367857142857143,2706.0,-0.0007511020482957,0.0025781609645125,0.6241456685025848,discharge,0.6669078484605507,0.01005241889906572,3.500218184744098,1
2.8418526558940567,-1.0047675792089077,12.453078126640056,0.998,2.367142857142857,2707.0,-0.0007511020482957,0.0025781609645125,0.6240061174499169,discharge,0.6667841745888208,0.010052183254626324,3.5001408197572546,1
2.8411015538457605,-1.0048166666975034,12.455656287604569,0.998,2.3664285714285715,2708.0,-0.0007511020482962,0.0025781609645125,0.6238665595795423,discharge,0.666660494675057,0.010051983704721582,3.50006347171345,1
2.8403504517974647,-1.0048657541860992,12.45823444856908,0.998,2.3657142857142857,2709.0,-0.0007511020482957,0.0025781609645143,0.6237269948914608,discharge,0.6665368087192592,0.01005181845612262,3.499986142320064,1
2.8395993497491685,-1.0049148416746951,12.460812609533594,0.998,2.365,2710.0,-0.0007511020482962,0.0025781609645125,0.6235874233856726,discharge,0.6664131167214277,0.010051685804690775,3.4999088331952457,1
2.8388482477008727,-1.004963929163291,12.463390770498108,0.998,2.3642857142857143,2711.0,-0.0007511020482957,0.0025781609645125,0.6234478450621778,discharge,0.6662894186815622,0.01005158413095147,3.49983154587234,1
2.838097145652577,-1.005013016651887,12.46596893146262,0.998,2.3635714285714284,2712.0,-0.0007511020482957,0.0025781609645143,0.623308259920976,discharge,0.6661657145996628,0.010051511895887976,3.4997542818040905,1
2.8373460436042808,-1.0050621041404828,12.468547092427134,0.998,2.362857142857143,2713.0,-0.0007511020482962,0.0025781609645125,0.6231686679620677,discharge,0.6660420044757295,0.010051467636944145,3.499677042366634,1
2.836594941555985,-1.0051111916290787,12.471125253391646,0.998,2.362142857142857,2714.0,-0.0007511020482957,0.0025781609645125,0.6230290691854525,discharge,0.6659182883097623,0.010051449964225743,3.4995998288633188,1
2.8358438395076893,-1.0051602791176746,12.47370341435616,0.998,2.361428571428571,2715.0,-0.0007511020482957,0.0025781609645125,0.6228894635911306,discharge,0.6657945661017612,0.010051457556890502,3.499522642528285,1
2.835092737459393,-1.0052093666062705,12.476281575320671,0.998,2.3607142857142858,2716.0,-0.0007511020482962,0.0025781609645143,0.622749851179102,discharge,0.6656708378517263,0.010051489159717514,3.4994454845299234,1
2.8343416354110973,-1.0052584540948664,12.478859736285186,0.998,2.36,2717.0,-0.0007511020482957,0.0025781609645125,0.6226102319493666,discharge,0.6655471035596575,0.010051543579847064,3.4993683559741133,1
2.8335056011336213,-1.0052045582209133,12.48649901853851,0.998,2.359153846153846,2718.0,-0.000836034277476,0.0076392822533239,0.6224706202051692,discharge,0.6654233759014725,0.010051568520053086,3.499293376524893,1
2.8326695668561457,-1.0051506623469602,12.494138300791835,0.998,2.3583076923076924,2719.0,-0.0008360342774755,0.0076392822533257,0.6223310159465099,discharge,0.6652996548771714,0.010051565444940973,3.499218484946017,1
2.8318335325786697,-1.005096766473007,12.50177758304516,0.998,2.3574615384615383,2720.0,-0.000836034277476,0.0076392822533239,0.6221914191733887,discharge,0.665175940486754,0.010051535746352395,3.4991436797411675,1
2.830997498301194,-1.005042870599054,12.509416865298483,0.998,2.356615384615385,2721.0,-0.0008360342774755,0.0076392822533239,0.6220518298858055,discharge,0.6650522327302205,0.010051480746980309,3.49906895948311,1
2.830161464023718,-1.0049889747251008,12.51705614755181,0.998,2.355769230769231,2722.0,-0.000836034277476,0.0076392822533257,0.6219122480837603,discharge,0.6649285316075708,0.010051401703804363,3.4989943228102236,1
2.8293254297462425,-1.0049350788511475,12.524695429805131,0.998,2.354923076923077,2723.0,-0.0008360342774755,0.0076392822533239,0.6217726737672532,discharge,0.664804837118805,0.010051299811355633,3.4989197684232747,1
2.8284893954687664,-1.0048811829771944,12.532334712058455,0.998,2.354076923076923,2724.0,-0.000836034277476,0.0076392822533239,0.6216331069362842,discharge,0.664681149263923,0.010051176204819158,3.4988452950822753,1
2.827653361191291,-1.004827287103241,12.53997399431178,0.998,2.3532307692307692,2725.0,-0.0008360342774755,0.0076392822533239,0.6214935475908532,discharge,0.6645574680429248,0.010051031962982336,3.498770901603571,1
2.826817326913815,-1.0047733912292882,12.547613276565109,0.998,2.3523846153846155,2726.0,-0.000836034277476,0.0076392822533257,0.6213539957309602,discharge,0.6644337934558104,0.010050868111036842,3.4986965868570086,1
2.8259812926363392,-1.0047194953553351,12.555252558818433,0.998,2.351538461538462,2727.0,-0.0008360342774755,0.0076392822533239,0.6212144513566054,discharge,0.66431012550258,0.010050685623241339,3.4986223497633024,1
2.825145258358863,-1.004665599481382,12.562891841071757,0.998,2.3506923076923076,2728.0,-0.000836034277476,0.0076392822533239,0.6210749144677885,discharge,0.6641864641832332,0.010050485425451906,3.49854818929148,1
2.8243092240813876,-1.004611703607429,12.57053112332508,0.998,2.349846153846154,2729.0,-0.0008360342774755,0.0076392822533257,0.6209353850645096,discharge,0.6640628094977704,0.010050268397526749,3.4984741044564807,1
2.8234731898039116,-1.0045578077334758,12.578170405578405,0.998,2.349,2730.0,-0.000836034277476,0.0076392822533239,0.6207958631467689,discharge,0.6639391614461915,0.010050035375611437,3.4984000943168994,1
2.8226288181911996,-1.004585023160686,12.583453631277942,0.998,2.3481538461538465,2731.0,-0.000844371612712,0.0052832256995376,0.6206563374491076,discharge,0.6638155100447459,0.010049827451582397,3.4983244893744088,1
2.821784446578488,-1.0046122385878964,12.58873685697748,0.998,2.3473076923076923,2732.0,-0.0008443716127115,0.0052832256995376,0.620516807971526,discharge,0.6636918552934339,0.010049643378540212,3.4982489130096845,1
2.820940074965776,-1.0046394540151065,12.59402008267702,0.998,2.3464615384615386,2733.0,-0.000844371612712,0.0052832256995394,0.6203772747140239,discharge,0.6635681971922553,0.010049481971533231,3.4981733663153074,1
2.820095703353064,-1.0046666694423168,12.599303308376555,0.998,2.345615384615385,2734.0,-0.000844371612712,0.0052832256995376,0.6202377376766014,discharge,0.6634445357412103,0.010049342104479926,3.498097850324842,1
2.8192513317403525,-1.004693884869527,12.604586534076097,0.998,2.3447692307692307,2735.0,-0.0008443716127115,0.0052832256995376,0.6200981968592584,discharge,0.6633208709402988,0.01004922270724413,3.498022366015813,1
2.8184069601276405,-1.0047211002967371,12.609869759775632,0.998,2.343923076923077,2736.0,-0.000844371612712,0.0052832256995376,0.619958652261995,discharge,0.6631972027895208,0.010049122762855597,3.4979469143124247,1
2.8175625885149285,-1.0047483157239474,12.615152985475172,0.998,2.3430769230769233,2737.0,-0.000844371612712,0.0052832256995394,0.6198191038848111,discharge,0.6630735312888763,0.01004904130486864,3.497871496088236,1
2.8167182169022165,-1.0047755311511577,12.62043621117471,0.998,2.3422307692307696,2738.0,-0.000844371612712,0.0052832256995376,0.6196795517277067,discharge,0.6629498564383652,0.010048977414851995,3.4977961121686936,1
2.815873845289505,-1.004802746578368,12.625719436874247,0.998,2.3413846153846154,2739.0,-0.0008443716127115,0.0052832256995376,0.619539995790682,discharge,0.6628261782379877,0.010048930220003395,3.4977207633334495,1
2.815029473676793,-1.0048299620055785,12.631002662573785,0.998,2.3405384615384617,2740.0,-0.000844371612712,0.0052832256995376,0.6194004360737368,discharge,0.6627024966877437,0.010048898890882658,3.4976454503187044,1
2.814185102064081,-1.0048571774327884,12.636285888273324,0.998,2.339692307692308,2741.0,-0.000844371612712,0.0052832256995394,0.6192608725768711,discharge,0.6625788117876332,0.010048882639257394,3.497570173819295,1
2.8133407304513693,-1.0048843928599986,12.641569113972862,0.998,2.338846153846154,2742.0,-0.0008443716127115,0.0052832256995376,0.619121305300085,discharge,0.6624551235376562,0.010048880716055744,3.497494934490801,1
2.8124963588386573,-1.004911608287209,12.6468523396724,0.998,2.338,2743.0,-0.000844371612712,0.0052832256995376,0.6189817342433784,discharge,0.6623314319378127,0.010048892409420824,3.4974197329514425,1
2.811716444525789,-1.005009564505871,12.656408886125194,0.998,2.337214285714286,2744.0,-0.0007799143128681,0.009556546452794,0.6188421495816414,discharge,0.6622077282808279,0.010048952187913855,3.4973431145740217,1
2.810936530212921,-1.0051075207245332,12.665965432577988,0.998,2.3364285714285713,2745.0,-0.0007799143128681,0.009556546452794,0.6187025513148743,discharge,0.6620840125667015,0.010049057662595883,3.4972664964806732,1
2.810156615900053,-1.0052054769431953,12.675521979030782,0.998,2.335642857142857,2746.0,-0.0007799143128681,0.009556546452794,0.6185629394430765,discharge,0.6619602847954337,0.010049206563213911,3.4971898808588273,1
2.8093767015871847,-1.005303433161857,12.685078525483574,0.998,2.334857142857143,2747.0,-0.0007799143128681,0.0095565464527922,0.6184233139662485,discharge,0.6618365449670244,0.010049396732304402,3.4971132697829774,1
2.8085967872743165,-1.0054013893805194,12.694635071936368,0.998,2.334071428571429,2748.0,-0.0007799143128681,0.009556546452794,0.6182836748843902,discharge,0.6617127930814737,0.010049626119589742,3.4970366652202554,1
2.8078168729614483,-1.0054993455991816,12.704191618389162,0.998,2.333285714285714,2749.0,-0.0007799143128681,0.009556546452794,0.6181440221975014,discharge,0.6615890291387815,0.010049892776653083,3.4969600690357816,1
2.80703695864858,-1.0055973018178437,12.713748164841956,0.998,2.3325,2750.0,-0.0007799143128681,0.009556546452794,0.6180043559055822,discharge,0.6614652531389479,0.01005019485187776,3.4968834829976934,1
2.806257044335712,-1.0056952580365055,12.72330471129475,0.998,2.331714285714286,2751.0,-0.0007799143128681,0.009556546452794,0.6178646760086326,discharge,0.6613414650819728,0.0100505305856381,3.4968069087819904,1
2.805477130022844,-1.005793214255168,12.732861257747544,0.998,2.3309285714285712,2752.0,-0.0007799143128681,0.009556546452794,0.6177249825066528,discharge,0.6612176649678563,0.010050898305729201,3.496730347977071,1
2.8046972157099757,-1.00589117047383,12.742417804200338,0.998,2.330142857142857,2753.0,-0.0007799143128681,0.009556546452794,0.6175852753996425,discharge,0.6610938527965984,0.010051296423023718,3.4966538020881037,1
2.8039173013971075,-1.005989126692492,12.75197435065313,0.998,2.329357142857143,2754.0,-0.0007799143128681,0.0095565464527922,0.6174455546876019,discharge,0.660970028568199,0.010051723427344464,3.4965772725411415,1
2.8031373870842393,-1.006087082911154,12.761530897105924,0.998,2.3285714285714287,2755.0,-0.0007799143128681,0.009556546452794,0.6173058203705309,discharge,0.6608461922826582,0.010052177883542044,3.4965007606870393,1
2.802357472771371,-1.0061850391298164,12.771087443558718,0.998,2.327785714285714,2756.0,-0.0007799143128681,0.009556546452794,0.6171660724484296,discharge,0.6607223439399759,0.010052658427767373,3.496424267805189,1
2.801577558458503,-1.0062829953484784,12.780643990011512,0.998,2.327,2757.0,-0.0007799143128681,0.009556546452794,0.6170263109212979,discharge,0.6605984835401522,0.01005316376392936,3.496347795107066,1
2.8006812139122395,-1.006242483891323,12.783017331614776,0.998,2.326076923076923,2758.0,-0.0008963445462635,0.0023733416032651,0.6168865550207574,discharge,0.6604746281267639,0.010053623867577351,3.4962741920588605,1
2.7997848693659764,-1.006201972434168,12.785390673218044,0.998,2.325153846153846,2759.0,-0.000896344546263,0.0023733416032651,0.6167468047468082,discharge,0.6603507776998113,0.0100540409859283,3.496200686953453,1
2.798888524819713,-1.0061614609770129,12.787764014821308,0.998,2.3242307692307693,2760.0,-0.0008963445462635,0.0023733416032651,0.6166070600994502,discharge,0.6602269322592942,0.010054417254554157,3.496127277548812,1
2.7979921802734493,-1.0061209495198575,12.790137356424571,0.998,2.3233076923076923,2761.0,-0.0008963445462635,0.0023733416032651,0.6164673210786836,discharge,0.6601030918052125,0.010054754702928562,3.4960539617088866,1
2.7970958357271862,-1.0060804380627024,12.792510698027838,0.998,2.3223846153846153,2762.0,-0.000896344546263,0.0023733416032651,0.6163275876845082,discharge,0.6599792563375665,0.010055055259697953,3.4959807373984075,1
2.7961994911809227,-1.0060399266055473,12.794884039631103,0.998,2.3214615384615382,2763.0,-0.0008963445462635,0.0023733416032651,0.6161878599169242,discharge,0.6598554258563559,0.010055320757690818,3.495907602677831,1
2.795303146634659,-1.005999415148392,12.797257381234369,0.998,2.3205384615384617,2764.0,-0.0008963445462635,0.0023733416032634,0.6160481377759313,discharge,0.659731600361581,0.010055552938678063,3.4958345556985737,1
2.7944068020883956,-1.0059589036912369,12.799630722837632,0.998,2.3196153846153846,2765.0,-0.0008963445462635,0.0023733416032651,0.6159084212615298,discharge,0.6596077798532415,0.01005575345789689,3.4957615946985183,1
2.793510457542133,-1.0059183922340815,12.802004064440895,0.998,2.3186923076923076,2766.0,-0.000896344546263,0.0023733416032651,0.6157687103737195,discharge,0.6594839643313375,0.01005592388834991,3.495688717997698,1
2.792614112995869,-1.0058778807769264,12.804377406044162,0.998,2.3177692307692306,2767.0,-0.0008963445462635,0.0023733416032651,0.6156290051125004,discharge,0.6593601537958691,0.010056065724890685,3.4956159239942175,1
2.7917177684496055,-1.0058373693197713,12.806750747647428,0.998,2.316846153846154,2768.0,-0.0008963445462635,0.0023733416032651,0.6154893054778727,discharge,0.6592363482468362,0.01005618038810628,3.495543211160362,1
2.7908214239033424,-1.005796857862616,12.809124089250693,0.998,2.315923076923077,2769.0,-0.000896344546263,0.0023733416032651,0.6153496114698362,discharge,0.6591125476842388,0.010056269228006932,3.495470578038913,1
2.789925079357079,-1.0057563464054609,12.811497430853958,0.998,2.315,2770.0,-0.0008963445462635,0.0023733416032651,0.615209923088391,discharge,0.658988752108077,0.010056333527532412,3.4953980232396407,1
2.7890286727143505,-1.00579487175222,12.81988364923868,0.998,2.314076923076923,2771.0,-0.0008964066427283,0.0083862183847216,0.6150702293562031,discharge,0.6588649517899441,0.010056413772515612,3.4953239196789436,1
2.7881322660716226,-1.0058333970989792,12.8282698676234,0.998,2.313153846153846,2772.0,-0.0008964066427279,0.0083862183847216,0.6149305302732728,discharge,0.6587411467298401,0.010056509170763048,3.495249848789573,1
2.787235859428894,-1.0058719224457384,12.83665608600812,0.998,2.3122307692307693,2773.0,-0.0008964066427283,0.0083862183847198,0.6147908258395998,discharge,0.658617336927765,0.010056618969438557,3.495175811228714,1
2.786339452786166,-1.0059104477924976,12.845042304392845,0.998,2.3113076923076923,2774.0,-0.0008964066427283,0.0083862183847216,0.6146511160551842,discharge,0.6584935223837189,0.01005674245310797,3.4951018076160065,1
2.785443046143438,-1.0059489731392568,12.853428522777564,0.998,2.3103846153846153,2775.0,-0.0008964066427279,0.0083862183847216,0.6145114009200259,discharge,0.6583697030977017,0.010056878941880924,3.4950278385354396,1
2.7845466395007095,-1.005987498486016,12.861814741162286,0.998,2.3094615384615382,2776.0,-0.0008964066427283,0.0083862183847216,0.614371680434125,discharge,0.6582458790697134,0.010057027789645,3.494953904537089,1
2.783650232857981,-1.006026023832775,12.870200959547006,0.998,2.3085384615384617,2777.0,-0.0008964066427283,0.0083862183847198,0.6142319545974817,discharge,0.6581220502997541,0.010057188382387578,3.494880006138798,1
2.7827538262152527,-1.006064549179534,12.878587177931728,0.998,2.3076153846153846,2778.0,-0.0008964066427283,0.0083862183847216,0.6140922234100956,discharge,0.6579982167878237,0.010057360136601077,3.4948061438277818,1
2.7818574195725247,-1.006103074526293,12.88697339631645,0.998,2.3066923076923076,2779.0,-0.0008964066427279,0.0083862183847216,0.613952486871967,discharge,0.6578743785339222,0.010057542497767422,3.4947323180621486,1
2.7809610129297964,-1.0061415998730523,12.89535961470117,0.998,2.3057692307692306,2780.0,-0.0008964066427283,0.0083862183847216,0.6138127449830957,discharge,0.6577505355380496,0.010057734938917798,3.494658529272312,1
2.780064606287068,-1.0061801252198117,12.90374583308589,0.998,2.304846153846154,2781.0,-0.0008964066427283,0.0083862183847198,0.6136729977434818,discharge,0.6576266878002061,0.010057936959263969,3.494584777862381,1
2.77916819964434,-1.006218650566571,12.912132051470612,0.998,2.303923076923077,2782.0,-0.0008964066427279,0.0083862183847216,0.6135332451531254,discharge,0.6575028353203913,0.01005814808289758,3.4945110642114754,1
2.7782717930016116,-1.00625717591333,12.920518269855334,0.998,2.303,2783.0,-0.0008964066427283,0.0083862183847216,0.6133934872120264,discharge,0.6573789780986056,0.010058367857554101,3.4944373886749234,1
2.77739904580545,-1.0062244630467043,12.926585549185548,0.998,2.3022142857142858,2784.0,-0.0008727471961615,0.0060672793302138,0.6132537338143809,discharge,0.6572551249033499,0.010058560461259695,3.49436521688244,1
2.7765262986092885,-1.0061917501800788,12.932652828515764,0.998,2.301428571428571,2785.0,-0.0008727471961615,0.0060672793302156,0.6131139849601892,discharge,0.6571312757346243,0.010058727243906645,3.4942931226122034,1
2.7756535514131273,-1.006159037313453,12.938720107845976,0.998,2.300642857142857,2786.0,-0.0008727471961611,0.0060672793302138,0.6129742406494513,discharge,0.6570074305924287,0.010058869488322623,3.494221104473666,1
2.7747808042169657,-1.0061263244468277,12.944787387176191,0.998,2.299857142857143,2787.0,-0.0008727471961615,0.0060672793302138,0.612834500882167,discharge,0.6568835894767633,0.010058988413602567,3.4941491611399162,1
2.773908057020804,-1.0060936115802015,12.950854666506403,0.998,2.2990714285714287,2788.0,-0.0008727471961615,0.0060672793302138,0.6126947656583364,discharge,0.6567597523876278,0.010059085178274998,3.494077291344513,1
2.7730353098246425,-1.0060608987135762,12.95692194583662,0.998,2.298285714285714,2789.0,-0.0008727471961615,0.0060672793302156,0.6125550349779595,discharge,0.6566359193250225,0.010059160883311066,3.4940054938785132,1
2.772162562628482,-1.0060281858469504,12.962989225166837,0.998,2.2975,2790.0,-0.0008727471961611,0.0060672793302138,0.6124153088410362,discharge,0.6565120902889473,0.010059216574984075,3.493933767587587,1
2.77128981543232,-1.0059954729803249,12.969056504497049,0.998,2.2967142857142857,2791.0,-0.0008727471961615,0.0060672793302138,0.6122755872475668,discharge,0.6563882652794021,0.010059253247586952,3.4938621113692854,1
2.770417068236158,-1.0059627601136991,12.975123783827264,0.998,2.295928571428571,2792.0,-0.0008727471961615,0.0060672793302156,0.612135870197551,discharge,0.656264444296387,0.010059271846014706,3.4937905241704965,1
2.7695443210399966,-1.0059300472470734,12.981191063157478,0.998,2.295142857142857,2793.0,-0.0008727471961615,0.0060672793302138,0.6119961576909889,discharge,0.6561406273399019,0.010059273268218594,3.4937190049849476,1
2.768671573843835,-1.0058973343804478,12.987258342487692,0.998,2.2943571428571428,2794.0,-0.0008727471961615,0.0060672793302138,0.6118564497278806,discharge,0.6560168144099469,0.010059258367538348,3.4936475528509274,1
2.767798826647674,-1.005864621513822,12.993325621817906,0.998,2.2935714285714286,2795.0,-0.0008727471961611,0.0060672793302138,0.6117167463082258,discharge,0.655893005506522,0.010059227954918547,3.4935761668490066,1
2.7669260794515123,-1.0058319086471963,12.999392901148122,0.998,2.292785714285714,2796.0,-0.0008727471961615,0.0060672793302156,0.6115770474320248,discharge,0.6557692006296271,0.010059182801014865,3.4935048460999796,1
2.7660533322553507,-1.0057991957805708,13.005460180478336,0.998,2.292,2797.0,-0.0008727471961615,0.0060672793302138,0.6114373530992776,discharge,0.6556453997792623,0.010059123638195682,3.493433589762847,1
2.7651229022946877,-1.005798333824248,13.008983478945936,0.998,2.291076923076923,2798.0,-0.0009304299606629,0.0035232984676003,0.6112976588862464,discharge,0.6555215990349932,0.010059066986438818,3.49336174191391,1
2.7641924723340248,-1.0057974718679252,13.012506777413536,0.998,2.2901538461538458,2799.0,-0.0009304299606629,0.0035232984676003,0.6111579647929315,discharge,0.6553977983968197,0.010059012720991056,3.4932899395918695,1
2.763262042373362,-1.0057966099116027,13.016030075881137,0.998,2.289230769230769,2800.0,-0.0009304299606629,0.0035232984676003,0.6110182708193326,discharge,0.6552739978647418,0.010058960723297095,3.493218182810928,1
2.762331612412699,-1.00579574795528,13.019553374348735,0.998,2.288307692307692,2801.0,-0.0009304299606629,0.0035232984675985,0.6108785769654499,discharge,0.6551501974387597,0.010058910880691633,3.493146471579292,1
2.761401182452036,-1.0057948859989572,13.023076672816336,0.998,2.287384615384615,2802.0,-0.0009304299606629,0.0035232984676003,0.6107388832312834,discharge,0.6550263971188732,0.010058863086106746,3.493074805899487,1
2.760470752491373,-1.0057940240426344,13.026599971283936,0.998,2.286461538461538,2803.0,-0.0009304299606629,0.0035232984676003,0.610599189616833,discharge,0.6549025969050823,0.010058817237793798,3.4930031857686004,1
2.7595403225307096,-1.005793162086312,13.030123269751536,0.998,2.2855384615384615,2804.0,-0.0009304299606633,0.0035232984676003,0.6104594961220988,discharge,0.6547787967973872,0.010058773239059177,3.4929316111785798,1
2.758609892570046,-1.005792300129989,13.033646568219137,0.998,2.2846153846153845,2805.0,-0.0009304299606629,0.0035232984676003,0.6103198027470808,discharge,0.6546549967957876,0.010058730998013144,3.4928600821164637,1
2.7576794626093837,-1.0057914381736663,13.037169866686735,0.998,2.2836923076923075,2806.0,-0.0009304299606629,0.0035232984676003,0.6101801094917789,discharge,0.6545311969002837,0.01005869042733118,3.492788598564615,1
2.7567490326487207,-1.0057905762173436,13.040693165154336,0.998,2.2827692307692304,2807.0,-0.0009304299606629,0.0035232984675985,0.6100404163561931,discharge,0.6544073971108755,0.010058651444027173,3.4927171605009733,1
2.755818602688058,-1.005789714261021,13.044216463621936,0.998,2.281846153846154,2808.0,-0.0009304299606629,0.0035232984676003,0.6099007233403235,discharge,0.6542835974275629,0.010058613969237882,3.492645767899264,1
2.754888172727395,-1.0057888523046985,13.047739762089536,0.998,2.280923076923077,2809.0,-0.0009304299606629,0.0035232984676003,0.6097610304441701,discharge,0.6541597978503461,0.010058577928018106,3.492574420729171,1
2.753957742766732,-1.0057879903483755,13.051263060557137,0.998,2.28,2810.0,-0.0009304299606629,0.0035232984676003,0.6096213376677329,discharge,0.6540359983792248,0.010058543249146032,3.492503118956572,1
2.753059274755164,-1.0058854492611693,13.057978689548346,0.998,2.279071428571428,2811.0,-0.000898468011568,0.0067156289912091,0.6094816313553354,discharge,0.653912186912174,0.010058558712173187,3.4924298403107397,1
2.752160806743595,-1.0059829081739633,13.064694318539557,0.998,2.278142857142857,2812.0,-0.0008984680115684,0.0067156289912091,0.609341911506978,discharge,0.6537883634491937,0.010058621825977236,3.4923565536082415,1
2.751262338732027,-1.006080367086757,13.071409947530764,0.998,2.2772142857142854,2813.0,-0.0008984680115684,0.0067156289912091,0.6092021781226604,discharge,0.6536645279902839,0.010058730223198416,3.4922832611243653,1
2.750363870720459,-1.0061778259995509,13.078125576521971,0.998,2.2762857142857142,2814.0,-0.000898468011568,0.0067156289912091,0.6090624312023827,discharge,0.6535406805354445,0.010058881654090836,3.492209965016605,1
2.749465402708891,-1.0062752849123449,13.084841205513182,0.998,2.275357142857142,2815.0,-0.000898468011568,0.0067156289912091,0.6089226707461448,discharge,0.6534168210846755,0.01005907398067924,3.4921366673305427,1
2.7485669346973225,-1.0063727438251386,13.091556834504392,0.998,2.2744285714285715,2816.0,-0.0008984680115684,0.0067156289912091,0.6087828967539468,discharge,0.653292949637977,0.01005930517120609,3.4920633700053663,1
2.747668466685754,-1.0064702027379324,13.0982724634956,0.998,2.2735,2817.0,-0.0008984680115684,0.0067156289912091,0.6086431092257889,discharge,0.653169066195349,0.010059573294854513,3.4919900748791792,1
2.746769998674186,-1.0065676616507264,13.10498809248681,0.998,2.272571428571428,2818.0,-0.000898468011568,0.0067156289912091,0.6085033081616706,discharge,0.6530451707567915,0.010059876516733419,3.491916783694,1
2.745871530662618,-1.0066651205635202,13.11170372147802,0.998,2.271642857142857,2819.0,-0.000898468011568,0.0067156289912091,0.6083634935615925,discharge,0.6529212633223044,0.01006021309311177,3.4918434981005153,1
2.7449730626510496,-1.0067625794763142,13.118419350469228,0.998,2.2707142857142855,2820.0,-0.0008984680115684,0.0067156289912091,0.608223665425554,discharge,0.6527973438918878,0.010060581366889622,3.4917702196626323,1
2.744074594639481,-1.006860038389108,13.125134979460436,0.998,2.2697857142857143,2821.0,-0.0008984680115684,0.0067156289912091,0.6080838237535555,discharge,0.6526734124655417,0.010060979763294155,3.491696949861775,1
2.743176126627913,-1.0069574973019018,13.131850608451646,0.998,2.2688571428571427,2822.0,-0.000898468011568,0.0067156289912091,0.607943968545597,discharge,0.6525494690432659,0.010061406785789552,3.491623690100961,1
2.742277658616345,-1.0070549562146958,13.138566237442856,0.998,2.2679285714285715,2823.0,-0.000898468011568,0.0067156289912091,0.6078040998016783,discharge,0.6524255136250607,0.010061861012190065,3.491550441708717,1
2.7413791906047766,-1.0071524151274895,13.145281866434065,0.998,2.267,2824.0,-0.0008984680115684,0.0067156289912091,0.6076642175217994,discharge,0.652301546210926,0.010062341090966202,3.491477205942731,1
2.7403963880938544,-1.006971864534062,13.148383568584023,0.998,2.266076923076923,2825.0,-0.0009828025109221,0.0031017021499604,0.6075243603183919,discharge,0.6521776010202301,0.010062707618576318,3.4914097018290553,1
2.739413585582932,-1.0067913139406344,13.151485270733986,0.998,2.265153846153846,2826.0,-0.0009828025109221,0.0031017021499604,0.6073845281914556,discharge,0.6520536780529732,0.010062966236407159,3.49134236340472,1
2.73843078307201,-1.0066107633472068,13.154586972883944,0.998,2.2642307692307693,2827.0,-0.0009828025109221,0.0031017021499586,0.6072447211409908,discharge,0.6519297773091552,0.010063122305573198,3.4912751851771686,1
2.737447980561088,-1.0064302127537792,13.157688675033905,0.998,2.263307692307692,2828.0,-0.0009828025109221,0.0031017021499604,0.6071049391669971,discharge,0.6518058987887762,0.010063180920840955,3.491208161920204,1
2.7364651780501656,-1.0062496621603516,13.160790377183863,0.998,2.262384615384615,2829.0,-0.0009828025109221,0.0031017021499604,0.6069651822694749,discharge,0.651682042491836,0.010063146923861553,3.4911412886608018,1
2.735482375539243,-1.006069111566924,13.163892079333824,0.998,2.261461538461538,2830.0,-0.0009828025109221,0.0031017021499604,0.6068254504484241,discharge,0.6515582084183349,0.010063024915745861,3.4910745606664606,1
2.7344995730283213,-1.0058885609734962,13.166993781483784,0.998,2.2605384615384616,2831.0,-0.0009828025109221,0.0031017021499586,0.6066857437038444,discharge,0.6514343965682726,0.010062819269014884,3.49100797343332,1
2.733516770517399,-1.0057080103800686,13.170095483633744,0.998,2.2596153846153846,2832.0,-0.0009828025109221,0.0031017021499604,0.606546062035736,discharge,0.6513106069416493,0.010062534138956431,3.4909415226747638,1
2.732533968006477,-1.005527459786641,13.173197185783703,0.998,2.2586923076923076,2833.0,-0.0009828025109221,0.0031017021499604,0.606406405444099,discharge,0.6511868395384649,0.010062173474417586,3.490875204310647,1
2.7315511654955547,-1.0053469091932137,13.176298887933664,0.998,2.2577692307692305,2834.0,-0.0009828025109221,0.0031017021499604,0.6062667739289334,discharge,0.6510630943587195,0.010061741028060976,3.4908090144570267,1
2.7305683629846325,-1.005166358599786,13.179400590083624,0.998,2.256846153846154,2835.0,-0.0009828025109221,0.0031017021499586,0.6061271674902389,discharge,0.6509393714024129,0.0100612403661115,3.4907429494164357,1
2.7295855604737103,-1.0049858080063585,13.182502292233584,0.998,2.255923076923077,2836.0,-0.0009828025109221,0.0031017021499604,0.6059875861280157,discharge,0.6508156706695453,0.01006067487761883,3.490677005668592,1
2.728602757962788,-1.0048052574129307,13.185603994383545,0.998,2.255,2837.0,-0.0009828025109221,0.0031017021499604,0.6058480298422639,discharge,0.6506919921601165,0.01006004778325973,3.490611179861619,1
2.72759284052984,-1.004870525430973,13.193873790197902,0.998,2.254,2838.0,-0.001009917432948,0.0082697958143569,0.6057084644915096,discharge,0.6505683056170404,0.010059484269957394,3.4905404131805358,1
2.726582923096892,-1.0049357934490155,13.202143586012255,0.998,2.253,2839.0,-0.001009917432948,0.0082697958143551,0.6055688900757529,discharge,0.6504446110403168,0.010058981178912631,3.490469625057131,1
2.725573005663944,-1.005001061467058,13.210413381826614,0.998,2.252,2840.0,-0.001009917432948,0.0082697958143569,0.6054293065949936,discharge,0.6503209084299458,0.01005853550825998,3.490398818393871,1
2.7245630882309957,-1.0050663294851003,13.218683177640967,0.998,2.251,2841.0,-0.001009917432948,0.0082697958143551,0.6052897140492317,discharge,0.6501971977859273,0.010058144405271013,3.490327995943964,1
2.7235531707980476,-1.0051315975031427,13.226952973455326,0.998,2.25,2842.0,-0.001009917432948,0.0082697958143569,0.6051501124384674,discharge,0.6500734791082614,0.010057805158944992,3.4902571603187407,1
2.7225432533650995,-1.0051968655211851,13.235222769269685,0.998,2.249,2843.0,-0.001009917432948,0.0082697958143569,0.6050105017627005,discharge,0.6499497523969481,0.01005751519296763,3.4901863139947413,1
2.7215333359321514,-1.0052621335392278,13.243492565084038,0.998,2.248,2844.0,-0.001009917432948,0.0082697958143551,0.6048708820219312,discharge,0.6498260176519873,0.01005727205901967,3.490115459320329,1
2.7205234184992033,-1.0053274015572702,13.251762360898397,0.998,2.247,2845.0,-0.001009917432948,0.0082697958143569,0.6047312532161593,discharge,0.6497022748733791,0.010057073430417916,3.4900445985221364,1
2.7195135010662552,-1.0053926695753126,13.260032156712752,0.998,2.246,2846.0,-0.001009917432948,0.0082697958143569,0.604591615345385,discharge,0.6495785240611234,0.010056917096072168,3.4899737337110457,1
2.718503583633307,-1.005457937593355,13.268301952527109,0.998,2.245,2847.0,-0.001009917432948,0.0082697958143551,0.6044519684096081,discharge,0.6494547652152203,0.010056800954742394,3.489902866887962,1
2.717493666200359,-1.0055232056113974,13.276571748341464,0.998,2.244,2848.0,-0.001009917432948,0.0082697958143569,0.6043123124088288,discharge,0.6493309983356698,0.01005672300958122,3.48983199994926,1
2.716483748767411,-1.0055884736294398,13.28484154415582,0.998,2.243,2849.0,-0.001009917432948,0.0082697958143551,0.6041726473430469,discharge,0.6492072234224717,0.010056681362947545,3.489761134691975,1
2.715473831334463,-1.0056537416474822,13.293111339970176,0.998,2.242,2850.0,-0.001009917432948,0.0082697958143569,0.6040329732122625,discharge,0.6490834404756263,0.010056674211477837,3.4896902728187262,1
2.7145208890865877,-1.0057617964952936,13.298393280195349,0.998,2.2410714285714284,2851.0,-0.0009529422478751,0.0052819402251724,0.6038932840738603,discharge,0.648959644228629,0.010056721098520372,3.489618535991713,1
2.7135679468387126,-1.005869851343105,13.303675220420525,0.998,2.240142857142857,2852.0,-0.0009529422478751,0.0052819402251742,0.6037535799278405,discharge,0.6488358346814798,0.010056819339363424,3.489546782536605,1
2.7126150045908375,-1.0059779061909164,13.308957160645695,0.998,2.2392142857142856,2853.0,-0.0009529422478751,0.0052819402251724,0.6036138607742029,discharge,0.6487120118341787,0.010056966382675643,3.4894750149089457,1
2.7116620623429624,-1.0060859610387276,13.314239100870868,0.998,2.2382857142857144,2854.0,-0.0009529422478751,0.0052819402251724,0.6034741266129475,discharge,0.6485881756867258,0.010057159803879522,3.489403235437355,1
2.7107091200950872,-1.006194015886539,13.319521041096042,0.998,2.237357142857143,2855.0,-0.0009529422478751,0.0052819402251742,0.6033343774440743,discharge,0.6484643262391211,0.010057397298854081,3.489331446329828,1
2.709756177847212,-1.0063020707343504,13.324802981321216,0.998,2.2364285714285717,2856.0,-0.0009529422478751,0.0052819402251724,0.6031946132675834,discharge,0.6483404634913645,0.010057676677950421,3.4892596496797395,1
2.708803235599337,-1.0064101255821618,13.330084921546389,0.998,2.2355,2857.0,-0.0009529422478755,0.0052819402251724,0.6030548340834748,discharge,0.6482165874434561,0.010057995860304576,3.4891878474715043,1
2.7078502933514614,-1.0065181804299732,13.33536686177156,0.998,2.2345714285714284,2858.0,-0.0009529422478751,0.0052819402251742,0.6029150398917484,discharge,0.6480926980953958,0.01005835286843292,3.4891160415860054,1
2.7068973511035863,-1.0066262352777846,13.340648801996734,0.998,2.2336428571428573,2859.0,-0.0009529422478751,0.0052819402251724,0.6027752306924044,discharge,0.6479687954471837,0.010058745823096085,3.489044233805713,1
2.705944408855711,-1.006734290125596,13.345930742221908,0.998,2.2327142857142857,2860.0,-0.0009529422478751,0.0052819402251742,0.6026354064854424,discharge,0.6478448794988196,0.010059172938418045,3.4889724258195836,1
2.704991466607836,-1.0068423449734072,13.35121268244708,0.998,2.2317857142857145,2861.0,-0.0009529422478751,0.0052819402251724,0.6024955672708627,discharge,0.6477209502503037,0.010059632517247685,3.488900619227672,1
2.704038524359961,-1.0069503998212186,13.356494622672251,0.998,2.230857142857143,2862.0,-0.0009529422478751,0.0052819402251724,0.6023557130486654,discharge,0.647597007701636,0.01006012294675082,3.4888288155455625,1
2.703085582112086,-1.00705845466903,13.361776562897427,0.998,2.2299285714285717,2863.0,-0.0009529422478751,0.0052819402251742,0.6022158438188503,discharge,0.6474730518528163,0.010060642694221212,3.4887570162085555,1
2.7021326398642107,-1.0071665095168414,13.3670585031226,0.998,2.229,2864.0,-0.0009529422478751,0.0052819402251724,0.6020759595814174,discharge,0.6473490827038448,0.010061190303099692,3.488685222575638,1
2.701076635102,-1.0070798839774888,13.373689019107932,0.998,2.227923076923077,2865.0,-0.0010560047622107,0.0066305159853321,0.6019360873753095,discharge,0.647225124217355,0.010061667669148863,3.4886174396029888,1
2.7000206303397887,-1.0069932584381365,13.380319535093262,0.998,2.2268461538461537,2866.0,-0.0010560047622112,0.0066305159853303,0.6017962272005263,discharge,0.6471011763933467,0.010062078282134443,3.4885497700715886,1
2.698964625577578,-1.006906632898784,13.386950051078594,0.998,2.225769230769231,2867.0,-0.0010560047622107,0.0066305159853321,0.6016563790570681,discharge,0.6471011763933467,0.010062078282134443,3.4885497700715886,1
2.697908620815367,-1.0068200073594316,13.393580567063928,0.998,2.2246923076923077,2868.0,-0.0010560047622107,0.0066305159853321,0.601516542944935,discharge,0.6471011763933467,0.010062078282134443,3.4885497700715886,1
2.696852616053156,-1.006733381820079,13.400211083049255,0.998,2.2236153846153845,2869.0,-0.0010560047622112,0.0066305159853303,0.6013767188641266,discharge,0.6471011763933467,0.010062078282134443,3.4885497700715886,1
2.695796611290945,-1.0066467562807264,13.406841599034587,0.998,2.222538461538462,2870.0,-0.0010560047622107,0.0066305159853321,0.6012369068146431,discharge,0.6471011763933467,0.010062078282134443,3.4885497700715886,1
2.6947406065287343,-1.006560130741374,13.41347211501992,0.998,2.2214615384615386,2871.0,-0.0010560047622107,0.0066305159853321,0.6010971067964845,discharge,0.6471011763933467,0.010062078282134443,3.4885497700715886,1
2.6936846017665235,-1.0064735052020215,13.420102631005252,0.998,2.2203846153846154,2872.0,-0.0010560047622107,0.0066305159853321,0.600957318809651,discharge,0.6471011763933467,0.010062078282134443,3.4885497700715886,1
2.692628597004312,-1.006386879662669,13.426733146990584,0.998,2.219307692307692,2873.0,-0.0010560047622112,0.0066305159853303,0.6008175428541422,discharge,0.6471011763933467,0.010062078282134443,3.4885497700715886,1
2.6915725922421014,-1.0063002541233166,13.433363662975916,0.998,2.218230769230769,2874.0,-0.0010560047622107,0.0066305159853321,0.6006777789299584,discharge,0.6471011763933467,0.010062078282134443,3.4885497700715886,1
2.69051658747989,-1.006213628583964,13.439994178961248,0.998,2.2171538461538463,2875.0,-0.0010560047622107,0.0066305159853321,0.6005380270370997,discharge,0.6471011763933467,0.010062078282134443,3.4885497700715886,1
2.6894605827176794,-1.0061270030446117,13.446624694946578,0.998,2.216076923076923,2876.0,-0.0010560047622112,0.0066305159853303,0.6003982871755656,discharge,0.6471011763933467,0.010062078282134443,3.4885497700715886,1
2.6884045779554686,-1.006040377505259,13.45325521093191,0.998,2.215,2877.0,-0.0010560047622107,0.0066305159853321,0.6002585593453567,discharge,0.6471011763933467,0.010062078282134443,3.4885497700715886,1
2.687331370688731,-1.006031296850504,13.462016677373631,0.998,2.2139230769230767,2878.0,-0.0010732072667374,0.0087614664417223,0.6001188327763496,discharge,0.6471011763933467,0.010062078282134443,3.4885497700715886,1
2.6862581634219937,-1.0060222161957488,13.470778143815355,0.998,2.212846153846154,2879.0,-0.0010732072667374,0.0087614664417223,0.5999791074685447,discharge,0.6471011763933467,0.010062078282134443,3.4885497700715886,1
2.6851849561552563,-1.0060131355409938,13.479539610257078,0.998,2.2117692307692307,2880.0,-0.0010732072667374,0.0087614664417223,0.5998393834219418,discharge,0.6471011763933467,0.010062078282134443,3.4885497700715886,1
2.684111748888519,-1.0060040548862386,13.4883010766988,0.998,2.2106923076923075,2881.0,-0.0010732072667374,0.0087614664417223,0.599699660636541,discharge,0.6471011763933467,0.010062078282134443,3.4885497700715886,1
2.6830385416217815,-1.0059949742314835,13.497062543140522,0.998,2.2096153846153848,2882.0,-0.0010732072667374,0.0087614664417223,0.5995599391123421,discharge,0.6471011763933467,0.010062078282134443,3.4885497700715886,1
2.681965334355044,-1.0059858935767283,13.505824009582245,0.998,2.2085384615384616,2883.0,-0.0010732072667374,0.0087614664417223,0.5994202188493454,discharge,0.6471011763933467,0.010062078282134443,3.4885497700715886,1
2.6808921270883066,-1.0059768129219733,13.514585476023964,0.998,2.2074615384615384,2884.0,-0.0010732072667374,0.0087614664417206,0.5992804998475507,discharge,0.6471011763933467,0.010062078282134443,3.4885497700715886,1
2.679818919821569,-1.0059677322672185,13.523346942465688,0.998,2.206384615384615,2885.0,-0.0010732072667374,0.0087614664417223,0.599140782106958,discharge,0.6471011763933467,0.010062078282134443,3.4885497700715886,1
2.6787457125548317,-1.0059586516124632,13.53210840890741,0.998,2.2053076923076924,2886.0,-0.0010732072667374,0.0087614664417223,0.5990010656275673,discharge,0.6471011763933467,0.010062078282134443,3.4885497700715886,1
2.6776725052880943,-1.005949570957708,13.540869875349133,0.998,2.204230769230769,2887.0,-0.0010732072667374,0.0087614664417223,0.5988613504093787,discharge,0.6471011763933467,0.010062078282134443,3.4885497700715886,1
2.676599298021357,-1.005940490302953,13.549631341790857,0.998,2.203153846153846,2888.0,-0.0010732072667374,0.0087614664417223,0.5987216364523922,discharge,0.6471011763933467,0.010062078282134443,3.4885497700715886,1
2.675526090754619,-1.0059314096481975,13.558392808232576,0.998,2.2020769230769233,2889.0,-0.0010732072667374,0.0087614664417223,0.5985819237566077,discharge,0.6471011763933467,0.010062078282134443,3.4885497700715886,1
2.674452883487882,-1.0059223289934427,13.5671542746743,0.998,2.201,2890.0,-0.0010732072667374,0.0087614664417223,0.5984422123220252,discharge,0.6471011763933467,0.010062078282134443,3.4885497700715886,1
2.673426992440397,-1.0057981650897023,13.575136168210886,0.998,2.2,2891.0,-0.0010258910474849,0.007981893536586,0.5983025181324294,discharge,0.6471011763933467,0.010062078282134443,3.4885497700715886,1
2.6724011013929125,-1.005674001185962,13.583118061747472,0.998,2.199,2892.0,-0.0010258910474845,0.007981893536586,0.5981628411878203,discharge,0.6471011763933467,0.010062078282134443,3.4885497700715886,1
2.6713752103454276,-1.0055498372822216,13.591099955284058,0.998,2.198,2893.0,-0.0010258910474849,0.007981893536586,0.5980231814881978,discharge,0.6471011763933467,0.010062078282134443,3.4885497700715886,1
2.6703493192979426,-1.0054256733784814,13.599081848820644,0.998,2.197,2894.0,-0.0010258910474849,0.007981893536586,0.5978835390335618,discharge,0.6471011763933467,0.010062078282134443,3.4885497700715886,1
2.669323428250458,-1.005301509474741,13.60706374235723,0.998,2.196,2895.0,-0.0010258910474845,0.007981893536586,0.5977439138239127,discharge,0.6471011763933467,0.010062078282134443,3.4885497700715886,1
2.668297537202973,-1.0051773455710007,13.615045635893816,0.998,2.195,2896.0,-0.0010258910474849,0.007981893536586,0.59760430585925,discharge,0.6471011763933467,0.010062078282134443,3.4885497700715886,1
2.667271646155488,-1.0050531816672603,13.623027529430402,0.998,2.194,2897.0,-0.0010258910474849,0.007981893536586,0.597464715139574,discharge,0.6471011763933467,0.010062078282134443,3.4885497700715886,1
2.6662457551080037,-1.00492901776352,13.631009422966988,0.998,2.193,2898.0,-0.0010258910474845,0.007981893536586,0.5973251416648846,discharge,0.6471011763933467,0.010062078282134443,3.4885497700715886,1
2.6652198640605187,-1.0048048538597796,13.638991316503574,0.998,2.1919999999999997,2899.0,-0.0010258910474849,0.007981893536586,0.5971855854351817,discharge,0.6471011763933467,0.010062078282134443,3.4885497700715886,1
2.664193973013034,-1.0046806899560392,13.64697321004016,0.998,2.191,2900.0,-0.0010258910474845,0.007981893536586,0.5970460464504657,discharge,0.6471011763933467,0.010062078282134443,3.4885497700715886,1
2.663168081965549,-1.004556526052299,13.654955103576746,0.998,2.19,2901.0,-0.0010258910474849,0.007981893536586,0.5969065247107361,discharge,0.6471011763933467,0.010062078282134443,3.4885497700715886,1
2.6621421909180643,-1.004432362148559,13.662936997113333,0.998,2.189,2902.0,-0.0010258910474849,0.007981893536586,0.5967670202159934,discharge,0.6471011763933467,0.010062078282134443,3.4885497700715886,1
2.6611162998705797,-1.0043081982448183,13.67091889064992,0.998,2.1879999999999997,2903.0,-0.0010258910474845,0.007981893536586,0.5966275329662372,discharge,0.6471011763933467,0.010062078282134443,3.4885497700715886,1
2.6600904088230948,-1.004184034341078,13.678900784186505,0.998,2.187,2904.0,-0.0010258910474849,0.007981893536586,0.5964880629614675,discharge,0.6471011763933467,0.010062078282134443,3.4885497700715886,1
2.6589578569573646,-1.0042612385409964,13.68251079020132,0.998,2.1858461538461538,2905.0,-0.0011325518657301,0.0036100060148154,0.5963485822338923,discharge,0.6471011763933467,0.010062078282134443,3.4885497700715886,1
2.657825305091634,-1.004338442740915,13.686120796216134,0.998,2.1846923076923077,2906.0,-0.0011325518657305,0.0036100060148136,0.5962090907835117,discharge,0.6471011763933467,0.010062078282134443,3.4885497700715886,1
2.656692753225904,-1.0044156469408334,13.68973080223095,0.998,2.1835384615384617,2907.0,-0.0011325518657301,0.0036100060148154,0.5960695886103256,discharge,0.6471011763933467,0.010062078282134443,3.4885497700715886,1
2.6555602013601733,-1.004492851140752,13.693340808245765,0.998,2.182384615384615,2908.0,-0.0011325518657305,0.0036100060148136,0.5959300757143338,discharge,0.6471011763933467,0.010062078282134443,3.4885497700715886,1
2.654427649494443,-1.0045700553406705,13.696950814260578,0.998,2.181230769230769,2909.0,-0.0011325518657301,0.0036100060148154,0.5957905520955364,discharge,0.6471011763933467,0.010062078282134443,3.4885497700715886,1
2.6532950976287126,-1.0046472595405889,13.700560820275394,0.998,2.180076923076923,2910.0,-0.0011325518657305,0.0036100060148154,0.5956510177539336,discharge,0.6471011763933467,0.010062078282134443,3.4885497700715886,1
2.6521625457629825,-1.0047244637405075,13.704170826290207,0.998,2.178923076923077,2911.0,-0.0011325518657301,0.0036100060148136,0.5955114726895252,discharge,0.6471011763933467,0.010062078282134443,3.4885497700715886,1
2.651029993897252,-1.004801667940426,13.707780832305025,0.998,2.177769230769231,2912.0,-0.0011325518657305,0.0036100060148154,0.5953719169023113,discharge,0.6471011763933467,0.010062078282134443,3.4885497700715886,1
2.6498974420315218,-1.0048788721403443,13.711390838319838,0.998,2.176615384615385,2913.0,-0.0011325518657301,0.0036100060148154,0.5952323503922918,discharge,0.6471011763933467,0.010062078282134443,3.4885497700715886,1
2.648764890165791,-1.004956076340263,13.715000844334652,0.998,2.1754615384615383,2914.0,-0.0011325518657305,0.0036100060148136,0.5950927731594668,discharge,0.6471011763933467,0.010062078282134443,3.4885497700715886,1
2.647632338300061,-1.0050332805401814,13.718610850349467,0.998,2.1743076923076923,2915.0,-0.0011325518657301,0.0036100060148154,0.5949531852038361,discharge,0.6471011763933467,0.010062078282134443,3.4885497700715886,1
2.6464997864343305,-1.0051104847401,13.72222085636428,0.998,2.173153846153846,2916.0,-0.0011325518657305,0.0036100060148136,0.5948135865254001,discharge,0.6471011763933467,0.010062078282134443,3.4885497700715886,1
2.6453672345686003,-1.0051876889400184,13.725830862379096,0.998,2.172,2917.0,-0.0011325518657301,0.0036100060148154,0.5946739771241583,discharge,0.6471011763933467,0.010062078282134443,3.4885497700715886,1
2.6442842966904196,-1.005123441354572,13.73360584523617,0.998,2.1709285714285715,2918.0,-0.0010829378781807,0.0077749828570734,0.5945343766461924,discharge,0.6471011763933467,0.010062078282134443,3.4885497700715886,1
2.6432013588122385,-1.0050591937691251,13.741380828093243,0.998,2.169857142857143,2919.0,-0.0010829378781811,0.0077749828570752,0.5943947850915022,discharge,0.6471011763933467,0.010062078282134443,3.4885497700715886,1
2.642118420934058,-1.004994946183679,13.749155810950318,0.998,2.1687857142857143,2920.0,-0.0010829378781807,0.0077749828570734,0.5942552024600878,discharge,0.6471011763933467,0.010062078282134443,3.4885497700715886,1
2.641035483055877,-1.0049306985982325,13.756930793807392,0.998,2.1677142857142857,2921.0,-0.0010829378781807,0.0077749828570734,0.5941156287519491,discharge,0.6471011763933467,0.010062078282134443,3.4885497700715886,1
2.639952545177696,-1.0048664510127858,13.764705776664464,0.998,2.166642857142857,2922.0,-0.0010829378781811,0.0077749828570734,0.5939760639670864,discharge,0.6471011763933467,0.010062078282134443,3.4885497700715886,1
2.6388696072995153,-1.0048022034273392,13.77248075952154,0.998,2.1655714285714285,2923.0,-0.0010829378781807,0.0077749828570752,0.5938365081054992,discharge,0.6471011763933467,0.010062078282134443,3.4885497700715886,1
2.6377866694213346,-1.0047379558418927,13.780255742378614,0.998,2.1645,2924.0,-0.0010829378781807,0.0077749828570734,0.5936969611671878,discharge,0.6471011763933467,0.010062078282134443,3.4885497700715886,1
2.6367037315431534,-1.0046737082564463,13.788030725235688,0.998,2.1634285714285717,2925.0,-0.0010829378781811,0.0077749828570734,0.5935574231521521,discharge,0.6471011763933467,0.010062078282134443,3.4885497700715886,1
2.6356207936649727,-1.0046094606709997,13.795805708092765,0.998,2.162357142857143,2926.0,-0.0010829378781807,0.0077749828570752,0.5934178940603922,discharge,0.6471011763933467,0.010062078282134443,3.4885497700715886,1
2.6345378557867916,-1.0045452130855532,13.803580690949836,0.998,2.1612857142857145,2927.0,-0.0010829378781811,0.0077749828570734,0.5932783738919082,discharge,0.6471011763933467,0.010062078282134443,3.4885497700715886,1
2.633454917908611,-1.0044809655001066,13.81135567380691,0.998,2.160214285714286,2928.0,-0.0010829378781807,0.0077749828570734,0.5931388626466998,discharge,0.6471011763933467,0.010062078282134443,3.4885497700715886,1
2.63237198003043,-1.00441671791466,13.819130656663985,0.998,2.1591428571428573,2929.0,-0.0010829378781807,0.0077749828570734,0.5929993603247672,discharge,0.6471011763933467,0.010062078282134443,3.4885497700715886,1
2.631289042152249,-1.0043524703292137,13.826905639521058,0.998,2.1580714285714286,2930.0,-0.0010829378781811,0.0077749828570752,0.5928598669261104,discharge,0.6471011763933467,0.010062078282134443,3.4885497700715886,1
2.6302061042740683,-1.004288222743767,13.834680622378132,0.998,2.157,2931.0,-0.0010829378781807,0.0077749828570734,0.5927203824507292,discharge,0.6471011763933467,0.010062078282134443,3.4885497700715886,1
2.629018756574356,-1.0044016979641257,13.840670977891468,0.998,2.155846153846154,2932.0,-0.0011873476997124,0.0059903555133367,0.5925808822149009,discharge,0.6471011763933467,0.010062078282134443,3.4885497700715886,1
2.627831408874644,-1.0045151731844844,13.846661333404803,0.998,2.154692307692308,2933.0,-0.0011873476997119,0.0059903555133367,0.5924413662186252,discharge,0.6471011763933467,0.010062078282134443,3.4885497700715886,1
2.6266440611749315,-1.0046286484048432,13.85265168891814,0.998,2.1535384615384614,2934.0,-0.0011873476997124,0.0059903555133349,0.5923018344619024,discharge,0.6471011763933467,0.010062078282134443,3.4885497700715886,1
2.625456713475219,-1.004742123625202,13.858642044431477,0.998,2.1523846153846153,2935.0,-0.0011873476997124,0.0059903555133367,0.5921622869447322,discharge,0.6471011763933467,0.010062078282134443,3.4885497700715886,1
2.624269365775507,-1.0048555988455603,13.864632399944814,0.998,2.1512307692307693,2936.0,-0.0011873476997119,0.0059903555133367,0.5920227236671147,discharge,0.6471011763933467,0.010062078282134443,3.4885497700715886,1
2.6230820180757948,-1.0049690740659192,13.87062275545815,0.998,2.150076923076923,2937.0,-0.0011873476997124,0.0059903555133367,0.59188314462905,discharge,0.6471011763933467,0.010062078282134443,3.4885497700715886,1
2.6218946703760824,-1.005082549286278,13.876613110971483,0.998,2.1489230769230767,2938.0,-0.0011873476997124,0.0059903555133349,0.591743549830538,discharge,0.6471011763933467,0.010062078282134443,3.4885497700715886,1
2.62070732267637,-1.0051960245066367,13.882603466484822,0.998,2.1477692307692307,2939.0,-0.0011873476997124,0.0059903555133367,0.5916039392715787,discharge,0.6471011763933467,0.010062078282134443,3.4885497700715886,1
2.619519974976658,-1.0053094997269951,13.88859382199816,0.998,2.1466153846153846,2940.0,-0.0011873476997119,0.0059903555133367,0.5914643129521722,discharge,0.6471011763933467,0.010062078282134443,3.4885497700715886,1
2.6183326272769456,-1.005422974947354,13.894584177511495,0.998,2.1454615384615385,2941.0,-0.0011873476997124,0.0059903555133367,0.5913246708723183,discharge,0.6471011763933467,0.010062078282134443,3.4885497700715886,1
2.617145279577233,-1.0055364501677129,13.90057453302483,0.998,2.144307692307692,2942.0,-0.0011873476997124,0.0059903555133349,0.5911850130320173,discharge,0.6471011763933467,0.010062078282134443,3.4885497700715886,1
2.6159579318775212,-1.0056499253880715,13.906564888538169,0.998,2.143153846153846,2943.0,-0.0011873476997119,0.0059903555133367,0.5910453394312689,discharge,0.6471011763933467,0.010062078282134443,3.4885497700715886,1
2.614770584177809,-1.0057634006084302,13.912555244051504,0.998,2.142,2944.0,-0.0011873476997124,0.0059903555133367,0.5909056500700733,discharge,0.6471011763933467,0.010062078282134443,3.4885497700715886,1
2.61357947642132,-1.005843212492018,13.918692998125032,0.998,2.1407692307692305,2945.0,-0.001191107756489,0.0061377540735279,0.5907659496238938,discharge,0.6471011763933467,0.010062078282134443,3.4885497700715886,1
2.612388368664831,-1.0059230243756057,13.924830752198558,0.998,2.1395384615384616,2946.0,-0.001191107756489,0.0061377540735261,0.5906262380927305,discharge,0.6471011763933467,0.010062078282134443,3.4885497700715886,1
2.611197260908342,-1.0060028362591935,13.930968506272086,0.998,2.138307692307692,2947.0,-0.0011911077564894,0.0061377540735279,0.5904865154765835,discharge,0.6471011763933467,0.010062078282134443,3.4885497700715886,1
2.6100061531518524,-1.0060826481427814,13.937106260345612,0.998,2.137076923076923,2948.0,-0.001191107756489,0.0061377540735261,0.5903467817754526,discharge,0.6471011763933467,0.010062078282134443,3.4885497700715886,1
2.6088150453953634,-1.006162460026369,13.94324401441914,0.998,2.135846153846154,2949.0,-0.001191107756489,0.0061377540735279,0.5902070369893377,discharge,0.6471011763933467,0.010062078282134443,3.4885497700715886,1
2.6076239376388743,-1.0062422719099569,13.949381768492666,0.998,2.1346153846153846,2950.0,-0.001191107756489,0.0061377540735261,0.5900672811182393,discharge,0.6471011763933467,0.010062078282134443,3.4885497700715886,1
2.606432829882385,-1.0063220837935447,13.955519522566194,0.998,2.133384615384615,2951.0,-0.0011911077564894,0.0061377540735279,0.5899275141621567,discharge,0.6471011763933467,0.010062078282134443,3.4885497700715886,1
2.605241722125896,-1.0064018956771326,13.96165727663972,0.998,2.132153846153846,2952.0,-0.001191107756489,0.0061377540735261,0.5897877361210905,discharge,0.6471011763933467,0.010062078282134443,3.4885497700715886,1
2.604050614369407,-1.0064817075607202,13.967795030713248,0.998,2.130923076923077,2953.0,-0.001191107756489,0.0061377540735279,0.5896479469950404,discharge,0.6471011763933467,0.010062078282134443,3.4885497700715886,1
2.602859506612918,-1.006561519444308,13.973932784786774,0.998,2.1296923076923076,2954.0,-0.001191107756489,0.0061377540735261,0.5895081467840064,discharge,0.6471011763933467,0.010062078282134443,3.4885497700715886,1
2.6016683988564284,-1.006641331327896,13.980070538860302,0.998,2.128461538461538,2955.0,-0.0011911077564894,0.0061377540735279,0.5893683354879886,discharge,0.6471011763933467,0.010062078282134443,3.4885497700715886,1
2.6004772910999394,-1.0067211432114835,13.986208292933828,0.998,2.1272307692307693,2956.0,-0.001191107756489,0.0061377540735261,0.589228513106987,discharge,0.6471011763933467,0.010062078282134443,3.4885497700715886,1
2.5992861833434504,-1.0068009550950714,13.992346047007356,0.998,2.126,2957.0,-0.001191107756489,0.0061377540735279,0.5890886796410016,discharge,0.6471011763933467,0.010062078282134443,3.4885497700715886,1
2.5981272315657415,-1.0066061874975325,14.00022557309387,0.998,2.1249285714285713,2958.0,-0.0011589517777088,0.0078795260865138,0.5889488732260714,discharge,0.6471011763933467,0.010062078282134443,3.4885497700715886,1
2.596968279788033,-1.0064114198999934,14.008105099180383,0.998,2.1238571428571427,2959.0,-0.0011589517777084,0.0078795260865138,0.5888090938621964,discharge,0.6471011763933467,0.010062078282134443,3.4885497700715886,1
2.5958093280103247,-1.0062166523024545,14.015984625266896,0.998,2.122785714285714,2960.0,-0.0011589517777084,0.0078795260865138,0.5886693415493767,discharge,0.6471011763933467,0.010062078282134443,3.4885497700715886,1
2.594650376232616,-1.0060218847049152,14.023864151353411,0.998,2.121714285714286,2961.0,-0.0011589517777088,0.0078795260865156,0.5885296162876121,discharge,0.6471011763933467,0.010062078282134443,3.4885497700715886,1
2.593491424454907,-1.0058271171073765,14.031743677439929,0.998,2.1206428571428573,2962.0,-0.0011589517777088,0.0078795260865138,0.5883899180769028,discharge,0.6471011763933467,0.010062078282134443,3.4885497700715886,1
2.5923324726771986,-1.0056323495098372,14.03962320352644,0.998,2.1195714285714287,2963.0,-0.0011589517777084,0.0078795260865138,0.5882502469172486,discharge,0.6471011763933467,0.010062078282134443,3.4885497700715886,1
2.59117352089949,-1.0054375819122985,14.047502729612956,0.998,2.1185,2964.0,-0.0011589517777084,0.0078795260865138,0.5881106028086496,discharge,0.6471011763933467,0.010062078282134443,3.4885497700715886,1
2.5900145691217813,-1.0052428143147591,14.055382255699469,0.998,2.117428571428571,2965.0,-0.0011589517777088,0.0078795260865138,0.5879709857511058,discharge,0.6471011763933467,0.010062078282134443,3.4885497700715886,1
2.5888556173440724,-1.00504804671722,14.063261781785982,0.998,2.116357142857143,2966.0,-0.0011589517777088,0.0078795260865138,0.5878313957446174,discharge,0.6471011763933467,0.010062078282134443,3.4885497700715886,1
2.587696665566364,-1.0048532791196811,14.071141307872496,0.998,2.115285714285714,2967.0,-0.0011589517777084,0.0078795260865138,0.587691832789184,discharge,0.6471011763933467,0.010062078282134443,3.4885497700715886,1
2.5865377137886556,-1.004658511522142,14.079020833959012,0.998,2.114214285714286,2968.0,-0.0011589517777084,0.0078795260865156,0.587552296884806,discharge,0.6471011763933467,0.010062078282134443,3.4885497700715886,1
2.5853787620109467,-1.004463743924603,14.086900360045526,0.998,2.1131428571428574,2969.0,-0.0011589517777088,0.0078795260865138,0.5874127880314832,discharge,0.6471011763933467,0.010062078282134443,3.4885497700715886,1
2.584219810233238,-1.004268976327064,14.09477988613204,0.998,2.112071428571429,2970.0,-0.0011589517777088,0.0078795260865138,0.5872733062292155,discharge,0.6471011763933467,0.010062078282134443,3.4885497700715886,1
2.5830608584555295,-1.004074208729525,14.102659412218554,0.998,2.111,2971.0,-0.0011589517777084,0.0078795260865138,0.5871338514780031,discharge,0.6471011763933467,0.010062078282134443,3.4885497700715886,1
2.5817683189564895,-1.0040234942138948,14.109068012768663,0.998,2.1096153846153847,2972.0,-0.0012925394990399,0.0064086005501096,0.5869944037704733,discharge,0.6471011763933467,0.010062078282134443,3.4885497700715886,1
2.5804757794574495,-1.0039727796982647,14.115476613318773,0.998,2.1082307692307696,2973.0,-0.0012925394990399,0.0064086005501096,0.5868549631066264,discharge,0.6471011763933467,0.010062078282134443,3.4885497700715886,1
2.5791832399584096,-1.0039220651826346,14.121885213868882,0.998,2.106846153846154,2974.0,-0.0012925394990399,0.0064086005501096,0.5867155294864621,discharge,0.6471011763933467,0.010062078282134443,3.4885497700715886,1
2.5778907004593696,-1.0038713506670045,14.128293814418992,0.998,2.1054615384615385,2975.0,-0.0012925394990399,0.0064086005501096,0.5865761029099806,discharge,0.6471011763933467,0.010062078282134443,3.4885497700715886,1
2.5765981609603297,-1.0038206361513742,14.134702414969102,0.998,2.1040769230769234,2976.0,-0.0012925394990399,0.0064086005501096,0.5864366833771818,discharge,0.6471011763933467,0.010062078282134443,3.4885497700715886,1
2.5753056214612897,-1.003769921635744,14.141111015519211,0.998,2.102692307692308,2977.0,-0.0012925394990399,0.0064086005501096,0.5862972708880657,discharge,0.6471011763933467,0.010062078282134443,3.4885497700715886,1
2.5740130819622498,-1.003719207120114,14.14751961606932,0.998,2.1013076923076923,2978.0,-0.0012925394990399,0.0064086005501078,0.5861578654426324,discharge,0.6471011763933467,0.010062078282134443,3.4885497700715886,1
2.57272054246321,-1.003668492604484,14.153928216619429,0.998,2.099923076923077,2979.0,-0.0012925394990399,0.0064086005501096,0.5860184670408818,discharge,0.6471011763933467,0.010062078282134443,3.4885497700715886,1
2.57142800296417,-1.0036177780888538,14.160336817169538,0.998,2.0985384615384617,2980.0,-0.0012925394990399,0.0064086005501096,0.5858790756828138,discharge,0.6471011763933467,0.010062078282134443,3.4885497700715886,1
2.57013546346513,-1.0035670635732237,14.166745417719648,0.998,2.097153846153846,2981.0,-0.0012925394990399,0.0064086005501096,0.5857396913684286,discharge,0.6471011763933467,0.010062078282134443,3.4885497700715886,1
2.56884292396609,-1.0035163490575931,14.173154018269758,0.998,2.0957692307692306,2982.0,-0.0012925394990399,0.0064086005501096,0.5856003140977262,discharge,0.6471011763933467,0.010062078282134443,3.4885497700715886,1
2.56755038446705,-1.0034656345419632,14.179562618819867,0.998,2.0943846153846155,2983.0,-0.0012925394990399,0.0064086005501096,0.5854609438707066,discharge,0.6471011763933467,0.010062078282134443,3.4885497700715886,1
2.56625784496801,-1.0034149200263331,14.185971219369977,0.998,2.093,2984.0,-0.0012925394990399,0.0064086005501096,0.5853215806873695,discharge,0.6471011763933467,0.010062078282134443,3.4885497700715886,1
2.564965355694276,-1.0035717063496468,14.192486915103665,0.998,2.0917692307692306,2985.0,-0.0012924892737338,0.0065156957336878,0.5851821957281542,discharge,0.6471011763933467,0.010062078282134443,3.4885497700715886,1
2.5636728664205424,-1.0037284926729606,14.199002610837354,0.998,2.0905384615384617,2986.0,-0.0012924892737338,0.0065156957336895,0.5850427889930607,discharge,0.6471011763933467,0.010062078282134443,3.4885497700715886,1
2.562380377146809,-1.0038852789962742,14.205518306571042,0.998,2.0893076923076923,2987.0,-0.0012924892737338,0.0065156957336878,0.5849033604820891,discharge,0.6471011763933467,0.010062078282134443,3.4885497700715886,1
2.5610878878730747,-1.0040420653195878,14.212034002304732,0.998,2.088076923076923,2988.0,-0.0012924892737338,0.0065156957336895,0.5847639101952391,discharge,0.6471011763933467,0.010062078282134443,3.4885497700715886,1
2.559795398599341,-1.0041988516429017,14.21854969803842,0.998,2.086846153846154,2989.0,-0.0012924892737338,0.0065156957336878,0.584624438132511,discharge,0.6471011763933467,0.010062078282134443,3.4885497700715886,1
2.558502909325607,-1.0043556379662153,14.225065393772107,0.998,2.0856153846153846,2990.0,-0.0012924892737338,0.0065156957336878,0.5844849442939046,discharge,0.6471011763933467,0.010062078282134443,3.4885497700715886,1
2.557210420051873,-1.004512424289529,14.231581089505797,0.998,2.0843846153846153,2991.0,-0.0012924892737342,0.0065156957336895,0.58434542867942,discharge,0.6471011763933467,0.010062078282134443,3.4885497700715886,1
2.555917930778139,-1.0046692106128423,14.238096785239485,0.998,2.083153846153846,2992.0,-0.0012924892737338,0.0065156957336878,0.5842058912890571,discharge,0.6471011763933467,0.010062078282134443,3.4885497700715886,1
2.554625441504405,-1.0048259969361564,14.244612480973172,0.998,2.081923076923077,2993.0,-0.0012924892737338,0.0065156957336878,0.5840663321228159,discharge,0.6471011763933467,0.010062078282134443,3.4885497700715886,1
2.5533329522306714,-1.00498278325947,14.251128176706862,0.998,2.0806923076923076,2994.0,-0.0012924892737338,0.0065156957336895,0.5839267511806965,discharge,0.6471011763933467,0.010062078282134443,3.4885497700715886,1
2.5520404629569375,-1.0051395695827836,14.25764387244055,0.998,2.0794615384615383,2995.0,-0.0012924892737338,0.0065156957336878,0.5837871484626989,discharge,0.6471011763933467,0.010062078282134443,3.4885497700715886,1
2.5507479736832037,-1.0052963559060974,14.26415956817424,0.998,2.0782307692307693,2996.0,-0.0012924892737338,0.0065156957336895,0.583647523968823,discharge,0.6471011763933467,0.010062078282134443,3.4885497700715886,1
2.54945548440947,-1.005453142229411,14.270675263907927,0.998,2.077,2997.0,-0.0012924892737338,0.0065156957336878,0.583507877699069,discharge,0.6471011763933467,0.010062078282134443,3.4885497700715886,1
2.548203314223908,-1.0055557977286205,14.277676737711555,0.998,2.0757142857142856,2998.0,-0.0012521701855616,0.0070014738036281,0.5833682171716068,discharge,0.6471011763933467,0.010062078282134443,3.4885497700715886,1
2.5469511440383465,-1.00565845322783,14.284678211515184,0.998,2.0744285714285713,2999.0,-0.0012521701855616,0.0070014738036299,0.5832285423864363,discharge,0.6471011763933467,0.010062078282134443,3.4885497700715886,1
2.545698973852785,-1.0057611087270395,14.291679685318815,0.998,2.073142857142857,3000.0,-0.0012521701855616,0.0070014738036299,0.5830888533435574,discharge,0.6471011763933467,0.010062078282134443,3.4885497700715886,1
2.5444468036672228,-1.005863764226249,14.298681159122443,0.998,2.071857142857143,3001.0,-0.0012521701855621,0.0070014738036281,0.5829491500429704,discharge,0.6471011763933467,0.010062078282134443,3.4885497700715886,1
2.543194633481661,-1.0059664197254583,14.305682632926072,0.998,2.0705714285714287,3002.0,-0.0012521701855616,0.0070014738036281,0.5828094324846752,discharge,0.6471011763933467,0.010062078282134443,3.4885497700715886,1
2.5419424632960994,-1.006069075224668,14.3126841067297,0.998,2.0692857142857144,3003.0,-0.0012521701855616,0.0070014738036299,0.5826697006686717,discharge,0.6471011763933467,0.010062078282134443,3.4885497700715886,1
2.5406902931105377,-1.0061717307238771,14.319685580533331,0.998,2.068,3004.0,-0.0012521701855616,0.0070014738036299,0.58252995459496,discharge,0.6471011763933467,0.010062078282134443,3.4885497700715886,1
2.539438122924976,-1.0062743862230867,14.32668705433696,0.998,2.0667142857142857,3005.0,-0.0012521701855616,0.0070014738036281,0.5823901942635402,discharge,0.6471011763933467,0.010062078282134443,3.4885497700715886,1
2.5381859527394144,-1.0063770417222964,14.333688528140588,0.998,2.0654285714285714,3006.0,-0.0012521701855616,0.0070014738036281,0.582250419674412,discharge,0.6471011763933467,0.010062078282134443,3.4885497700715886,1
2.5369337825538527,-1.0064796972215058,14.340690001944218,0.998,2.064142857142857,3007.0,-0.0012521701855616,0.0070014738036299,0.5821106308275759,discharge,0.6471011763933467,0.010062078282134443,3.4885497700715886,1
2.5356816123682906,-1.0065823527207152,14.347691475747848,0.998,2.062857142857143,3008.0,-0.0012521701855621,0.0070014738036299,0.5819708277230313,discharge,0.6471011763933467,0.010062078282134443,3.4885497700715886,1
2.534429442182729,-1.0066850082199246,14.354692949551476,0.998,2.061571428571429,3009.0,-0.0012521701855616,0.0070014738036281,0.5818310103607784,discharge,0.6471011763933467,0.010062078282134443,3.4885497700715886,1
2.5331772719971672,-1.0067876637191342,14.361694423355104,0.998,2.0602857142857145,3010.0,-0.0012521701855616,0.0070014738036281,0.5816911787408175,discharge,0.6471011763933467,0.010062078282134443,3.4885497700715886,1
2.5319251018116056,-1.0068903192183436,14.368695897158734,0.998,2.059,3011.0,-0.0012521701855616,0.0070014738036299,0.5815513328631483,discharge,0.6471011763933467,0.010062078282134443,3.4885497700715886,1
2.5305397181205658,-1.0069093550746615,14.3701629945862,0.998,2.057692307692308,3012.0,-0.0013853836910397,0.001467097427465,0.5814114843416103,discharge,0.6471011763933467,0.010062078282134443,3.4885497700715886,1
2.5291543344295255,-1.0069283909309796,14.371630092013664,0.998,2.0563846153846157,3013.0,-0.0013853836910402,0.001467097427465,0.5812716331762031,discharge,0.6471011763933467,0.010062078282134443,3.4885497700715886,1
2.5277689507384857,-1.0069474267872978,14.373097189441127,0.998,2.055076923076923,3014.0,-0.0013853836910397,0.001467097427465,0.5811317793669271,discharge,0.6471011763933467,0.010062078282134443,3.4885497700715886,1
2.5263835670474455,-1.0069664626436157,14.374564286868594,0.998,2.053769230769231,3015.0,-0.0013853836910402,0.001467097427465,0.5809919229137821,discharge,0.6471011763933467,0.010062078282134443,3.4885497700715886,1
2.5249981833564057,-1.0069854984999338,14.37603138429606,0.998,2.0524615384615386,3016.0,-0.0013853836910397,0.001467097427465,0.5808520638167682,discharge,0.6471011763933467,0.010062078282134443,3.4885497700715886,1
2.523612799665366,-1.007004534356252,14.377498481723524,0.998,2.0511538461538463,3017.0,-0.0013853836910397,0.001467097427465,0.5807122020758855,discharge,0.6471011763933467,0.010062078282134443,3.4885497700715886,1
2.5222274159743256,-1.0070235702125698,14.37896557915099,0.998,2.0498461538461537,3018.0,-0.0013853836910402,0.001467097427465,0.5805723376911337,discharge,0.6471011763933467,0.010062078282134443,3.4885497700715886,1
2.520842032283286,-1.007042606068888,14.380432676578454,0.998,2.0485384615384614,3019.0,-0.0013853836910397,0.001467097427465,0.580432470662513,discharge,0.6471011763933467,0.010062078282134443,3.4885497700715886,1
2.519456648592246,-1.007061641925206,14.38189977400592,0.998,2.047230769230769,3020.0,-0.0013853836910397,0.001467097427465,0.5802926009900233,discharge,0.6471011763933467,0.010062078282134443,3.4885497700715886,1
2.518071264901206,-1.007080677781524,14.383366871433385,0.998,2.045923076923077,3021.0,-0.0013853836910402,0.001467097427465,0.5801527286736649,discharge,0.6471011763933467,0.010062078282134443,3.4885497700715886,1
2.516685881210166,-1.007099713637842,14.38483396886085,0.998,2.0446153846153843,3022.0,-0.0013853836910397,0.001467097427465,0.5800128537134375,discharge,0.6471011763933467,0.010062078282134443,3.4885497700715886,1
2.5153004975191258,-1.00711874949416,14.386301066288317,0.998,2.043307692307692,3023.0,-0.0013853836910402,0.001467097427465,0.579872976109341,discharge,0.6471011763933467,0.010062078282134443,3.4885497700715886,1
2.513915113828086,-1.0071377853504782,14.38776816371578,0.998,2.042,3024.0,-0.0013853836910397,0.001467097427465,0.5797330958613756,discharge,0.6471011763933467,0.010062078282134443,3.4885497700715886,1
2.5125849547511483,-1.0070349434682224,14.395927793066264,0.998,2.040642857142857,3025.0,-0.0013301590769376,0.0081596293504855,0.579593229897005,discharge,0.6471011763933467,0.010062078282134443,3.4885497700715886,1
2.5112547956742106,-1.006932101585967,14.40408742241675,0.998,2.039285714285714,3026.0,-0.0013301590769376,0.0081596293504837,0.5794533782162292,discharge,0.6471011763933467,0.010062078282134443,3.4885497700715886,1
2.509924636597273,-1.0068292597037112,14.412247051767237,0.998,2.037928571428571,3027.0,-0.0013301590769376,0.0081596293504855,0.5793135408190482,discharge,0.6471011763933467,0.010062078282134443,3.4885497700715886,1
2.5085944775203353,-1.0067264178214554,14.42040668111772,0.998,2.0365714285714285,3028.0,-0.0013301590769376,0.0081596293504855,0.5791737177054619,discharge,0.6471011763933467,0.010062078282134443,3.4885497700715886,1
2.5072643184433976,-1.0066235759391997,14.428566310468206,0.998,2.035214285714286,3029.0,-0.0013301590769376,0.0081596293504855,0.5790339088754703,discharge,0.6471011763933467,0.010062078282134443,3.4885497700715886,1
2.50593415936646,-1.006520734056944,14.43672593981869,0.998,2.033857142857143,3030.0,-0.0013301590769376,0.0081596293504837,0.5788941143290736,discharge,0.6471011763933467,0.010062078282134443,3.4885497700715886,1
2.5046040002895222,-1.0064178921746885,14.444885569169177,0.998,2.0325,3031.0,-0.0013301590769376,0.0081596293504855,0.5787543340662715,discharge,0.6471011763933467,0.010062078282134443,3.4885497700715886,1
2.503273841212584,-1.0063150502924327,14.45304519851966,0.998,2.031142857142857,3032.0,-0.0013301590769381,0.0081596293504855,0.5786145680870642,discharge,0.6471011763933467,0.010062078282134443,3.4885497700715886,1
2.5019436821356464,-1.006212208410177,14.461204827870144,0.998,2.0297857142857145,3033.0,-0.0013301590769376,0.0081596293504837,0.5784748163914517,discharge,0.6471011763933467,0.010062078282134443,3.4885497700715886,1
2.5006135230587088,-1.0061093665279213,14.46936445722063,0.998,2.0284285714285715,3034.0,-0.0013301590769376,0.0081596293504855,0.5783350789794339,discharge,0.6471011763933467,0.010062078282134443,3.4885497700715886,1
2.499283363981771,-1.0060065246456655,14.477524086571115,0.998,2.0270714285714284,3035.0,-0.0013301590769376,0.0081596293504855,0.5781953558510109,discharge,0.6471011763933467,0.010062078282134443,3.4885497700715886,1
2.4979532049048334,-1.00590368276341,14.4856837159216,0.998,2.025714285714286,3036.0,-0.0013301590769376,0.0081596293504855,0.5780556470061826,discharge,0.6471011763933467,0.010062078282134443,3.4885497700715886,1
2.4966230458278957,-1.0058008408811543,14.493843345272085,0.998,2.024357142857143,3037.0,-0.0013301590769376,0.0081596293504837,0.5779159524449492,discharge,0.6471011763933467,0.010062078282134443,3.4885497700715886,1
2.495292886750958,-1.0056979989988986,14.50200297462257,0.998,2.023,3038.0,-0.0013301590769376,0.0081596293504855,0.5777762721673104,discharge,0.6471011763933467,0.010062078282134443,3.4885497700715886,1
2.4938327102514517,-1.0056946428779363,14.509216368698674,0.998,2.0216153846153846,3039.0,-0.0014601764995063,0.0072133940761034,0.5776365923557996,discharge,0.6471011763933467,0.010062078282134443,3.4885497700715886,1
2.4923725337519453,-1.0056912867569745,14.516429762774775,0.998,2.0202307692307695,3040.0,-0.0014601764995063,0.0072133940761016,0.5774969130104166,discharge,0.6471011763933467,0.010062078282134443,3.4885497700715886,1
2.490912357252439,-1.0056879306360125,14.52364315685088,0.998,2.018846153846154,3041.0,-0.0014601764995063,0.0072133940761034,0.5773572341311616,discharge,0.6471011763933467,0.010062078282134443,3.4885497700715886,1
2.489452180752933,-1.00568457451505,14.53085655092698,0.998,2.0174615384615384,3042.0,-0.0014601764995059,0.0072133940761016,0.5772175557180345,discharge,0.6471011763933467,0.010062078282134443,3.4885497700715886,1
2.4879920042534267,-1.005681218394088,14.538069945003084,0.998,2.0160769230769233,3043.0,-0.0014601764995063,0.0072133940761034,0.5770778777710353,discharge,0.6471011763933467,0.010062078282134443,3.4885497700715886,1
2.4865318277539203,-1.005677862273126,14.545283339079187,0.998,2.014692307692308,3044.0,-0.0014601764995063,0.0072133940761034,0.5769382002901641,discharge,0.6471011763933467,0.010062078282134443,3.4885497700715886,1
2.485071651254414,-1.0056745061521637,14.552496733155287,0.998,2.013307692307692,3045.0,-0.0014601764995063,0.0072133940761016,0.5767985232754207,discharge,0.6471011763933467,0.010062078282134443,3.4885497700715886,1
2.4836114747549076,-1.0056711500312017,14.559710127231392,0.998,2.0119230769230767,3046.0,-0.0014601764995063,0.0072133940761034,0.5766588467268053,discharge,0.6471011763933467,0.010062078282134443,3.4885497700715886,1
2.4821512982554013,-1.0056677939102396,14.566923521307496,0.998,2.0105384615384616,3047.0,-0.0014601764995063,0.0072133940761034,0.5765191706443178,discharge,0.6471011763933467,0.010062078282134443,3.4885497700715886,1
2.4806911217558953,-1.0056644377892774,14.574136915383598,0.998,2.009153846153846,3048.0,-0.0014601764995059,0.0072133940761016,0.5763794950279582,discharge,0.6471011763933467,0.010062078282134443,3.4885497700715886,1
2.479230945256389,-1.0056610816683154,14.5813503094597,0.998,2.0077692307692305,3049.0,-0.0014601764995063,0.0072133940761034,0.5762398198777265,discharge,0.6471011763933467,0.010062078282134443,3.4885497700715886,1
2.477770768756882,-1.005657725547353,14.588563703535804,0.998,2.006384615384615,3050.0,-0.0014601764995063,0.0072133940761016,0.5761001451936227,discharge,0.6471011763933467,0.010062078282134443,3.4885497700715886,1
2.4763105922573763,-1.005654369426391,14.595777097611906,0.998,2.005,3051.0,-0.0014601764995063,0.0072133940761034,0.5759604709756468,discharge,0.6471011763933467,0.010062078282134443,3.4885497700715886,1
2.474822242285405,-1.0056683713154255,14.603249011628105,0.998,2.0035384615384615,3052.0,-0.0014883499719711,0.0074719140161967,0.5758207948129641,discharge,0.6471011763933467,0.010062078282134443,3.4885497700715886,1
2.473333892313434,-1.0056823732044602,14.6107209256443,0.998,2.002076923076923,3053.0,-0.0014883499719711,0.0074719140161967,0.5756811167055746,discharge,0.6471011763933467,0.010062078282134443,3.4885497700715886,1
2.4718455423414625,-1.0056963750934946,14.618192839660496,0.998,2.0006153846153847,3054.0,-0.0014883499719715,0.0074719140161967,0.5755414366534783,discharge,0.6471011763933467,0.010062078282134443,3.4885497700715886,1
2.4703571923694914,-1.0057103769825293,14.625664753676691,0.998,1.999153846153846,3055.0,-0.0014883499719711,0.0074719140161949,0.5754017546566752,discharge,0.6471011763933467,0.010062078282134443,3.4885497700715886,1
2.46886884239752,-1.0057243788715635,14.633136667692888,0.998,1.9976923076923077,3056.0,-0.0014883499719711,0.0074719140161967,0.5752620707151652,discharge,0.6471011763933467,0.010062078282134443,3.4885497700715886,1
2.467380492425549,-1.0057383807605984,14.640608581709085,0.998,1.9962307692307693,3057.0,-0.0014883499719711,0.0074719140161967,0.5751223848289484,discharge,0.6471011763933467,0.010062078282134443,3.4885497700715886,1
2.4658921424535776,-1.0057523826496328,14.64808049572528,0.998,1.9947692307692304,3058.0,-0.0014883499719715,0.0074719140161967,0.574982696998025,discharge,0.6471011763933467,0.010062078282134443,3.4885497700715886,1
2.4644037924816065,-1.0057663845386675,14.655552409741478,0.998,1.993307692307692,3059.0,-0.0014883499719711,0.0074719140161967,0.5748430072223946,discharge,0.6471011763933467,0.010062078282134443,3.4885497700715886,1
2.4629154425096353,-1.005780386427702,14.663024323757677,0.998,1.9918461538461536,3060.0,-0.0014883499719711,0.0074719140161967,0.5747033155020573,discharge,0.6471011763933467,0.010062078282134443,3.4885497700715886,1
2.461427092537664,-1.0057943883167366,14.67049623777387,0.998,1.9903846153846152,3061.0,-0.0014883499719711,0.0074719140161949,0.5745636218370134,discharge,0.6471011763933467,0.010062078282134443,3.4885497700715886,1
2.4599387425656927,-1.005808390205771,14.677968151790068,0.998,1.9889230769230768,3062.0,-0.0014883499719715,0.0074719140161967,0.5744239262272626,discharge,0.6471011763933467,0.010062078282134443,3.4885497700715886,1
2.4584503925937216,-1.0058223920948055,14.685440065806263,0.998,1.9874615384615384,3063.0,-0.0014883499719711,0.0074719140161967,0.5742842286728049,discharge,0.6471011763933467,0.010062078282134443,3.4885497700715886,1
2.4569620426217504,-1.0058363939838402,14.69291197982246,0.998,1.986,3064.0,-0.0014883499719711,0.0074719140161967,0.5741445291736406,discharge,0.6471011763933467,0.010062078282134443,3.4885497700715886,1
2.455517652892178,-1.0058135977183615,14.702228124439884,0.998,1.9845714285714289,3065.0,-0.0014443897295723,0.0093161446174239,0.5740048328406242,discharge,0.6471011763933467,0.010062078282134443,3.4885497700715886,1
2.454073263162606,-1.005790801452883,14.711544269057308,0.998,1.983142857142857,3066.0,-0.0014443897295719,0.0093161446174239,0.5738651396737557,discharge,0.6471011763933467,0.010062078282134443,3.4885497700715886,1
2.4526288734330337,-1.0057680051874045,14.720860413674732,0.998,1.9817142857142855,3067.0,-0.0014443897295723,0.0093161446174239,0.5737254496730353,discharge,0.6471011763933467,0.010062078282134443,3.4885497700715886,1
2.4511844837034613,-1.005745208921926,14.730176558292156,0.998,1.9802857142857144,3068.0,-0.0014443897295723,0.0093161446174239,0.5735857628384627,discharge,0.6471011763933467,0.010062078282134443,3.4885497700715886,1
2.449740093973889,-1.0057224126564472,14.73949270290958,0.998,1.9788571428571429,3069.0,-0.0014443897295723,0.0093161446174239,0.5734460791700382,discharge,0.6471011763933467,0.010062078282134443,3.4885497700715886,1
2.448295704244317,-1.0056996163909686,14.748808847527004,0.998,1.977428571428571,3070.0,-0.0014443897295719,0.0093161446174239,0.5733063986677618,discharge,0.6471011763933467,0.010062078282134443,3.4885497700715886,1
2.4468513145147446,-1.00567682012549,14.758124992144428,0.998,1.976,3071.0,-0.0014443897295723,0.0093161446174239,0.5731667213316332,discharge,0.6471011763933467,0.010062078282134443,3.4885497700715886,1
2.445406924785172,-1.0056540238600116,14.767441136761851,0.998,1.9745714285714289,3072.0,-0.0014443897295723,0.0093161446174256,0.5730270471616526,discharge,0.6471011763933467,0.010062078282134443,3.4885497700715886,1
2.4439625350556,-1.005631227594533,14.776757281379275,0.998,1.973142857142857,3073.0,-0.0014443897295719,0.0093161446174239,0.57288737615782,discharge,0.6471011763933467,0.010062078282134443,3.4885497700715886,1
2.442518145326028,-1.0056084313290543,14.7860734259967,0.998,1.9717142857142855,3074.0,-0.0014443897295723,0.0093161446174239,0.5727477083201354,discharge,0.6471011763933467,0.010062078282134443,3.4885497700715886,1
2.4410737555964555,-1.0055856350635757,14.795389570614123,0.998,1.9702857142857144,3075.0,-0.0014443897295723,0.0093161446174239,0.5726080436485987,discharge,0.6471011763933467,0.010062078282134443,3.4885497700715886,1
2.439629365866883,-1.0055628387980973,14.804705715231549,0.998,1.9688571428571429,3076.0,-0.0014443897295723,0.0093161446174239,0.5724683821432102,discharge,0.6471011763933467,0.010062078282134443,3.4885497700715886,1
2.438184976137311,-1.0055400425326186,14.814021859848973,0.998,1.9674285714285713,3077.0,-0.0014443897295719,0.0093161446174239,0.5723287238039696,discharge,0.6471011763933467,0.010062078282134443,3.4885497700715886,1
2.4367405864077387,-1.00551724626714,14.823338004466397,0.998,1.966,3078.0,-0.0014443897295723,0.0093161446174239,0.5721890686308768,discharge,0.6471011763933467,0.010062078282134443,3.4885497700715886,1
2.435142923575151,-1.0055413160417384,14.823289091157996,0.998,1.9643846153846152,3079.0,-0.0015976628325877,-4.89133084009552e-05,0.57204941011476,discharge,0.6471011763933467,0.010062078282134443,3.4885497700715886,1
2.433545260742563,-1.0055653858163367,14.823240177849597,0.998,1.9627692307692308,3080.0,-0.0015976628325877,-4.89133084009552e-05,0.5719097482556188,discharge,0.6471011763933467,0.010062078282134443,3.4885497700715886,1
2.431947597909975,-1.005589455590935,14.823191264541194,0.998,1.9611538461538465,3081.0,-0.0015976628325882,-4.89133084009552e-05,0.5717700830534534,discharge,0.6471011763933467,0.010062078282134443,3.4885497700715886,1
2.430349935077387,-1.0056135253655334,14.823142351232791,0.998,1.9595384615384617,3082.0,-0.0015976628325877,-4.89133084009552e-05,0.5716304145082638,discharge,0.6471011763933467,0.010062078282134443,3.4885497700715886,1
2.4287522722447994,-1.0056375951401315,14.823093437924392,0.998,1.9579230769230769,3083.0,-0.0015976628325877,-4.89133084009552e-05,0.57149074262005,discharge,0.6471011763933467,0.010062078282134443,3.4885497700715886,1
2.4271546094122116,-1.00566166491473,14.823044524615993,0.998,1.9563076923076923,3084.0,-0.0015976628325877,-4.89133084009552e-05,0.5713510673888117,discharge,0.6471011763933467,0.010062078282134443,3.4885497700715886,1
2.4255569465796234,-1.0056857346893286,14.82299561130759,0.998,1.9546923076923075,3085.0,-0.0015976628325882,-4.89133084009552e-05,0.5712113888145494,discharge,0.6471011763933467,0.010062078282134443,3.4885497700715886,1
2.4239592837470356,-1.005709804463927,14.822946697999187,0.998,1.9530769230769232,3086.0,-0.0015976628325877,-4.89133084009552e-05,0.5710717068972626,discharge,0.6471011763933467,0.010062078282134443,3.4885497700715886,1
2.422361620914448,-1.0057338742385251,14.822897784690788,0.998,1.9514615384615384,3087.0,-0.0015976628325877,-4.89133084009552e-05,0.5709320216369518,discharge,0.6471011763933467,0.010062078282134443,3.4885497700715886,1
2.42076395808186,-1.0057579440131237,14.822848871382387,0.998,1.9498461538461536,3088.0,-0.0015976628325877,-4.89133084009552e-05,0.5707923330336165,discharge,0.6471011763933467,0.010062078282134443,3.4885497700715886,1
2.419166295249272,-1.005782013787722,14.822799958073986,0.998,1.9482307692307692,3089.0,-0.0015976628325882,-4.89133084009552e-05,0.5706526410872572,discharge,0.6471011763933467,0.010062078282134443,3.4885497700715886,1
2.417568632416684,-1.0058060835623204,14.822751044765583,0.998,1.9466153846153849,3090.0,-0.0015976628325877,-4.89133084009552e-05,0.5705129457978735,discharge,0.6471011763933467,0.010062078282134443,3.4885497700715886,1
2.4159709695840963,-1.0058301533369187,14.822702131457184,0.998,1.945,3091.0,-0.0015976628325877,-4.89133084009552e-05,0.5703732471654657,discharge,0.6471011763933467,0.010062078282134443,3.4885497700715886,1
2.414464553116596,-1.0058034350642506,14.84126801281718,0.998,1.9435,3092.0,-0.0015064164675004,0.0185658813599971,0.570233552243929,discharge,0.6471011763933467,0.010062078282134443,3.4885497700715886,1
2.412958136649096,-1.0057767167915828,14.85983389417718,0.998,1.942,3093.0,-0.0015064164675,0.0185658813599971,0.5700938610332635,discharge,0.6471011763933467,0.010062078282134443,3.4885497700715886,1
2.4114517201815957,-1.005749998518915,14.878399775537176,0.998,1.9405,3094.0,-0.0015064164675,0.0185658813599971,0.5699541735334692,discharge,0.6471011763933467,0.010062078282134443,3.4885497700715886,1
2.409945303714095,-1.0057232802462468,14.896965656897171,0.998,1.939,3095.0,-0.0015064164675004,0.0185658813599953,0.5698144897445461,discharge,0.6471011763933467,0.010062078282134443,3.4885497700715886,1
2.4084388872465947,-1.0056965619735787,14.915531538257168,0.998,1.9375,3096.0,-0.0015064164675004,0.0185658813599971,0.5696748096664942,discharge,0.6471011763933467,0.010062078282134443,3.4885497700715886,1
2.4069324707790947,-1.0056698437009108,14.934097419617164,0.998,1.936,3097.0,-0.0015064164675,0.0185658813599971,0.5695351332993135,discharge,0.6471011763933467,0.010062078282134443,3.4885497700715886,1
2.4054260543115946,-1.005643125428243,14.952663300977164,0.998,1.9345,3098.0,-0.0015064164675,0.0185658813599971,0.5693954606430041,discharge,0.6471011763933467,0.010062078282134443,3.4885497700715886,1
2.403919637844094,-1.0056164071555749,14.97122918233716,0.998,1.933,3099.0,-0.0015064164675004,0.0185658813599971,0.5692557916975657,discharge,0.6471011763933467,0.010062078282134443,3.4885497700715886,1
2.4024132213765936,-1.0055896888829068,14.989795063697157,0.998,1.9315,3100.0,-0.0015064164675004,0.0185658813599971,0.5691161264629986,discharge,0.6471011763933467,0.010062078282134443,3.4885497700715886,1
2.4009068049090936,-1.005562970610239,15.008360945057154,0.998,1.93,3101.0,-0.0015064164675,0.0185658813599971,0.5689764649393028,discharge,0.6471011763933467,0.010062078282134443,3.4885497700715886,1
2.3994003884415935,-1.005536252337571,15.02692682641715,0.998,1.9285,3102.0,-0.0015064164675,0.0185658813599953,0.568836807126478,discharge,0.6471011763933467,0.010062078282134443,3.4885497700715886,1
2.397893971974093,-1.005509534064903,15.045492707777148,0.998,1.927,3103.0,-0.0015064164675004,0.0185658813599971,0.5686971530245246,discharge,0.6471011763933467,0.010062078282134443,3.4885497700715886,1
2.3963875555065925,-1.0054828157922349,15.064058589137144,0.998,1.9255,3104.0,-0.0015064164675004,0.0185658813599971,0.5685575026334424,discharge,0.6471011763933467,0.010062078282134443,3.4885497700715886,1
2.3948811390390925,-1.005456097519567,15.08262447049714,0.998,1.924,3105.0,-0.0015064164675,0.0185658813599971,0.5684178559532314,discharge,0.6471011763933467,0.010062078282134443,3.4885497700715886,1
2.3932029150810497,-1.0054084110081554,15.08692419074883,0.998,1.9223076923076925,3106.0,-0.0016782239580428,0.004299720251689,0.5682782158961468,discharge,0.6471011763933467,0.010062078282134443,3.4885497700715886,1
2.3915246911230064,-1.0053607244967435,15.09122391100052,0.998,1.9206153846153848,3107.0,-0.0016782239580432,0.004299720251689,0.568138582462189,discharge,0.6471011763933467,0.010062078282134443,3.4885497700715886,1
2.3898464671649635,-1.005313037985332,15.095523631252206,0.998,1.918923076923077,3108.0,-0.0016782239580428,0.0042997202516872,0.5679989556513576,discharge,0.6471011763933467,0.010062078282134443,3.4885497700715886,1
2.38816824320692,-1.0052653514739207,15.099823351503897,0.998,1.917230769230769,3109.0,-0.0016782239580432,0.004299720251689,0.567859335463653,discharge,0.6471011763933467,0.010062078282134443,3.4885497700715886,1
2.3864900192488774,-1.005217664962509,15.104123071755584,0.998,1.9155384615384616,3110.0,-0.0016782239580428,0.004299720251689,0.5677197218990748,discharge,0.6471011763933467,0.010062078282134443,3.4885497700715886,1
2.384811795290834,-1.0051699784510977,15.108422792007271,0.998,1.9138461538461535,3111.0,-0.0016782239580432,0.004299720251689,0.5675801149576233,discharge,0.6471011763933467,0.010062078282134443,3.4885497700715886,1
2.3831335713327912,-1.0051222919396858,15.11272251225896,0.998,1.912153846153846,3112.0,-0.0016782239580428,0.0042997202516872,0.5674405146392982,discharge,0.6471011763933467,0.010062078282134443,3.4885497700715886,1
2.381455347374748,-1.0050746054282742,15.11702223251065,0.998,1.9104615384615384,3113.0,-0.0016782239580432,0.004299720251689,0.5673009209440999,discharge,0.6471011763933467,0.010062078282134443,3.4885497700715886,1
2.379777123416705,-1.0050269189168626,15.121321952762338,0.998,1.9087692307692308,3114.0,-0.0016782239580428,0.004299720251689,0.567161333872028,discharge,0.6471011763933467,0.010062078282134443,3.4885497700715886,1
2.378098899458662,-1.0049792324054512,15.125621673014027,0.998,1.907076923076923,3115.0,-0.0016782239580432,0.004299720251689,0.5670217534230829,discharge,0.6471011763933467,0.010062078282134443,3.4885497700715886,1
2.376420675500619,-1.0049315458940395,15.129921393265716,0.998,1.9053846153846152,3116.0,-0.0016782239580428,0.0042997202516872,0.5668821795972643,discharge,0.6471011763933467,0.010062078282134443,3.4885497700715886,1
2.3747424515425757,-1.004883859382628,15.134221113517404,0.998,1.9036923076923076,3117.0,-0.0016782239580432,0.004299720251689,0.5667426123945722,discharge,0.6471011763933467,0.010062078282134443,3.4885497700715886,1
2.373064227584533,-1.0048361728712163,15.138520833769093,0.998,1.902,3118.0,-0.0016782239580428,0.004299720251689,0.5666030518150068,discharge,0.6471011763933467,0.010062078282134443,3.4885497700715886,1
2.371437977413839,-1.0048099808737203,15.142656103111156,0.998,1.9004285714285711,3119.0,-0.0016262501706938,0.004135269342063,0.5664634948732188,discharge,0.6471011763933467,0.010062078282134443,3.4885497700715886,1
2.3698117272431447,-1.0047837888762243,15.14679137245322,0.998,1.8988571428571428,3120.0,-0.0016262501706942,0.0041352693420648,0.5663239415692083,discharge,0.6471011763933467,0.010062078282134443,3.4885497700715886,1
2.368185477072451,-1.0047575968787283,15.150926641795284,0.998,1.8972857142857145,3121.0,-0.0016262501706938,0.004135269342063,0.5661843919029751,discharge,0.6471011763933467,0.010062078282134443,3.4885497700715886,1
2.366559226901757,-1.0047314048812326,15.155061911137349,0.998,1.8957142857142857,3122.0,-0.0016262501706938,0.004135269342063,0.5660448458745193,discharge,0.6471011763933467,0.010062078282134443,3.4885497700715886,1
2.3649329767310627,-1.0047052128837366,15.159197180479412,0.998,1.8941428571428571,3123.0,-0.0016262501706942,0.0041352693420648,0.565905303483841,discharge,0.6471011763933467,0.010062078282134443,3.4885497700715886,1
2.363306726560369,-1.0046790208862406,15.163332449821477,0.998,1.8925714285714288,3124.0,-0.0016262501706938,0.004135269342063,0.5657657647309402,discharge,0.6471011763933467,0.010062078282134443,3.4885497700715886,1
2.361680476389675,-1.0046528288887446,15.167467719163538,0.998,1.891,3125.0,-0.0016262501706938,0.004135269342063,0.5656262296158168,discharge,0.6471011763933467,0.010062078282134443,3.4885497700715886,1
2.3600542262189808,-1.0046266368912486,15.171602988505605,0.998,1.8894285714285712,3126.0,-0.0016262501706942,0.0041352693420648,0.5654866981384707,discharge,0.6471011763933467,0.010062078282134443,3.4885497700715886,1
2.358427976048287,-1.0046004448937529,15.175738257847666,0.998,1.887857142857143,3127.0,-0.0016262501706938,0.004135269342063,0.5653471702989021,discharge,0.6471011763933467,0.010062078282134443,3.4885497700715886,1
2.3568017258775926,-1.004574252896257,15.17987352718973,0.998,1.886285714285714,3128.0,-0.0016262501706942,0.0041352693420648,0.565207646097111,discharge,0.6471011763933467,0.010062078282134443,3.4885497700715886,1
2.355175475706899,-1.004548060898761,15.184008796531794,0.998,1.8847142857142856,3129.0,-0.0016262501706938,0.004135269342063,0.5650681255330974,discharge,0.6471011763933467,0.010062078282134443,3.4885497700715886,1
2.353549225536205,-1.004521868901265,15.188144065873855,0.998,1.883142857142857,3130.0,-0.0016262501706938,0.004135269342063,0.564928608606861,discharge,0.6471011763933467,0.010062078282134443,3.4885497700715886,1
2.35192297536551,-1.004495676903769,15.192279335215922,0.998,1.8815714285714285,3131.0,-0.0016262501706942,0.0041352693420648,0.5647890953184023,discharge,0.6471011763933467,0.010062078282134443,3.4885497700715886,1
2.350296725194817,-1.004469484906273,15.196414604557985,0.998,1.88,3132.0,-0.0016262501706938,0.004135269342063,0.5646495856677207,discharge,0.6471011763933467,0.010062078282134443,3.4885497700715886,1
2.348515063741918,-1.0044930029772303,15.19611438187433,0.998,1.878307692307692,3133.0,-0.0017816614528989,-0.0003002226836557,0.5645100727506407,discharge,0.6471011763933467,0.010062078282134443,3.4885497700715886,1
2.3467334022890194,-1.004516521048188,15.195814159190675,0.998,1.8766153846153848,3134.0,-0.0017816614528984,-0.0003002226836539,0.5643705565671617,discharge,0.6471011763933467,0.010062078282134443,3.4885497700715886,1
2.3449517408361205,-1.0045400391191452,15.19551393650702,0.998,1.874923076923077,3135.0,-0.0017816614528989,-0.0003002226836557,0.5642310371172841,discharge,0.6471011763933467,0.010062078282134443,3.4885497700715886,1
2.343170079383222,-1.0045635571901028,15.195213713823366,0.998,1.8732307692307693,3136.0,-0.0017816614528984,-0.0003002226836539,0.5640915144010077,discharge,0.6471011763933467,0.010062078282134443,3.4885497700715886,1
2.341388417930323,-1.0045870752610602,15.19491349113971,0.998,1.8715384615384616,3137.0,-0.0017816614528989,-0.0003002226836557,0.5639519884183326,discharge,0.6471011763933467,0.010062078282134443,3.4885497700715886,1
2.339606756477424,-1.0046105933320175,15.194613268456056,0.998,1.869846153846154,3138.0,-0.0017816614528989,-0.0003002226836539,0.5638124591692586,discharge,0.6471011763933467,0.010062078282134443,3.4885497700715886,1
2.3378250950245256,-1.004634111402975,15.1943130457724,0.998,1.868153846153846,3139.0,-0.0017816614528984,-0.0003002226836557,0.563672926653786,discharge,0.6471011763933467,0.010062078282134443,3.4885497700715886,1
2.3360434335716267,-1.0046576294739324,15.194012823088746,0.998,1.8664615384615384,3140.0,-0.0017816614528989,-0.0003002226836539,0.5635333908719147,discharge,0.6471011763933467,0.010062078282134443,3.4885497700715886,1
2.334261772118728,-1.0046811475448898,15.19371260040509,0.998,1.8647692307692307,3141.0,-0.0017816614528989,-0.0003002226836557,0.5633938518236445,discharge,0.6471011763933467,0.010062078282134443,3.4885497700715886,1
2.3324801106658293,-1.0047046656158474,15.193412377721437,0.998,1.863076923076923,3142.0,-0.0017816614528984,-0.0003002226836539,0.5632543095089756,discharge,0.6471011763933467,0.010062078282134443,3.4885497700715886,1
2.3306984492129303,-1.0047281836868047,15.19311215503778,0.998,1.8613846153846152,3143.0,-0.0017816614528989,-0.0003002226836557,0.5631147639279079,discharge,0.6471011763933467,0.010062078282134443,3.4885497700715886,1
2.328916787760032,-1.0047517017577623,15.192811932354129,0.998,1.859692307692308,3144.0,-0.0017816614528984,-0.0003002226836539,0.5629752150804417,discharge,0.6471011763933467,0.010062078282134443,3.4885497700715886,1
2.327135126307133,-1.0047752198287196,15.192511709670471,0.998,1.858,3145.0,-0.0017816614528989,-0.0003002226836557,0.5628356629665765,discharge,0.6471011763933467,0.010062078282134443,3.4885497700715886,1
2.325176102684139,-1.0048184292608182,15.177515596213018,0.998,1.856,3146.0,-0.001959023622994,-0.0149961134574532,0.5626961048514014,discharge,0.6471011763933467,0.010062078282134443,3.4885497700715886,1
2.323217079061145,-1.0048616386929166,15.162519482755568,0.998,1.854,3147.0,-0.001959023622994,-0.0149961134574514,0.5625565407349162,discharge,0.6471011763933467,0.010062078282134443,3.4885497700715886,1
2.321258055438151,-1.0049048481250151,15.147523369298112,0.998,1.852,3148.0,-0.001959023622994,-0.0149961134574532,0.5624169706171211,discharge,0.6471011763933467,0.010062078282134443,3.4885497700715886,1
2.3192990318151567,-1.0049480575571137,15.132527255840662,0.998,1.85,3149.0,-0.001959023622994,-0.0149961134574514,0.562277394498016,discharge,0.6471011763933467,0.010062078282134443,3.4885497700715886,1
2.3173400081921627,-1.004991266989212,15.117531142383209,0.998,1.848,3150.0,-0.001959023622994,-0.0149961134574532,0.5621378123776007,discharge,0.6471011763933467,0.010062078282134443,3.4885497700715886,1
2.3153809845691686,-1.0050344764213104,15.102535028925756,0.998,1.846,3151.0,-0.001959023622994,-0.0149961134574532,0.5619982242558756,discharge,0.6471011763933467,0.010062078282134443,3.4885497700715886,1
2.3134219609461746,-1.005077685853409,15.087538915468304,0.998,1.844,3152.0,-0.001959023622994,-0.0149961134574514,0.5618586301328403,discharge,0.6471011763933467,0.010062078282134443,3.4885497700715886,1
2.3114629373231805,-1.0051208952855073,15.072542802010853,0.998,1.842,3153.0,-0.001959023622994,-0.0149961134574532,0.5617190300084951,discharge,0.6471011763933467,0.010062078282134443,3.4885497700715886,1
2.3095039137001865,-1.005164104717606,15.057546688553398,0.998,1.84,3154.0,-0.001959023622994,-0.0149961134574532,0.56157942388284,discharge,0.6471011763933467,0.010062078282134443,3.4885497700715886,1
2.3075448900771924,-1.0052073141497042,15.042550575095946,0.998,1.838,3155.0,-0.001959023622994,-0.0149961134574514,0.5614398117558748,discharge,0.6471011763933467,0.010062078282134443,3.4885497700715886,1
2.3055858664541984,-1.0052505235818028,15.027554461638491,0.998,1.836,3156.0,-0.001959023622994,-0.0149961134574532,0.5613001936275994,discharge,0.6471011763933467,0.010062078282134443,3.4885497700715886,1
2.3036268428312043,-1.0052937330139011,15.012558348181042,0.998,1.834,3157.0,-0.001959023622994,-0.0149961134574514,0.5611605694980142,discharge,0.6471011763933467,0.010062078282134443,3.4885497700715886,1
2.3016678192082103,-1.0053369424459997,14.997562234723588,0.998,1.832,3158.0,-0.001959023622994,-0.0149961134574532,0.561020939367119,discharge,0.6471011763933467,0.010062078282134443,3.4885497700715886,1
2.2997127382769396,-1.00528834013866,14.990141458087248,0.998,1.8301428571428573,3159.0,-0.0019550809312707,-0.0074207766363407,0.5608813159865442,discharge,0.6471011763933467,0.010062078282134443,3.4885497700715886,1
2.2977576573456693,-1.00523973783132,14.982720681450909,0.998,1.8282857142857143,3160.0,-0.0019550809312702,-0.0074207766363389,0.5607416993562898,discharge,0.6471011763933467,0.010062078282134443,3.4885497700715886,1
2.2958025764143986,-1.0051911355239802,14.975299904814568,0.998,1.8264285714285715,3161.0,-0.0019550809312707,-0.0074207766363407,0.5606020894763559,discharge,0.6471011763933467,0.010062078282134443,3.4885497700715886,1
2.293847495483128,-1.0051425332166404,14.967879128178229,0.998,1.8245714285714287,3162.0,-0.0019550809312707,-0.0074207766363389,0.5604624863467425,discharge,0.6471011763933467,0.010062078282134443,3.4885497700715886,1
2.2918924145518575,-1.0050939309093003,14.960458351541888,0.998,1.8227142857142855,3163.0,-0.0019550809312702,-0.0074207766363407,0.5603228899674495,discharge,0.6471011763933467,0.010062078282134443,3.4885497700715886,1
2.289937333620587,-1.0050453286019607,14.953037574905547,0.998,1.820857142857143,3164.0,-0.0019550809312707,-0.0074207766363389,0.5601833003384771,discharge,0.6471011763933467,0.010062078282134443,3.4885497700715886,1
2.2879822526893165,-1.004996726294621,14.945616798269208,0.998,1.819,3165.0,-0.0019550809312702,-0.0074207766363407,0.560043717459825,discharge,0.6471011763933467,0.010062078282134443,3.4885497700715886,1
2.286027171758046,-1.004948123987281,14.938196021632868,0.998,1.8171428571428572,3166.0,-0.0019550809312707,-0.0074207766363407,0.5599041413314935,discharge,0.6471011763933467,0.010062078282134443,3.4885497700715886,1
2.284072090826775,-1.0048995216799412,14.930775244996529,0.998,1.8152857142857144,3167.0,-0.0019550809312707,-0.0074207766363389,0.5597645719534824,discharge,0.6471011763933467,0.010062078282134443,3.4885497700715886,1
2.282117009895505,-1.0048509193726014,14.923354468360188,0.998,1.8134285714285712,3168.0,-0.0019550809312702,-0.0074207766363407,0.5596250093257917,discharge,0.6471011763933467,0.010062078282134443,3.4885497700715886,1
2.280161928964234,-1.0048023170652616,14.915933691723849,0.998,1.8115714285714288,3169.0,-0.0019550809312707,-0.0074207766363389,0.5594854534484216,discharge,0.6471011763933467,0.010062078282134443,3.4885497700715886,1
2.2782068480329634,-1.0047537147579215,14.908512915087508,0.998,1.8097142857142856,3170.0,-0.0019550809312707,-0.0074207766363407,0.5593459043213719,discharge,0.6471011763933467,0.010062078282134443,3.4885497700715886,1
2.276251767101693,-1.004705112450582,14.901092138451167,0.998,1.8078571428571428,3171.0,-0.0019550809312702,-0.0074207766363389,0.5592063619446426,discharge,0.6471011763933467,0.010062078282134443,3.4885497700715886,1
2.2742966861704224,-1.004656510143242,14.893671361814828,0.998,1.806,3172.0,-0.0019550809312707,-0.0074207766363407,0.5590668263182339,discharge,0.6471011763933467,0.010062078282134443,3.4885497700715886,1
2.2721031375634,-1.0047885949462034,14.896154183959132,0.998,1.803846153846154,3173.0,-0.0021935486070225,0.0024828221443033,0.5589272723467136,discharge,0.6471011763933467,0.010062078282134443,3.4885497700715886,1
2.269909588956377,-1.0049206797491648,14.898637006103431,0.998,1.8016923076923077,3174.0,-0.0021935486070225,0.0024828221443016,0.5587877000300816,discharge,0.6471011763933467,0.010062078282134443,3.4885497700715886,1
2.2677160403493546,-1.005052764552126,14.901119828247737,0.998,1.7995384615384615,3175.0,-0.0021935486070225,0.0024828221443033,0.5586481093683383,discharge,0.6471011763933467,0.010062078282134443,3.4885497700715886,1
2.2655224917423316,-1.0051848493550877,14.903602650392038,0.998,1.7973846153846154,3176.0,-0.002193548607023,0.0024828221443016,0.5585085003614835,discharge,0.6471011763933467,0.010062078282134443,3.4885497700715886,1
2.263328943135309,-1.0053169341580488,14.906085472536342,0.998,1.7952307692307692,3177.0,-0.0021935486070225,0.0024828221443033,0.5583688730095171,discharge,0.6471011763933467,0.010062078282134443,3.4885497700715886,1
2.2611353945282864,-1.00544901896101,14.908568294680643,0.998,1.793076923076923,3178.0,-0.0021935486070225,0.0024828221443033,0.5582292273124392,discharge,0.6471011763933467,0.010062078282134443,3.4885497700715886,1
2.258941845921264,-1.0055811037639717,14.911051116824948,0.998,1.790923076923077,3179.0,-0.0021935486070225,0.0024828221443016,0.5580895632702496,discharge,0.6471011763933467,0.010062078282134443,3.4885497700715886,1
2.256748297314241,-1.0057131885669328,14.91353393896925,0.998,1.788769230769231,3180.0,-0.0021935486070225,0.0024828221443033,0.5579498808829487,discharge,0.6471011763933467,0.010062078282134443,3.4885497700715886,1
2.2545547487072186,-1.0058452733698942,14.916016761113552,0.998,1.7866153846153847,3181.0,-0.0021935486070225,0.0024828221443033,0.5578101801505362,discharge,0.6471011763933467,0.010062078282134443,3.4885497700715886,1
2.2523612001001956,-1.0059773581728555,14.918499583257857,0.998,1.7844615384615383,3182.0,-0.002193548607023,0.0024828221443016,0.5576704610730123,discharge,0.6471011763933467,0.010062078282134443,3.4885497700715886,1
2.250167651493173,-1.0061094429758168,14.920982405402158,0.998,1.7823076923076924,3183.0,-0.0021935486070225,0.0024828221443033,0.5575307236503768,discharge,0.6471011763933467,0.010062078282134443,3.4885497700715886,1
2.2479741028861504,-1.0062415277787782,14.92346522754646,0.998,1.7801538461538462,3184.0,-0.0021935486070225,0.0024828221443016,0.5573909678826297,discharge,0.6471011763933467,0.010062078282134443,3.4885497700715886,1
2.245780554279128,-1.0063736125817395,14.925948049690763,0.998,1.778,3185.0,-0.0021935486070225,0.0024828221443033,0.5572511937697711,discharge,0.6471011763933467,0.010062078282134443,3.4885497700715886,1
2.24361840366354,-1.006260325415083,14.921413625976763,0.998,1.7758571428571428,3186.0,-0.0021621506155877,-0.0045344237140003,0.5571114353912412,discharge,0.6471011763933467,0.010062078282134443,3.4885497700715886,1
2.2414562530479523,-1.0061470382484268,14.916879202262765,0.998,1.7737142857142858,3187.0,-0.0021621506155877,-0.0045344237140003,0.5569716927470401,discharge,0.6471011763933467,0.010062078282134443,3.4885497700715886,1
2.239294102432364,-1.0060337510817705,14.912344778548762,0.998,1.7715714285714286,3188.0,-0.0021621506155882,-0.0045344237140003,0.5568319658371677,discharge,0.6471011763933467,0.010062078282134443,3.4885497700715886,1
2.2371319518167763,-1.005920463915114,14.907810354834764,0.998,1.7694285714285714,3189.0,-0.0021621506155877,-0.0045344237139985,0.5566922546616238,discharge,0.6471011763933467,0.010062078282134443,3.4885497700715886,1
2.2349698012011885,-1.0058071767484575,14.903275931120763,0.998,1.7672857142857143,3190.0,-0.0021621506155877,-0.0045344237140003,0.5565525592204088,discharge,0.6471011763933467,0.010062078282134443,3.4885497700715886,1
2.2328076505856007,-1.0056938895818013,14.898741507406765,0.998,1.7651428571428571,3191.0,-0.0021621506155877,-0.0045344237140003,0.5564128795135224,discharge,0.6471011763933467,0.010062078282134443,3.4885497700715886,1
2.230645499970013,-1.0055806024151448,14.894207083692764,0.998,1.763,3192.0,-0.0021621506155877,-0.0045344237140003,0.5562732155409646,discharge,0.6471011763933467,0.010062078282134443,3.4885497700715886,1
2.2284833493544247,-1.0054673152484883,14.889672659978762,0.998,1.760857142857143,3193.0,-0.0021621506155882,-0.0045344237140003,0.5561335673027358,discharge,0.6471011763933467,0.010062078282134443,3.4885497700715886,1
2.226321198738837,-1.005354028081832,14.885138236264762,0.998,1.7587142857142857,3194.0,-0.0021621506155877,-0.0045344237140003,0.5559939347988355,discharge,0.6471011763933467,0.010062078282134443,3.4885497700715886,1
2.224159048123249,-1.0052407409151756,14.880603812550762,0.998,1.756571428571429,3195.0,-0.0021621506155877,-0.0045344237140003,0.5558543180292639,discharge,0.6471011763933467,0.010062078282134443,3.4885497700715886,1
2.2219968975076614,-1.0051274537485193,14.876069388836765,0.998,1.7544285714285714,3196.0,-0.0021621506155877,-0.0045344237139985,0.5557147169940211,discharge,0.6471011763933467,0.010062078282134443,3.4885497700715886,1
2.219834746892073,-1.0050141665818628,14.871534965122764,0.998,1.7522857142857142,3197.0,-0.0021621506155882,-0.0045344237140003,0.5555751316931069,discharge,0.6471011763933467,0.010062078282134443,3.4885497700715886,1
2.2176725962764854,-1.0049008794152066,14.867000541408762,0.998,1.7501428571428572,3198.0,-0.0021621506155877,-0.0045344237140003,0.5554355621265215,discharge,0.6471011763933467,0.010062078282134443,3.4885497700715886,1
2.2155104456608976,-1.00478759224855,14.862466117694762,0.998,1.748,3199.0,-0.0021621506155877,-0.0045344237140003,0.5552960082942646,discharge,0.6471011763933467,0.010062078282134443,3.4885497700715886,1
2.213066567085515,-1.004716516880983,14.8554703030139,0.998,1.7456153846153846,3200.0,-0.0024438785753826,-0.0069958146808613,0.5551564643335868,discharge,0.6471011763933467,0.010062078282134443,3.4885497700715886,1
2.2106226885101323,-1.0046454415134165,14.84847448833304,0.998,1.7432307692307691,3201.0,-0.0024438785753826,-0.0069958146808613,0.5550169302444877,discharge,0.6471011763933467,0.010062078282134443,3.4885497700715886,1
2.2081788099347497,-1.0045743661458493,14.841478673652178,0.998,1.740846153846154,3202.0,-0.0024438785753826,-0.0069958146808613,0.5548774060269674,discharge,0.6471011763933467,0.010062078282134443,3.4885497700715886,1
2.2057349313593666,-1.0045032907782825,14.834482858971318,0.998,1.7384615384615385,3203.0,-0.002443878575383,-0.0069958146808595,0.554737891681026,discharge,0.6471011763933467,0.010062078282134443,3.4885497700715886,1
2.203291052783984,-1.0044322154107157,14.827487044290455,0.998,1.736076923076923,3204.0,-0.0024438785753826,-0.0069958146808613,0.5545983872066634,discharge,0.6471011763933467,0.010062078282134443,3.4885497700715886,1
2.2008471742086013,-1.0043611400431485,14.820491229609596,0.998,1.7336923076923076,3205.0,-0.0024438785753826,-0.0069958146808613,0.5544588926038796,discharge,0.6471011763933467,0.010062078282134443,3.4885497700715886,1
2.1984032956332187,-1.0042900646755817,14.813495414928736,0.998,1.7313076923076924,3206.0,-0.0024438785753826,-0.0069958146808613,0.5543194078726748,discharge,0.6471011763933467,0.010062078282134443,3.4885497700715886,1
2.195959417057836,-1.004218989308015,14.806499600247871,0.998,1.728923076923077,3207.0,-0.0024438785753826,-0.0069958146808613,0.5541799330130486,discharge,0.6471011763933467,0.010062078282134443,3.4885497700715886,1
2.1935155384824534,-1.0041479139404477,14.799503785567012,0.998,1.7265384615384616,3208.0,-0.0024438785753826,-0.0069958146808613,0.5540404680250013,discharge,0.6471011763933467,0.010062078282134443,3.4885497700715886,1
2.1910716599070703,-1.0040768385728809,14.792507970886152,0.998,1.724153846153846,3209.0,-0.002443878575383,-0.0069958146808595,0.5539010129085329,discharge,0.6471011763933467,0.010062078282134443,3.4885497700715886,1
2.1886277813316877,-1.004005763205314,14.785512156205291,0.998,1.721769230769231,3210.0,-0.0024438785753826,-0.0069958146808613,0.5537615676636433,discharge,0.6471011763933467,0.010062078282134443,3.4885497700715886,1
2.186183902756305,-1.003934687837747,14.77851634152443,0.998,1.7193846153846155,3211.0,-0.0024438785753826,-0.0069958146808613,0.5536221322903324,discharge,0.6471011763933467,0.010062078282134443,3.4885497700715886,1
2.1837400241809224,-1.00386361247018,14.771520526843569,0.998,1.717,3212.0,-0.0024438785753826,-0.0069958146808613,0.5534827067886005,discharge,0.6471011763933467,0.010062078282134443,3.4885497700715886,1
2.181174541639032,-1.0040905419649573,14.778937118841029,0.998,1.7144615384615385,3213.0,-0.0025654825418901,0.00741659199746,0.553343249768883,discharge,0.6471011763933467,0.010062078282134443,3.4885497700715886,1
2.178609059097142,-1.0043174714597345,14.786353710838489,0.998,1.7119230769230769,3214.0,-0.0025654825418901,0.0074165919974582,0.5532037612311804,discharge,0.6471011763933467,0.010062078282134443,3.4885497700715886,1
2.1760435765552515,-1.004544400954512,14.793770302835949,0.998,1.7093846153846155,3215.0,-0.0025654825418905,0.00741659199746,0.5530642411754922,discharge,0.6471011763933467,0.010062078282134443,3.4885497700715886,1
2.1734780940133613,-1.0047713304492891,14.801186894833403,0.998,1.706846153846154,3216.0,-0.0025654825418901,0.0074165919974582,0.5529246896018187,discharge,0.6471011763933467,0.010062078282134443,3.4885497700715886,1
2.170912611471471,-1.0049982599440663,14.808603486830863,0.998,1.7043076923076923,3217.0,-0.0025654825418901,0.00741659199746,0.5527851065101599,discharge,0.6471011763933467,0.010062078282134443,3.4885497700715886,1
2.168347128929581,-1.0052251894388435,14.816020078828323,0.998,1.7017692307692307,3218.0,-0.0025654825418901,0.00741659199746,0.5526454919005155,discharge,0.6471011763933467,0.010062078282134443,3.4885497700715886,1
2.1657816463876904,-1.005452118933621,14.823436670825783,0.998,1.699230769230769,3219.0,-0.0025654825418905,0.0074165919974582,0.5525058457728859,discharge,0.6471011763933467,0.010062078282134443,3.4885497700715886,1
2.1632161638458003,-1.0056790484283982,14.830853262823243,0.998,1.6966923076923075,3220.0,-0.0025654825418901,0.00741659199746,0.5523661681272708,discharge,0.6471011763933467,0.010062078282134443,3.4885497700715886,1
2.16065068130391,-1.0059059779231754,14.838269854820703,0.998,1.694153846153846,3221.0,-0.0025654825418901,0.00741659199746,0.5522264589636703,discharge,0.6471011763933467,0.010062078282134443,3.4885497700715886,1
2.15808519876202,-1.0061329074179526,14.845686446818162,0.998,1.6916153846153843,3222.0,-0.0025654825418901,0.0074165919974582,0.5520867182820846,discharge,0.6471011763933467,0.010062078282134443,3.4885497700715886,1
2.1555197162201294,-1.00635983691273,14.853103038815622,0.998,1.6890769230769231,3223.0,-0.0025654825418905,0.00741659199746,0.5519469460825133,discharge,0.6471011763933467,0.010062078282134443,3.4885497700715886,1
2.1529542336782392,-1.0065867664075072,14.86051963081308,0.998,1.6865384615384615,3224.0,-0.0025654825418901,0.0074165919974582,0.5518071423649566,discharge,0.6471011763933467,0.010062078282134443,3.4885497700715886,1
2.150388751136349,-1.0068136959022844,14.86793622281054,0.998,1.684,3225.0,-0.0025654825418901,0.00741659199746,0.5516673071294147,discharge,0.6471011763933467,0.010062078282134443,3.4885497700715886,1
2.14792028007789,-1.006727470313587,14.859935686720233,0.998,1.681642857142857,3226.0,-0.0024684710584597,-0.008000536090309,0.5515274838696489,discharge,0.6471011763933467,0.010062078282134443,3.4885497700715886,1
2.1454518090194297,-1.006641244724889,14.85193515062992,0.998,1.6792857142857145,3227.0,-0.0024684710584597,-0.0080005360903108,0.5513876725856593,discharge,0.6471011763933467,0.010062078282134443,3.4885497700715886,1
2.14298333796097,-1.0065550191361912,14.843934614539611,0.998,1.676928571428571,3228.0,-0.0024684710584597,-0.008000536090309,0.551247873277446,discharge,0.6471011763933467,0.010062078282134443,3.4885497700715886,1
2.1405148669025102,-1.0064687935474936,14.835934078449302,0.998,1.6745714285714286,3229.0,-0.0024684710584597,-0.008000536090309,0.5511080859450088,discharge,0.6471011763933467,0.010062078282134443,3.4885497700715886,1
2.1380463958440505,-1.006382567958796,14.827933542358991,0.998,1.6722142857142857,3230.0,-0.0024684710584597,-0.0080005360903108,0.5509683105883479,discharge,0.6471011763933467,0.010062078282134443,3.4885497700715886,1
2.135577924785591,-1.006296342370098,14.819933006268682,0.998,1.669857142857143,3231.0,-0.0024684710584597,-0.008000536090309,0.5508285472074632,discharge,0.6471011763933467,0.010062078282134443,3.4885497700715886,1
2.133109453727131,-1.0062101167814004,14.811932470178371,0.998,1.6675,3232.0,-0.0024684710584597,-0.0080005360903108,0.5506887958023546,discharge,0.6471011763933467,0.010062078282134443,3.4885497700715886,1
2.130640982668671,-1.0061238911927026,14.803931934088062,0.998,1.665142857142857,3233.0,-0.0024684710584601,-0.008000536090309,0.5505490563730223,discharge,0.6471011763933467,0.010062078282134443,3.4885497700715886,1
2.1281725116102113,-1.0060376656040049,14.795931397997752,0.998,1.6627857142857143,3234.0,-0.0024684710584597,-0.008000536090309,0.5504093289194663,discharge,0.6471011763933467,0.010062078282134443,3.4885497700715886,1
2.1257040405517516,-1.0059514400153071,14.787930861907444,0.998,1.6604285714285714,3235.0,-0.0024684710584597,-0.0080005360903108,0.5502696134416863,discharge,0.6471011763933467,0.010062078282134443,3.4885497700715886,1
2.123235569493292,-1.0058652144266096,14.779930325817134,0.998,1.6580714285714286,3236.0,-0.0024684710584597,-0.008000536090309,0.5501299099396826,discharge,0.6471011763933467,0.010062078282134443,3.4885497700715886,1
2.120767098434832,-1.0057789888379118,14.771929789726824,0.998,1.6557142857142857,3237.0,-0.0024684710584597,-0.008000536090309,0.5499902184134551,discharge,0.6471011763933467,0.010062078282134443,3.4885497700715886,1
2.1182986273763724,-1.005692763249214,14.763929253636514,0.998,1.653357142857143,3238.0,-0.0024684710584597,-0.0080005360903108,0.549850538863004,discharge,0.6471011763933467,0.010062078282134443,3.4885497700715886,1
2.1158301563179127,-1.0056065376605163,14.755928717546205,0.998,1.651,3239.0,-0.0024684710584597,-0.008000536090309,0.5497108712883287,discharge,0.6471011763933467,0.010062078282134443,3.4885497700715886,1
2.1130555690799473,-1.0056484657528777,14.7557035101289,0.998,1.6482307692307692,3240.0,-0.0027745872379654,-0.000225207417305,0.5495711978903075,discharge,0.6471011763933467,0.010062078282134443,3.4885497700715886,1
2.1102809818419814,-1.0056903938452388,14.755478302711596,0.998,1.6454615384615383,3241.0,-0.0027745872379658,-0.000225207417305,0.5494315186689401,discharge,0.6471011763933467,0.010062078282134443,3.4885497700715886,1
2.107506394604016,-1.0057323219376,14.75525309529429,0.998,1.6426923076923077,3242.0,-0.0027745872379654,-0.000225207417305,0.5492918336242266,discharge,0.6471011763933467,0.010062078282134443,3.4885497700715886,1
2.10473180736605,-1.0057742500299611,14.755027887876984,0.998,1.639923076923077,3243.0,-0.0027745872379658,-0.000225207417305,0.549152142756167,discharge,0.6471011763933467,0.010062078282134443,3.4885497700715886,1
2.1019572201280847,-1.0058161781223225,14.75480268045968,0.998,1.6371538461538462,3244.0,-0.0027745872379654,-0.000225207417305,0.549012446064761,discharge,0.6471011763933467,0.010062078282134443,3.4885497700715886,1
2.0991826328901193,-1.0058581062146836,14.754577473042374,0.998,1.634384615384615,3245.0,-0.0027745872379654,-0.000225207417305,0.5488727435500089,discharge,0.6471011763933467,0.010062078282134443,3.4885497700715886,1
2.0964080456521534,-1.005900034307045,14.75435226562507,0.998,1.6316153846153847,3246.0,-0.0027745872379658,-0.000225207417305,0.5487330352119107,discharge,0.6471011763933467,0.010062078282134443,3.4885497700715886,1
2.093633458414188,-1.005941962399406,14.754127058207764,0.998,1.6288461538461538,3247.0,-0.0027745872379654,-0.000225207417305,0.5485933210504663,discharge,0.6471011763933467,0.010062078282134443,3.4885497700715886,1
2.0908588711762226,-1.0059838904917673,14.75390185079046,0.998,1.626076923076923,3248.0,-0.0027745872379654,-0.000225207417305,0.5484536010656759,discharge,0.6471011763933467,0.010062078282134443,3.4885497700715886,1
2.0880842839382567,-1.0060258185841289,14.753676643373154,0.998,1.6233076923076923,3249.0,-0.0027745872379658,-0.000225207417305,0.5483138752575392,discharge,0.6471011763933467,0.010062078282134443,3.4885497700715886,1
2.0853096967002913,-1.0060677466764898,14.75345143595585,0.998,1.6205384615384617,3250.0,-0.0027745872379654,-0.000225207417305,0.5481741436260563,discharge,0.6471011763933467,0.010062078282134443,3.4885497700715886,1
2.0825351094623255,-1.0061096747688512,14.753226228538544,0.998,1.6177692307692308,3251.0,-0.0027745872379658,-0.000225207417305,0.5480344061712273,discharge,0.6471011763933467,0.010062078282134443,3.4885497700715886,1
2.07976052222436,-1.0061516028612123,14.75300102112124,0.998,1.615,3252.0,-0.0027745872379654,-0.000225207417305,0.5478946628930521,discharge,0.6471011763933467,0.010062078282134443,3.4885497700715886,1
2.076903035252983,-1.0061400256957749,14.747089381896847,0.998,1.612153846153846,3253.0,-0.0028574869713771,-0.0059116392243918,0.5477549212228165,discharge,0.6471011763933467,0.010062078282134443,3.4885497700715886,1
2.074045548281606,-1.006128448530337,14.741177742672456,0.998,1.6093076923076923,3254.0,-0.0028574869713771,-0.0059116392243918,0.5476151811605208,discharge,0.6471011763933467,0.010062078282134443,3.4885497700715886,1
2.0711880613102287,-1.0061168713648991,14.735266103448064,0.998,1.6064615384615384,3255.0,-0.0028574869713771,-0.0059116392243918,0.5474754427061644,discharge,0.6471011763933467,0.010062078282134443,3.4885497700715886,1
2.068330574338852,-1.0061052941994617,14.729354464223674,0.998,1.6036153846153849,3256.0,-0.0028574869713766,-0.00591163922439,0.5473357058597479,discharge,0.6471011763933467,0.010062078282134443,3.4885497700715886,1
2.065473087367475,-1.0060937170340238,14.723442824999282,0.998,1.6007692307692307,3257.0,-0.0028574869713771,-0.0059116392243918,0.5471959706212708,discharge,0.6471011763933467,0.010062078282134443,3.4885497700715886,1
2.062615600396098,-1.0060821398685862,14.71753118577489,0.998,1.597923076923077,3258.0,-0.0028574869713771,-0.0059116392243918,0.5470562369907335,discharge,0.6471011763933467,0.010062078282134443,3.4885497700715886,1
2.0597581134247207,-1.0060705627031483,14.711619546550498,0.998,1.595076923076923,3259.0,-0.0028574869713771,-0.0059116392243918,0.5469165049681358,discharge,0.6471011763933467,0.010062078282134443,3.4885497700715886,1
2.0569006264533436,-1.006058985537711,14.705707907326106,0.998,1.5922307692307691,3260.0,-0.0028574869713771,-0.0059116392243918,0.5467767745534778,discharge,0.6471011763933467,0.010062078282134443,3.4885497700715886,1
2.0540431394819665,-1.006047408372273,14.699796268101714,0.998,1.5893846153846154,3261.0,-0.0028574869713771,-0.0059116392243918,0.5466370457467595,discharge,0.6471011763933467,0.010062078282134443,3.4885497700715886,1
2.05118565251059,-1.0060358312068354,14.693884628877324,0.998,1.5865384615384617,3262.0,-0.0028574869713766,-0.00591163922439,0.5464973185479809,discharge,0.6471011763933467,0.010062078282134443,3.4885497700715886,1
2.0483281655392127,-1.0060242540413975,14.687972989652932,0.998,1.5836923076923075,3263.0,-0.0028574869713771,-0.0059116392243918,0.5463575929571418,discharge,0.6471011763933467,0.010062078282134443,3.4885497700715886,1
2.0454706785678356,-1.00601267687596,14.68206135042854,0.998,1.580846153846154,3264.0,-0.0028574869713771,-0.0059116392243918,0.5462178689742423,discharge,0.6471011763933467,0.010062078282134443,3.4885497700715886,1
2.0426131915964585,-1.0060010997105222,14.676149711204149,0.998,1.578,3265.0,-0.0028574869713771,-0.0059116392243918,0.5460781465992826,discharge,0.6471011763933467,0.010062078282134443,3.4885497700715886,1
2.03985084780425,-1.0060241463799189,14.686037627914954,0.998,1.5752142857142857,3266.0,-0.0027623437922086,0.0098879167108059,0.5459384210233964,discharge,0.6471011763933467,0.010062078282134443,3.4885497700715886,1
2.0370885040120412,-1.0060471930493156,14.69592554462576,0.998,1.5724285714285715,3267.0,-0.0027623437922086,0.0098879167108041,0.5457986922465841,discharge,0.6471011763933467,0.010062078282134443,3.4885497700715886,1
2.0343261602198326,-1.0060702397187122,14.705813461336565,0.998,1.5696428571428571,3268.0,-0.0027623437922086,0.0098879167108059,0.5456589602688454,discharge,0.6471011763933467,0.010062078282134443,3.4885497700715886,1
2.031563816427624,-1.006093286388109,14.71570137804737,0.998,1.566857142857143,3269.0,-0.0027623437922086,0.0098879167108059,0.5455192250901804,discharge,0.6471011763933467,0.010062078282134443,3.4885497700715886,1
2.0288014726354153,-1.0061163330575056,14.725589294758176,0.998,1.5640714285714286,3270.0,-0.0027623437922086,0.0098879167108059,0.5453794867105891,discharge,0.6471011763933467,0.010062078282134443,3.4885497700715886,1
2.0260391288432067,-1.0061393797269025,14.73547721146898,0.998,1.5612857142857144,3271.0,-0.0027623437922086,0.0098879167108041,0.5452397451300715,discharge,0.6471011763933467,0.010062078282134443,3.4885497700715886,1
2.023276785050998,-1.006162426396299,14.745365128179786,0.998,1.5585,3272.0,-0.0027623437922086,0.0098879167108059,0.5451000003486275,discharge,0.6471011763933467,0.010062078282134443,3.4885497700715886,1
2.02051444125879,-1.0061854730656954,14.755253044890592,0.998,1.5557142857142856,3273.0,-0.0027623437922081,0.0098879167108059,0.5449602523662573,discharge,0.6471011763933467,0.010062078282134443,3.4885497700715886,1
2.0177520974665812,-1.006208519735092,14.765140961601396,0.998,1.5529285714285714,3274.0,-0.0027623437922086,0.0098879167108041,0.5448205011829608,discharge,0.6471011763933467,0.010062078282134443,3.4885497700715886,1
2.0149897536743726,-1.0062315664044887,14.775028878312202,0.998,1.550142857142857,3275.0,-0.0027623437922086,0.0098879167108059,0.5446807467987379,discharge,0.6471011763933467,0.010062078282134443,3.4885497700715886,1
2.012227409882164,-1.0062546130738854,14.784916795023008,0.998,1.5473571428571429,3276.0,-0.0027623437922086,0.0098879167108059,0.5445409892135888,discharge,0.6471011763933467,0.010062078282134443,3.4885497700715886,1
2.0094650660899553,-1.006277659743282,14.794804711733814,0.998,1.5445714285714285,3277.0,-0.0027623437922086,0.0098879167108059,0.5444012284275133,discharge,0.6471011763933467,0.010062078282134443,3.4885497700715886,1
2.0067027222977467,-1.0063007064126788,14.804692628444618,0.998,1.5417857142857143,3278.0,-0.0027623437922086,0.0098879167108041,0.5442614644405115,discharge,0.6471011763933467,0.010062078282134443,3.4885497700715886,1
2.003940378505538,-1.0063237530820754,14.814580545155424,0.998,1.539,3279.0,-0.0027623437922086,0.0098879167108059,0.5441216972525835,discharge,0.6471011763933467,0.010062078282134443,3.4885497700715886,1
2.00087203178886,-1.0062331757926368,14.805595754614336,0.998,1.536076923076923,3280.0,-0.0030683467166783,-0.0089847905410884,0.5439819426448345,discharge,0.6471011763933467,0.010062078282134443,3.4885497700715886,1
1.997803685072182,-1.0061425985031984,14.796610964073247,0.998,1.533153846153846,3281.0,-0.0030683467166778,-0.0089847905410866,0.5438422006172646,discharge,0.6471011763933467,0.010062078282134443,3.4885497700715886,1
1.994735338355504,-1.0060520212137598,14.78762617353216,0.998,1.530230769230769,3282.0,-0.0030683467166781,-0.0089847905410884,0.5437024711698738,discharge,0.6471011763933467,0.010062078282134443,3.4885497700715886,1
1.9916669916388257,-1.0059614439243214,14.778641382991074,0.998,1.5273076923076925,3283.0,-0.0030683467166781,-0.0089847905410866,0.5435627543026621,discharge,0.6471011763933467,0.010062078282134443,3.4885497700715886,1
1.9885986449221476,-1.0058708666348828,14.769656592449984,0.998,1.5243846153846152,3284.0,-0.0030683467166781,-0.0089847905410884,0.5434230500156295,discharge,0.6471011763933467,0.010062078282134443,3.4885497700715886,1
1.9855302982054697,-1.0057802893454442,14.7606718019089,0.998,1.5214615384615384,3285.0,-0.0030683467166781,-0.0089847905410866,0.5432833583087759,discharge,0.6471011763933467,0.010062078282134443,3.4885497700715886,1
1.9824619514887911,-1.0056897120560058,14.75168701136781,0.998,1.5185384615384614,3286.0,-0.0030683467166781,-0.0089847905410884,0.5431436791821016,discharge,0.6471011763933467,0.010062078282134443,3.4885497700715886,1
1.9793936047721132,-1.0055991347665671,14.742702220826724,0.998,1.5156153846153846,3287.0,-0.0030683467166781,-0.0089847905410866,0.5430040126356062,discharge,0.6471011763933467,0.010062078282134443,3.4885497700715886,1
1.9763252580554351,-1.0055085574771283,14.733717430285637,0.998,1.5126923076923076,3288.0,-0.0030683467166781,-0.0089847905410884,0.5428643586692898,discharge,0.6471011763933467,0.010062078282134443,3.4885497700715886,1
1.973256911338757,-1.00541798018769,14.724732639744548,0.998,1.5097692307692308,3289.0,-0.0030683467166781,-0.0089847905410866,0.5427247172831526,discharge,0.6471011763933467,0.010062078282134443,3.4885497700715886,1
1.970188564622079,-1.0053274028982515,14.71574784920346,0.998,1.5068461538461535,3290.0,-0.0030683467166781,-0.0089847905410884,0.5425850884771946,discharge,0.6471011763933467,0.010062078282134443,3.4885497700715886,1
1.9671202179054008,-1.0052368256088131,14.706763058662371,0.998,1.503923076923077,3291.0,-0.0030683467166781,-0.0089847905410866,0.5424454722514156,discharge,0.6471011763933467,0.010062078282134443,3.4885497700715886,1
1.9640518711887227,-1.0051462483193745,14.697778268121285,0.998,1.501,3292.0,-0.0030683467166781,-0.0089847905410884,0.5423058686058158,discharge,0.6471011763933467,0.010062078282134443,3.4885497700715886,1
2.0265027608351573,-0.9335727280474698,14.701092123492128,0.9267428571428572,1.3937857142857142,3293.0,0.0624508896464346,0.0033138553708429,0.5421762057269202,discharge,0.6471011763933467,0.010062078282134443,3.4885497700715886,1
2.088953650481592,-0.8619992077755652,14.70440597886297,0.8554857142857143,1.2865714285714285,3294.0,0.0624508896464344,0.0033138553708429,0.5420564836147291,discharge,0.6471011763933467,0.010062078282134443,3.4885497700715886,1
2.151404540128026,-0.7904256875036606,14.707719834233812,0.7842285714285714,1.1793571428571428,3295.0,0.0624508896464344,0.0033138553708411,0.5419467022692426,discharge,0.6471011763933467,0.010062078282134443,3.4885497700715886,1
2.213855429774461,-0.7188521672317559,14.711033689604657,0.7129714285714286,1.072142857142857,3296.0,0.0624508896464348,0.0033138553708429,0.5418468616904604,discharge,0.6471011763933467,0.010062078282134443,3.4885497700715886,1
2.2763063194208955,-0.6472786469598513,14.714347544975498,0.6417142857142857,0.9649285714285714,3297.0,0.0624508896464344,0.0033138553708429,0.5417569618783825,discharge,0.6471011763933467,0.010062078282134443,3.4885497700715886,1
2.33875720906733,-0.5757051266879467,14.71766140034634,0.5704571428571428,0.8577142857142857,3298.0,0.0624508896464344,0.0033138553708429,0.5416770028330092,discharge,0.6471011763933467,0.010062078282134443,3.4885497700715886,1
2.4012080987137643,-0.504131606416042,14.720975255717182,0.4991999999999999,0.7505,3299.0,0.0624508896464344,0.0033138553708411,0.5416069845543403,discharge,0.6471011763933467,0.010062078282134443,3.4885497700715886,1
2.4636589883601987,-0.4325580861441374,14.724289111088025,0.427942857142857,0.6432857142857142,3300.0,0.0624508896464344,0.0033138553708429,0.5415469070423758,discharge,0.6471011763933467,0.010062078282134443,3.4885497700715886,1
2.5261098780066336,-0.3609845658722327,14.727602966458868,0.3566857142857142,0.5360714285714285,3301.0,0.0624508896464348,0.0033138553708429,0.5414967702971158,discharge,0.6471011763933467,0.010062078282134443,3.4885497700715886,1
2.588560767653068,-0.2894110456003281,14.73091682182971,0.2854285714285713,0.4288571428571428,3302.0,0.0624508896464344,0.0033138553708429,0.5414565743185602,discharge,0.6471011763933467,0.010062078282134443,3.4885497700715886,1
2.6510116572995024,-0.2178375253284234,14.734230677200554,0.2141714285714284,0.3216428571428571,3303.0,0.0624508896464344,0.0033138553708429,0.541426319106709,discharge,0.6471011763933467,0.010062078282134443,3.4885497700715886,1
2.7134625469459372,-0.1462640050565188,14.737544532571397,0.1429142857142856,0.2144285714285714,3304.0,0.0624508896464348,0.0033138553708411,0.5414060046615623,discharge,0.6470831731892482,0.009634845708387189,3.506181570211378,1
2.7759134365923717,-0.0746904847846141,14.740858387942238,0.0716571428571427,0.1072142857142857,3305.0,0.0624508896464344,0.0033138553708429,0.54139563098312,discharge,0.6470739797582241,0.009193279905260372,3.50804949126054,1
2.838364326238806,-0.0031169645127095,14.74417224331308,0.0004,0.0,3306.0,0.0624508896464344,0.0033138553708429,0.5413951980713821,discharge,0.6470735961002745,0.00873809296839478,3.509935935143153,1
2.8619924445018037,-0.0028033100029325,14.744982650470162,0.0004,0.0,3307.0,0.0236281182629976,0.0008104071570809,0.5413948087227707,discharge,0.6470732510491314,0.00830536455116009,3.5103747446712954,1
2.885620562764801,-0.0024896554931555,14.745793057627242,0.0004,0.0,3308.0,0.0236281182629971,0.0008104071570809,0.5413944629372855,discharge,0.6470729446047949,0.007893978881701666,3.510792232931946,1
2.9092486810277984,-0.0021760009833786,14.746603464784323,0.0004,0.0,3309.0,0.0236281182629976,0.0008104071570809,0.5413941607149266,discharge,0.6470726767672651,0.007502875621330194,3.511189460263705,1
2.9328767992907956,-0.0018623464736016,14.747413871941404,0.0004,0.0,3310.0,0.0236281182629971,0.0008104071570809,0.5413939020556942,discharge,0.6470724475365418,0.007131047110521567,3.511567434326015,1
2.956504917553793,-0.0015486919638247,14.748224279098483,0.0004,0.0,3311.0,0.0236281182629976,0.0008104071570809,0.5413936869595881,discharge,0.6470722569126252,0.00677753575173949,3.511927112716344,1
2.9801330358167903,-0.0012350374540477,14.749034686255566,0.0004,0.0,3312.0,0.0236281182629971,0.0008104071570809,0.5413935154266084,discharge,0.6470721048955151,0.006441431522283262,3.5122694054573316,1
3.003761154079788,-0.0009213829442708,14.749845093412649,0.0004,0.0,3313.0,0.0236281182629976,0.0008104071570809,0.541393387456755,discharge,0.6470719914852117,0.006121869610700879,3.5125951773603803,1
3.027389272342785,-0.0006077284344938,14.750655500569728,0.0004,0.0,3314.0,0.0236281182629971,0.0008104071570809,0.541393303050028,discharge,0.6470719166817148,0.005818028170628584,3.512905250271828,1
3.0510173906057827,-0.0002940739247169,14.751465907726809,0.0004,0.0,3315.0,0.0236281182629976,0.0008104071570809,0.5413932622064274,discharge,0.6470718804850245,0.005529126186222908,3.513200405207486,1
3.07464550886878,1.9580585060038335e-05,14.75227631488389,0.0004,0.0,3316.0,0.0236281182629971,0.0008104071570809,0.5413932649259531,discharge,0.6470718828951408,0.005254421443641162,3.513481384381191,1
3.0982736271317775,0.0003332350948369,14.75308672204097,0.0004,0.0,3317.0,0.0236281182629976,0.0008104071570809,0.5413933112086051,discharge,0.6470719239120638,0.00499320860330171,3.51374889313253,1
3.1219017453947746,0.0006468896046139,14.753897129198052,0.0004,0.0,3318.0,0.0236281182629971,0.0008104071570809,0.5413934010543835,discharge,0.6470720035357933,0.0047448173679171595,3.5140036017587932,1
3.145529863657772,0.0009605441143909,14.754707536355133,0.0004,0.0,3319.0,0.0236281182629976,0.0008104071570809,0.5413935344632883,discharge,0.6470721217663294,0.004508610741542318,3.514246147255951,1
3.152452335501412,0.0008263064854013,14.746972602281234,0.0004,0.0,3320.0,0.00692247184364,-0.0077349340738983,0.541393649228078,discharge,0.6470722234739525,0.00428420589443103,3.5144679239381578,1
3.1593748073450523,0.0006920688564118,14.739237668207336,0.0004,0.0,3321.0,0.00692247184364,-0.0077349340738983,0.5413937453487525,discharge,0.6470723086586627,0.004071016497058764,3.514678475977697,1
3.1662972791886923,0.0005578312274222,14.731502734133436,0.0004,0.0,3322.0,0.00692247184364,-0.0077349340738983,0.5413938228253119,discharge,0.6470723773204599,0.003868485349602844,3.514878360574373,1
3.1732197510323323,0.0004235935984327,14.72376780005954,0.0004,0.0,3323.0,0.00692247184364,-0.0077349340738983,0.5413938816577561,discharge,0.647072429459344,0.003676082934736582,3.5150681072455066,1
3.1801422228759724,0.0002893559694431,14.71603286598564,0.0004,0.0,3324.0,0.00692247184364,-0.0077349340738983,0.5413939218460853,discharge,0.647072465075315,0.0034933060423226942,3.515248219201239,1
3.1870646947196124,0.0001551183404536,14.708297931911742,0.0004,0.0,3325.0,0.00692247184364,-0.0077349340738983,0.5413939433902992,discharge,0.647072484168373,0.0033196764624339433,3.5154191746514813,1
3.193987166563252,2.0880711464100067e-05,14.700562997837844,0.0004,0.0,3326.0,0.0069224718436395,-0.0077349340738983,0.5413939462903979,discharge,0.6470724867385181,0.0031547397433064183,3.5155814280480002,1
3.200909638406892,-0.0001133569175254,14.692828063763946,0.0004,0.0,3327.0,0.00692247184364,-0.0077349340738983,0.5413939305463816,discharge,0.6470724727857502,0.0029980640109994925,3.515735411264731,1
3.207832110250532,-0.0002475945465149,14.685093129690047,0.0004,0.0,3328.0,0.00692247184364,-0.0077349340738983,0.5413938961582501,discharge,0.6470724423100692,0.00284923884769679,3.515881534719497,1
3.214754582094172,-0.0003818321755045,14.677358195616147,0.0004,0.0,3329.0,0.00692247184364,-0.0077349340738983,0.5413938431260035,discharge,0.6470723953114752,0.00270787422573479,3.5160201884399576,1
3.221677053937812,-0.000516069804494,14.66962326154225,0.0004,0.0,3330.0,0.00692247184364,-0.0077349340738983,0.5413937714496417,discharge,0.6470723317899683,0.0025735994945904348,3.5161517430766565,1
3.228599525781452,-0.0006503074334836,14.661888327468352,0.0004,0.0,3331.0,0.00692247184364,-0.0077349340738983,0.5413936811291649,discharge,0.6470722517455483,0.002446062418196664,3.5162765508656553,1
3.235521997625092,-0.0007845450624731,14.654153393394454,0.0004,0.0,3332.0,0.00692247184364,-0.0077349340738983,0.541393572164573,discharge,0.6470721551782153,0.0023249282600855134,3.5163949465434405,1
3.242444469468732,-0.0009187826914627,14.646418459320556,0.0004,0.0,3333.0,0.00692247184364,-0.0077349340738983,0.5413934445558658,discharge,0.6470720420879692,0.00220987891398263,3.5165072482162922,1
3.2468631948327267,-0.0008674888331879,14.627864636047894,0.0004,0.0,3334.0,0.0044187253639944,-0.0185538232726614,0.5413933240713056,discharge,0.6470719353113326,0.002100519902859182,3.5166175736966854,1
3.2512819201967207,-0.0008161949749132,14.609310812775234,0.0004,0.0,3335.0,0.004418725363994,-0.0185538232726596,0.5413932107108925,discharge,0.6470718348483053,0.0019965685226136587,3.516722495058958,1
3.255700645560715,-0.0007649011166385,14.590756989502571,0.0004,0.0,3336.0,0.0044187253639944,-0.0185538232726614,0.5413931044746263,discharge,0.6470717406988875,0.0018977561142946692,3.5168222809620655,1
3.2601193709247096,-0.0007136072583638,14.572203166229912,0.0004,0.0,3337.0,0.0044187253639944,-0.0185538232726596,0.5413930053625071,discharge,0.6470716528630791,0.001803827366317495,3.5169171867175897,1
3.2645380962887036,-0.0006623134000891,14.553649342957252,0.0004,0.0,3338.0,0.004418725363994,-0.0185538232726614,0.5413929133745348,discharge,0.6470715713408801,0.0017145396513475412,3.517007454952856,1
3.268956821652698,-0.0006110195418144,14.53509551968459,0.0004,0.0,3339.0,0.0044187253639944,-0.0185538232726614,0.5413928285107096,discharge,0.6470714961322905,0.0016296623961283775,3.5170933162411204,1
3.2733755470166925,-0.0005597256835396,14.516541696411933,0.0004,0.0,3340.0,0.0044187253639944,-0.0185538232726596,0.5413927507710313,discharge,0.6470714272373104,0.001548976482617639,3.5171749897004205,1
3.277794272380687,-0.0005084318252649,14.49798787313927,0.0004,0.0,3341.0,0.0044187253639944,-0.0185538232726614,0.5413926801555,discharge,0.6470713646559396,0.001472273678875364,3.517252683562685,1
3.282212997744681,-0.0004571379669902,14.479434049866608,0.0004,0.0,3342.0,0.004418725363994,-0.0185538232726614,0.5413926166641156,discharge,0.6470713083881784,0.0013993560982266237,3.5173265957145947,1
3.2866317231086755,-0.0004058441087155,14.460880226593948,0.0004,0.0,3343.0,0.0044187253639944,-0.0185538232726596,0.5413925602968784,discharge,0.6470712584340266,0.00133003568529374,3.517396914211525,1
3.29105044847267,-0.0003545502504408,14.442326403321289,0.0004,0.0,3344.0,0.0044187253639944,-0.0185538232726614,0.541392511053788,discharge,0.6470712147934842,0.001264133727563167,3.5174638177659796,1
3.295469173836664,-0.0003032563921661,14.423772580048627,0.0004,0.0,3345.0,0.004418725363994,-0.0185538232726596,0.5413924689348447,discharge,0.6470711774665512,0.0012014803912184394,3.5175274762117814,1
3.2998878992006584,-0.0002519625338914,14.405218756775966,0.0004,0.0,3346.0,0.0044187253639944,-0.0185538232726614,0.5413924339400483,discharge,0.6470711464532276,0.0011419142800336143,3.517588050945148,1
3.302891456437764,-0.0002829819586729,14.39344300379792,0.0003857142857142,0.0,3347.0,0.0030035572371054,-0.0117757529780462,0.5413923946369985,discharge,0.6470711116218146,0.0010853229106153567,3.5176440025468056,1
3.3058950136748693,-0.0003140013834544,14.381667250819875,0.0003714285714285,0.0,3348.0,0.0030035572371054,-0.0117757529780444,0.5413923510256953,discharge,0.6470710729723124,0.0010315584934747551,3.5176971250719116,1
3.3088985709119747,-0.0003450208082359,14.369891497841827,0.0003571428571428,0.0,3349.0,0.0030035572371054,-0.0117757529780462,0.5413923031061385,discharge,0.6470710305047208,0.00098048058151923,3.5177475589675473,1
3.3119021281490797,-0.0003760402330174,14.358115744863785,0.0003428571428571,0.0,3350.0,0.0030035572371049,-0.0117757529780444,0.5413922508783284,discharge,0.64707098421904,0.0009319557052716252,3.517795437703202,1
3.314905685386185,-0.000407059657799,14.346339991885738,0.0003285714285714,0.0,3351.0,0.0030035572371054,-0.0117757529780462,0.5413921943422648,discharge,0.6470709341152697,0.0008858570262121454,3.5178408881173953,1
3.3179092426232906,-0.0004380790825805,14.334564238907694,0.0003142857142857,0.0,3352.0,0.0030035572371054,-0.0117757529780444,0.5413921334979479,discharge,0.6470708801934102,0.0008420640073427693,3.5178840307471235,1
3.320912799860396,-0.000469098507362,14.322788485929648,0.0003,0.0,3353.0,0.0030035572371054,-0.0117757529780462,0.5413920683453775,discharge,0.6470708224534614,0.0008004621001185015,3.517924980140936,1
3.3239163570975014,-0.0005001179321435,14.3110127329516,0.0002857142857142,0.0,3354.0,0.0030035572371054,-0.0117757529780462,0.5413919988845535,discharge,0.6470707608954233,0.0007609424469323335,3.5179638451564434,1
3.326919914334607,-0.000531137356925,14.299236979973555,0.0002714285714285,0.0,3355.0,0.0030035572371054,-0.0117757529780444,0.5413919251154762,discharge,0.6470706955192957,0.0007234015983811835,3.518000729243043,1
3.3299234715717123,-0.0005621567817066,14.28746122699551,0.0002571428571428,0.0,3356.0,0.0030035572371054,-0.0117757529780462,0.5413918470381454,discharge,0.647070626325079,0.0006877412445784758,3.5180357307106296,1
3.3329270288088173,-0.0005931762064881,14.275685474017466,0.0002428571428571,0.0,3357.0,0.0030035572371049,-0.0117757529780444,0.5413917646525611,discharge,0.6470705533127729,0.0006538679598155,3.5180689429849137,1
3.3359305860459227,-0.0006241956312696,14.26390972103942,0.0002285714285714,0.0,3358.0,0.0030035572371054,-0.0117757529780462,0.5413916779587234,discharge,0.6470704764823774,0.0006216929599083653,3.518100454850076,1
3.338934143283028,-0.0006552150560511,14.252133968061376,0.0002142857142857,0.0,3359.0,0.0030035572371054,-0.0117757529780444,0.5413915869566324,discharge,0.6470703958338926,0.0005911318716003103,3.518130350679381,1
3.3419377005201336,-0.0006862344808327,14.24035821508333,0.0002,0.0,3360.0,0.0030035572371054,-0.0117757529780462,0.5413914916462877,discharge,0.6470703113673185,0.0005621045134204403,3.5181587106543066,1
3.3444587211129906,-0.0007624203092956,14.227928321810117,0.0002153846153846,0.0,3361.0,0.0025210205928569,-0.0124298932732127,0.541391385754578,discharge,0.647070217523256,0.0005345571267546769,3.5181846821123,1
3.3469797417058476,-0.0008386061377585,14.215498428536906,0.0002307692307692,0.0,3362.0,0.0025210205928569,-0.0124298932732109,0.5413912692815034,discharge,0.647070114301705,0.0005084161844699659,3.5182092419085755,1
3.3495007622987045,-0.0009147919662214,14.203068535263691,0.0002461538461538,0.0,3363.0,0.0025210205928569,-0.0124298932732127,0.5413911422270636,discharge,0.6470700017026656,0.0004836118123679505,3.518232459917339,1
3.352021782891561,-0.0009909777946843,14.19063864199048,0.0002615384615384,0.0,3364.0,0.0025210205928565,-0.0124298932732127,0.5413910045912589,discharge,0.6470698797261377,0.0004600776077018733,3.5182544025413542,1
3.354542803484418,-0.0010671636231472,14.17820874871727,0.000276923076923,0.0,3365.0,0.0025210205928569,-0.0124298932732109,0.541390856374089,discharge,0.6470697483721214,0.0004377504667098218,3.518275132884385,1
3.357063824077275,-0.0011433494516101,14.165778855444056,0.0002923076923076,0.0,3366.0,0.0025210205928569,-0.0124298932732127,0.541390697575554,discharge,0.6470696076406166,0.0004165704207163729,3.51829471091511,1
3.359584844670132,-0.001219535280073,14.153348962170844,0.0003076923076923,0.0,3367.0,0.0025210205928569,-0.0124298932732127,0.5413905281956539,discharge,0.6470694575316234,0.0003964804803769451,3.518313193622901,1
3.362105865262989,-0.0012957211085359,14.140919068897633,0.0003230769230769,0.0,3368.0,0.0025210205928569,-0.0124298932732127,0.5413903482343889,discharge,0.6470692980451417,0.00037742648766031793,3.5183306351657837,1
3.364626885855846,-0.0013719069369988,14.12848917562442,0.0003384615384615,0.0,3369.0,0.0025210205928569,-0.0124298932732109,0.5413901576917588,discharge,0.6470691291811714,0.0003593569751848744,3.518347087011162,1
3.3671479064487024,-0.0014480927654617,14.116059282351207,0.0003538461538461,0.0,3370.0,0.0025210205928565,-0.0124298932732127,0.5413899565677636,discharge,0.6470689509397127,0.00034222303254322295,3.518362598069455,1
3.3696689270415594,-0.0015242785939246,14.103629389077994,0.0003692307692307,0.0,3371.0,0.0025210205928569,-0.0124298932732127,0.5413897448624034,discharge,0.6470687633207656,0.00032597817926800657,3.518377214821134,1
3.3721899476344164,-0.0016004644223875,14.091199495804783,0.0003846153846153,0.0,3372.0,0.0025210205928569,-0.0124298932732109,0.541389522575678,discharge,0.64706856632433,0.0003105782441089546,3.5183909814374785,1
3.3747109682272733,-0.0016766502508505,14.07876960253157,0.0004,0.0,3373.0,0.0025210205928569,-0.0124298932732127,0.5413892897075876,discharge,0.6470683599504059,0.0002959812503076262,3.5184039398952467,1
3.3766334381981125,-0.0015453334313015,14.063060959733525,0.0004,0.0,3374.0,0.0019224699708391,-0.0157086427980477,0.5413890750779444,discharge,0.6470681697398811,0.0002820442162443604,3.518420397439109,1
3.378555908168952,-0.0014140166117525,14.047352316935475,0.0004,0.0,3375.0,0.0019224699708395,-0.0157086427980477,0.5413888786867482,discharge,0.6470679956927555,0.0002687343541614142,3.518436236803835,1
3.3804783781397916,-0.0012826997922035,14.031643674137428,0.0004,0.0,3376.0,0.0019224699708395,-0.0157086427980477,0.5413887005339993,discharge,0.6470678378090291,0.0002560205052444421,3.5184514891482106,1
3.3824008481106307,-0.0011513829726545,14.01593503133938,0.0004,0.0,3377.0,0.0019224699708391,-0.0157086427980477,0.5413885406196977,discharge,0.647067696088702,0.00024387305869422323,3.518466184083022,1
3.38432331808147,-0.0010200661531056,14.000226388541332,0.0004,0.0,3378.0,0.0019224699708391,-0.0157086427980477,0.541388398943843,discharge,0.647067570531774,0.00023226387481902342,3.5184803497479407,1
3.38624578805231,-0.0008887493335566,13.984517745743284,0.0004,0.0,3379.0,0.0019224699708395,-0.0157086427980477,0.5413882755064355,discharge,0.6470674611382452,0.00022116621194783945,3.5184940128846267,1
3.388168258023149,-0.0007574325140076,13.968809102945237,0.0004,0.0,3380.0,0.0019224699708395,-0.0157086427980495,0.5413881703074752,discharge,0.6470673679081157,0.00021055465697470015,3.51850719890616,1
3.390090727993988,-0.0006261156944586,13.953100460147189,0.0004,0.0,3381.0,0.0019224699708391,-0.0157086427980477,0.5413880833469622,discharge,0.6470672908413854,0.00020040505935362704,3.5185199319630835,1
3.392013197964827,-0.0004947988749096,13.93739181734914,0.0004,0.0,3382.0,0.0019224699708391,-0.0157086427980477,0.5413880146248962,discharge,0.6470672299380542,0.00019069446837282128,3.518532235006101,1
3.3939356679356667,-0.0003634820553607,13.921683174551092,0.0004,0.0,3383.0,0.0019224699708395,-0.0157086427980477,0.5413879641412773,discharge,0.6470671851981223,0.00018140107354516007,3.518544129845683,1
3.3958581379065063,-0.0002321652358117,13.905974531753044,0.0004,0.0,3384.0,0.0019224699708395,-0.0157086427980477,0.5413879318961057,discharge,0.6470671566215896,0.00017250414796017946,3.5185556372087445,1
3.397780607877346,-0.0001008484162627,13.890265888954996,0.0004,0.0,3385.0,0.0019224699708391,-0.0157086427980477,0.5413879178893812,discharge,0.6470671442084561,0.00016398399445041327,3.518566776792445,1
3.3997030778481845,3.0468403286221496e-05,13.874557246156948,0.0004,0.0,3386.0,0.0019224699708391,-0.0157086427980477,0.5413879221211038,discharge,0.6470671479587219,0.00015582189443226631,3.5185775673153543,1
3.401625547819024,0.0001617852228352,13.8588486033589,0.0004,0.0,3387.0,0.0019224699708395,-0.0157086427980477,0.5413879445912737,discharge,0.6470671678723868,0.00014800005928854702,3.518588026566113,1
3.4032487032028893,4.470816908672144e-05,13.838210184836647,0.0004,0.0,3388.0,0.0016231553838652,-0.0206384185222532,0.5413879508007415,discharge,0.6470671733753832,0.00014062498984816996,3.5185930631561417,1
3.404871858586755,-7.236888466175714e-05,13.817571766314396,0.0004,0.0,3389.0,0.0016231553838657,-0.0206384185222514,0.5413879407495077,discharge,0.6470671644677111,0.0001336744901424961,3.5185976671588737,1
3.4064950139706203,-0.0001894459384102,13.796933347792145,0.0004,0.0,3390.0,0.0016231553838652,-0.0206384185222532,0.5413879144375717,discharge,0.6470671411493704,0.0001271274669308267,3.518601859667556,1
3.408118169354486,-0.0003065229921587,13.776294929269891,0.0004,0.0,3391.0,0.0016231553838657,-0.0206384185222514,0.541387871864934,discharge,0.6470671034203612,0.0001209638749152786,3.518605660727487,1
3.4097413247383512,-0.0004236000459071,13.755656510747638,0.0004,0.0,3392.0,0.0016231553838652,-0.0206384185222532,0.5413878130315943,discharge,0.6470670512806835,0.00011516466467746386,3.518609089388096,1
3.411364480122217,-0.0005406770996556,13.735018092225388,0.0004,0.0,3393.0,0.0016231553838657,-0.0206384185222514,0.5413877379375527,discharge,0.6470669847303373,0.0001097117332017511,3.518612163752391,1
3.412987635506082,-0.0006577541534041,13.714379673703132,0.0004,0.0,3394.0,0.0016231553838652,-0.0206384185222532,0.5413876465828091,discharge,0.6470669037693225,0.00010458787685660263,3.5186149010240197,1
3.4146107908899475,-0.0007748312071526,13.69374125518088,0.0004,0.0,3395.0,0.0016231553838652,-0.0206384185222532,0.5413875389673637,discharge,0.6470668083976393,9.977674671186731e-05,3.5186173175519184,1
3.416233946273813,-0.0008919082609011,13.673102836658629,0.0004,0.0,3396.0,0.0016231553838657,-0.0206384185222514,0.5413874150912162,discharge,0.6470666986152875,9.526280607597495e-05,3.518619428872795,1
3.4178571016576784,-0.0010089853146495,13.652464418136375,0.0004,0.0,3397.0,0.0016231553838652,-0.0206384185222532,0.541387274954367,discharge,0.6470665744222672,9.103129014274462e-05,3.51862124975146,1
3.419480257041544,-0.001126062368398,13.631825999614124,0.0004,0.0,3398.0,0.0016231553838657,-0.0206384185222514,0.5413871185568159,discharge,0.6470664358185784,8.706816764299818e-05,3.518622794219208,1
3.4211034124254094,-0.0012431394221465,13.61118758109187,0.0004,0.0,3399.0,0.0016231553838652,-0.0206384185222532,0.5413869458985627,discharge,0.647066282804221,8.33601044013772e-05,3.518624075610215,1
3.422726567809275,-0.001360216475895,13.59054916256962,0.0004,0.0,3400.0,0.0016231553838657,-0.0206384185222514,0.5413867569796078,discharge,0.6470661153791951,7.989442870371e-05,3.5186251065962297,1
3.4243497231931403,-0.0014772935296435,13.569910744047366,0.0004,0.0,3401.0,0.0016231553838652,-0.0206384185222532,0.541386551799951,discharge,0.6470659335435007,7.665909838497848e-05,3.518625899219425,1
3.4258415865940965,-0.0013736015157411,13.555273912677483,0.0004,0.0,3402.0,0.0014918634009561,-0.0146368313698825,0.5413863610219627,discharge,0.6470657644709499,7.353298827504858e-05,3.5186310051047376,1
3.4273334499950527,-0.0012699095018388,13.5406370813076,0.0004,0.0,3403.0,0.0014918634009561,-0.0146368313698843,0.5413861846456429,discharge,0.6470656081615426,7.05106721554099e-05,3.5186360142970243,1
3.4288253133960085,-0.0011662174879365,13.526000249937717,0.0004,0.0,3404.0,0.0014918634009557,-0.0146368313698825,0.5413860226709919,discharge,0.6470654646152787,6.758699338996397e-05,3.5186409319529033,1
3.4303171767969647,-0.0010625254740342,13.511363418567832,0.0004,0.0,3405.0,0.0014918634009561,-0.0146368313698843,0.5413858750980094,discharge,0.6470653338321584,6.475705153177871e-05,3.518645762972799,1
3.431809040197921,-0.0009588334601319,13.49672658719795,0.0004,0.0,3406.0,0.0014918634009561,-0.0146368313698825,0.5413857419266954,discharge,0.6470652158121816,6.201618959523884e-05,3.51865051201369,1
3.433300903598877,-0.0008551414462296,13.482089755828063,0.0004,0.0,3407.0,0.0014918634009561,-0.0146368313698843,0.5413856231570502,discharge,0.6470651105553483,5.9359981960534185e-05,3.518655183501182,1
3.434792766999833,-0.0007514494323273,13.467452924458184,0.0004,0.0,3408.0,0.0014918634009557,-0.0146368313698825,0.5413855187890735,discharge,0.6470650180616586,5.678422287907073e-05,3.518659781641019,1
3.436284630400789,-0.000647757418425,13.452816093088298,0.0004,0.0,3409.0,0.0014918634009561,-0.0146368313698843,0.5413854288227653,discharge,0.6470649383311124,5.42849155499494e-05,3.5186643104299846,1
3.437776493801745,-0.0005440654045227,13.438179261718416,0.0004,0.0,3410.0,0.0014918634009561,-0.0146368313698825,0.5413853532581259,discharge,0.6470648713637098,5.185826173914129e-05,3.5186687736663105,1
3.4392683572027014,-0.0004403733906204,13.423542430348531,0.0004,0.0,3411.0,0.0014918634009561,-0.0146368313698843,0.5413852920951548,discharge,0.6470648171594507,4.950065191439733e-05,3.518673174959519,1
3.440760220603657,-0.0003366813767181,13.408905598978649,0.0004,0.0,3412.0,0.0014918634009557,-0.0146368313698825,0.5413852453338526,discharge,0.6470647757183351,4.720865587026995e-05,3.5186775177398046,1
3.442252084004614,-0.0002329893628158,13.394268767608764,0.0004,0.0,3413.0,0.0014918634009561,-0.0146368313698843,0.5413852129742188,discharge,0.647064747040363,4.4979013818897284e-05,3.5186818052669664,1
3.4437439474055695,-0.0001292973489135,13.379631936238882,0.0004,0.0,3414.0,0.0014918634009561,-0.0146368313698825,0.5413851950162537,discharge,0.6470647311255344,4.2808627923410155e-05,3.5186860406388205,1
3.444972909900666,-0.0001503931986088,13.364818390860458,0.0004,0.0,3415.0,0.0012289624950962,-0.0148135453784234,0.5413851741283096,discharge,0.64706471261408,4.075655067394898e-05,3.518687660500115,1
3.4462018723957626,-0.0001714890483042,13.350004845482031,0.0004,0.0,3416.0,0.0012289624950967,-0.0148135453784252,0.5413851503103861,discharge,0.6470646915059999,3.881690432524986e-05,3.518689166485863,1
3.447430834890859,-0.0001925848979996,13.33519130010361,0.0004,0.0,3417.0,0.0012289624950962,-0.0148135453784234,0.5413851235624836,discharge,0.647064667801294,3.6984103146965324e-05,3.5186905641817847,1
3.4486597973859556,-0.000213680747695,13.320377754725186,0.0004,0.0,3418.0,0.0012289624950967,-0.0148135453784234,0.5413850938846021,discharge,0.6470646414999623,3.5252838915939457e-05,3.5186918588961174,1
3.449888759881052,-0.0002347765973904,13.30556420934676,0.0004,0.0,3419.0,0.0012289624950962,-0.0148135453784252,0.5413850612767412,discharge,0.6470646126020049,3.361806712924781e-05,3.5186930556733573,1
3.4511177223761487,-0.0002558724470858,13.290750663968335,0.0004,0.0,3420.0,0.0012289624950967,-0.0148135453784234,0.5413850257389015,discharge,0.6470645811074216,3.20749939021935e-05,3.5186941593073957,1
3.452346684871245,-0.0002769682967812,13.275937118589912,0.0004,0.0,3421.0,0.0012289624950962,-0.0148135453784252,0.5413849872710823,discharge,0.6470645470162125,3.06190635172299e-05,3.518695174353942,1
3.4535756473663413,-0.0002980641464766,13.261123573211488,0.0004,0.0,3422.0,0.0012289624950962,-0.0148135453784234,0.5413849458732842,discharge,0.6470645103283776,2.9245946591470876e-05,3.5186961051423893,1
3.454804609861438,-0.000319159996172,13.246310027833063,0.0004,0.0,3423.0,0.0012289624950967,-0.0148135453784234,0.541384901545507,discharge,0.647064471043917,2.795152883205634e-05,3.5186969557870196,1
3.4560335723565343,-0.0003402558458674,13.23149648245464,0.0004,0.0,3424.0,0.0012289624950962,-0.0148135453784252,0.5413848542877506,discharge,0.6470644291628305,2.673190035016755e-05,3.518697730197734,1
3.457262534851631,-0.0003613516955628,13.216682937076216,0.0004,0.0,3425.0,0.0012289624950967,-0.0148135453784234,0.5413848041000151,discharge,0.6470643846851183,2.5583345505937624e-05,3.5186984320901735,1
3.4584914973467273,-0.0003824475452582,13.201869391697793,0.0004,0.0,3426.0,0.0012289624950962,-0.0148135453784234,0.5413847509823004,discharge,0.6470643376107803,2.450233325788165e-05,3.5186990649953698,1
3.459720459841824,-0.0004035433949536,13.187055846319367,0.0004,0.0,3427.0,0.0012289624950967,-0.0148135453784252,0.5413846949346067,discharge,0.6470642879398165,2.3485507991781127e-05,3.518699632268949,1
3.4609494223369204,-0.000424639244649,13.172242300940944,0.0004,0.0,3428.0,0.0012289624950962,-0.0148135453784234,0.5413846359569339,discharge,0.6470642356722269,2.252968080520273e-05,3.5187001370998,1
3.462109449628847,-0.0004879976950321,13.157907769082431,0.0003846153846153,0.0,3429.0,0.0011600272919265,-0.0143345318585126,0.5413845681794762,discharge,0.6470641756060329,2.1652817898493774e-05,3.5186997133755766,1
3.463269476920774,-0.0005513561454152,13.14357323722392,0.0003692307692307,0.0,3430.0,0.0011600272919269,-0.0143345318585108,0.5413844916022339,discharge,0.6470641077412345,2.0850996211610765e-05,3.5186992102713575,1
3.4644295042127005,-0.0006147145957983,13.129238705365408,0.0003538461538461,0.0,3431.0,0.0011600272919265,-0.0143345318585126,0.5413844062252067,discharge,0.6470640320778317,2.0120487587827644e-05,3.518698631515298,1
3.4655895315046275,-0.0006780730461814,13.114904173506895,0.0003384615384615,0.0,3432.0,0.0011600272919269,-0.0143345318585108,0.5413843120483945,discharge,0.6470639486158245,1.9457749090656062e-05,3.518697980650343,1
3.466749558796554,-0.0007414314965645,13.100569641648384,0.0003230769230769,0.0,3433.0,0.0011600272919265,-0.0143345318585126,0.541384209071798,discharge,0.6470638573552129,1.8859413801835103e-05,3.5186972610434117,1
3.4679095860884805,-0.0008047899469476,13.086235109789872,0.0003076923076923,0.0,3434.0,0.0011600272919265,-0.0143345318585126,0.5413840972954164,discharge,0.6470637582959968,1.832228207649027e-05,3.518696475894152,1
3.4690696133804075,-0.0008681483973308,13.07190057793136,0.0002923076923076,0.0,3435.0,0.0011600272919269,-0.0143345318585108,0.5413839767192501,discharge,0.6470636514381765,1.7843313232748883e-05,3.518695628243263,1
3.470229640672334,-0.0009315068477139,13.057566046072848,0.000276923076923,0.0,3436.0,0.0011600272919265,-0.0143345318585126,0.541383847343299,discharge,0.6470635367817517,1.7419617654227257e-05,3.5186947209803554,1
3.4713896679642606,-0.000994865298097,13.043231514214336,0.0002615384615384,0.0,3437.0,0.0011600272919265,-0.0143345318585126,0.5413837091675631,discharge,0.6470634143267224,1.704844928487808e-05,3.518693756851502,1
3.4725496952561876,-0.0010582237484801,13.028896982355825,0.0002461538461538,0.0,3438.0,0.0011600272919269,-0.0143345318585108,0.5413835621920425,discharge,0.6470632840730888,1.672719849670448e-05,3.5186927384663376,1
3.473709722548114,-0.0011215821988632,13.014562450497312,0.0002307692307692,0.0,3439.0,0.0011600272919265,-0.0143345318585126,0.5413834064167371,discharge,0.6470631460208508,1.645338531181644e-05,3.5186916683048386,1
3.474869749840041,-0.0011849406492463,13.0002279186388,0.0002153846153846,0.0,3440.0,0.0011600272919269,-0.0143345318585108,0.541383241841647,discharge,0.6470630001700084,1.6224652961225294e-05,3.5186905487237916,1
3.4760297771319677,-0.0012482990996295,12.985893386780289,0.0002,0.0,3441.0,0.0011600272919265,-0.0143345318585126,0.541383068466772,discharge,0.6470628465205616,1.603876176364672e-05,3.5186893819628806,1
3.476976761819192,-0.0011395140714339,12.971252362215504,0.0002142857142857,0.0,3442.0,0.0009469846872245,-0.0146410245647832,0.5413829102009288,discharge,0.6470627062611424,1.580805992952928e-05,3.5186917103318005,1
3.4779237465064163,-0.0010307290432383,12.956611337650722,0.0002285714285714,0.0,3443.0,0.000946984687224,-0.0146410245647832,0.5413827670441173,discharge,0.6470625793917507,1.5534773716340522e-05,3.518694088734696,1
3.478870731193641,-0.0009219440150427,12.94197031308594,0.0002428571428571,0.0,3444.0,0.0009469846872245,-0.0146410245647832,0.5413826389963374,discharge,0.6470624659123867,1.522101877784551e-05,3.518696515055904,1
3.4798177158808654,-0.0008131589868471,12.927329288521156,0.0002571428571428,0.0,3445.0,0.0009469846872245,-0.0146410245647832,0.5413825260575892,discharge,0.6470623658230503,1.4868805659059314e-05,3.518698987284868,1
3.4807647005680895,-0.0007043739586515,12.912688263956372,0.0002714285714285,0.0,3446.0,0.000946984687224,-0.0146410245647832,0.5413824282278727,discharge,0.6470622791237415,1.4480045018202269e-05,3.5187015035109246,1
3.481711685255314,-0.0005955889304559,12.89804723939159,0.0002857142857142,0.0,3447.0,0.0009469846872245,-0.0146410245647832,0.5413823455071879,discharge,0.6470622058144603,1.4056552589220938e-05,3.5187040619183216,1
3.482658669942538,-0.0004868039022604,12.883406214826806,0.0003,0.0,3448.0,0.000946984687224,-0.0146410245647832,0.5413822778955348,discharge,0.6470621458952067,1.3600053897763863e-05,3.5187066607815294,1
3.4836056546297627,-0.0003780188740648,12.868765190262025,0.0003142857142857,0.0,3449.0,0.0009469846872245,-0.0146410245647832,0.5413822253929135,discharge,0.6470620993659807,1.3112188742860599e-05,3.5187092984607427,1
3.484552639316987,-0.0002692338458692,12.85412416569724,0.0003285714285714,0.0,3450.0,0.0009469846872245,-0.0146410245647832,0.5413821879993237,discharge,0.6470620662267823,1.2594515455944734e-05,3.5187119733976204,1
3.4854996240042113,-0.0001604488176736,12.839483141132456,0.0003428571428571,0.0,3451.0,0.000946984687224,-0.0146410245647832,0.5413821657147657,discharge,0.6470620464776116,1.2048514948282263e-05,3.5187146841112624,1
3.486446608691436,-5.166378947805713e-05,12.824842116567671,0.0003571428571428,0.0,3452.0,0.0009469846872245,-0.0146410245647832,0.5413821585392393,discharge,0.6470620401184685,1.1475594557317914e-05,3.5187174291943135,1
3.4873935933786604,5.7121238717528584e-05,12.81020109200289,0.0003714285714285,0.0,3453.0,0.0009469846872245,-0.0146410245647832,0.5413821664727447,discharge,0.6470620471493529,1.087709170192931e-05,3.5187202073093586,1
3.4883405780658845,0.0001659062669131,12.795560067438108,0.0003857142857142,0.0,3454.0,0.000946984687224,-0.0146410245647832,0.5413821895152818,discharge,0.647062067570265,1.0254277356082949e-05,3.5187230171854234,1
3.489287562753109,0.0002746912951087,12.780919042873323,0.0004,0.0,3455.0,0.0009469846872245,-0.0146410245647832,0.5413822276668505,discharge,0.6470621013812047,9.608359349913788e-06,3.5187258576146903,1
3.490234199179668,0.0001625659358017,12.76662324967362,0.0004,0.0,3456.0,0.0009466364265589,-0.0142957931997038,0.5413822502454527,discharge,0.6470621213909653,9.050236993909816e-06,3.5187241843622727,1
3.491180835606227,5.0440576494823055e-05,12.752327456473916,0.0004,0.0,3457.0,0.0009466364265589,-0.0142957931997038,0.5413822572510885,discharge,0.6470621275995468,8.575548472732126e-06,3.5187224199977476,1
3.4921274720327857,-6.168478281211541e-05,12.738031663274212,0.0004,0.0,3458.0,0.0009466364265589,-0.0142957931997038,0.5413822486837574,discharge,0.6470621200069492,8.180148672359283e-06,3.51872056866623,1
3.4930741084593446,-0.000173810142119,12.723735870074508,0.0004,0.0,3459.0,0.0009466364265589,-0.0142957931997038,0.5413822245434599,discharge,0.6470620986131724,7.86009841405116e-06,3.518718634306885,1
3.4940207448859035,-0.0002859355014259,12.709440076874804,0.0004,0.0,3460.0,0.0009466364265589,-0.0142957931997038,0.5413821848301958,discharge,0.6470620634182166,7.6116542231853435e-06,3.518716620663201,1
3.4949673813124624,-0.0003980608607329,12.6951442836751,0.0004,0.0,3461.0,0.0009466364265589,-0.0142957931997038,0.5413821295439651,discharge,0.6470620144220817,7.431258606392489e-06,3.5187145312926758,1
3.4959140177390213,-0.0005101862200398,12.680848490475396,0.0004,0.0,3462.0,0.0009466364265589,-0.0142957931997056,0.541382058684768,discharge,0.6470619516247677,7.315530811737579e-06,3.5187123695760603,1
3.49686065416558,-0.0006223115793468,12.66655269727569,0.0004,0.0,3463.0,0.0009466364265589,-0.0142957931997038,0.5413819722526041,discharge,0.6470618750262745,7.2612580479491125e-06,3.5187101387261577,1
3.497807290592139,-0.0007344369386537,12.652256904075989,0.0004,0.0,3464.0,0.0009466364265589,-0.0142957931997038,0.5413818702474738,discharge,0.6470617846266024,7.265387139889343e-06,3.51870784179615,1
3.498753927018698,-0.0008465622979606,12.637961110876285,0.0004,0.0,3465.0,0.0009466364265589,-0.0142957931997038,0.5413817526693768,discharge,0.6470616804257511,7.325016598593214e-06,3.5187054816875336,1
3.499700563445257,-0.0009586876572676,12.62366531767658,0.0004,0.0,3466.0,0.0009466364265589,-0.0142957931997038,0.5413816195183133,discharge,0.6470615624237207,7.4373890852791205e-06,3.5187030611576633,1
3.500647199871816,-0.0010708130165745,12.609369524476875,0.0004,0.0,3467.0,0.0009466364265589,-0.0142957931997038,0.5413814707942832,discharge,0.6470614306205112,7.599884249758407e-06,3.5187005828268973,1
3.5015938362983747,-0.0011829383758815,12.595073731277171,0.0004,0.0,3468.0,0.0009466364265589,-0.0142957931997038,0.5413813064972866,discharge,0.6470612850161227,7.810011924643427e-06,3.51869804918542,1
3.502352921811929,-0.0012388620965927,12.575387739546455,0.0004,0.0,3469.0,0.0007590855135544,-0.0196859917307143,0.5413811344331065,discharge,0.6470611325282487,8.037483867834891e-06,3.5186966184028976,1
3.5031120073254836,-0.001294785817304,12.555701747815744,0.0004,0.0,3470.0,0.0007590855135544,-0.0196859917307143,0.541380954601743,discharge,0.6470609731568892,8.281438390907537e-06,3.5186951673082554,1
3.5038710928390384,-0.0013507095380153,12.53601575608503,0.0004,0.0,3471.0,0.0007590855135548,-0.0196859917307126,0.541380767003196,discharge,0.6470608069020441,8.541056615367795e-06,3.518693696720379,1
3.504630178352593,-0.0014066332587266,12.516329764354316,0.0004,0.0,3472.0,0.0007590855135544,-0.0196859917307143,0.5413805716374657,discharge,0.6470606337637136,8.815560345794284e-06,3.518692207417476,1
3.5053892638661472,-0.0014625569794379,12.4966437726236,0.0004,0.0,3473.0,0.0007590855135544,-0.0196859917307143,0.541380368504552,discharge,0.6470604537418976,9.104210048643739e-06,3.518690700139086,1
3.5061483493797017,-0.0015184807001492,12.476957780892889,0.0004,0.0,3474.0,0.0007590855135544,-0.0196859917307143,0.5413801576044546,discharge,0.6470602668365961,9.406302931472786e-06,3.5186891755880154,1
3.5069074348932565,-0.0015744044208605,12.457271789162174,0.0004,0.0,3475.0,0.0007590855135548,-0.0196859917307126,0.541379938937174,discharge,0.6470600730478091,9.721171117586764e-06,3.518687634432146,1
3.507666520406811,-0.0016303281415717,12.43758579743146,0.0004,0.0,3476.0,0.0007590855135544,-0.0196859917307143,0.5413797125027099,discharge,0.6470598723755366,1.0048179911374602e-05,3.5186860773061848,1
3.5084256059203653,-0.001686251862283,12.417899805700744,0.0004,0.0,3477.0,0.0007590855135544,-0.0196859917307143,0.5413794783010624,discharge,0.6470596648197786,1.0386726149824573e-05,3.518684504813308,1
3.50918469143392,-0.0017421755829943,12.398213813970033,0.0004,0.0,3478.0,0.0007590855135544,-0.0196859917307143,0.5413792363322314,discharge,0.6470594503805351,1.0736236635938832e-05,3.518682917526722,1
3.509943776947474,-0.0017980993037056,12.378527822239317,0.0004,0.0,3479.0,0.0007590855135544,-0.0196859917307143,0.541378986596217,discharge,0.6470592290578061,1.1096166649978407e-05,3.518681315991164,1
3.510702862461029,-0.0018540230244169,12.358841830508604,0.0004,0.0,3480.0,0.0007590855135548,-0.0196859917307126,0.5413787290930191,discharge,0.6470590008515916,1.1465998534671638e-05,3.5186797007242943,1
3.511461947974583,-0.0019099467451282,12.33915583877789,0.0004,0.0,3481.0,0.0007590855135544,-0.0196859917307143,0.5413784638226379,discharge,0.6470587657618916,1.184524035071152e-05,3.5186780722180684,1
3.512221033488138,-0.0019658704658395,12.319469847047175,0.0004,0.0,3482.0,0.0007590855135544,-0.0196859917307143,0.5413781907850732,discharge,0.6470585237887061,1.2233424599049886e-05,3.5186764309400007,1
3.5129726462708315,-0.0019533533169829,12.30687833573438,0.0004,0.0,3483.0,0.0007516127826936,-0.0125915113127952,0.5413779194860013,discharge,0.6470582833562194,1.259610458922399e-05,3.518676184840891,1
3.5137242590535247,-0.0019408361681264,12.294286824421588,0.0004,0.0,3484.0,0.0007516127826932,-0.0125915113127934,0.5413776499254225,discharge,0.6470580444644316,1.2934547409799856e-05,3.518675963836252,1
3.5144758718362183,-0.0019283190192699,12.281695313108791,0.0004,0.0,3485.0,0.0007516127826936,-0.0125915113127952,0.5413773821033365,discharge,0.6470578071133427,1.3249957198544275e-05,3.5186757667219464,1
3.5152274846189115,-0.0019158018704134,12.269103801795998,0.0004,0.0,3486.0,0.0007516127826932,-0.0125915113127934,0.5413771160197434,discharge,0.6470575713029526,1.3543478269911929e-05,3.5186755923536484,1
3.515979097401605,-0.0019032847215568,12.256512290483204,0.0004,0.0,3487.0,0.0007516127826936,-0.0125915113127952,0.5413768516746431,discharge,0.6470573370332614,1.3816198087154331e-05,3.5186754396439075,1
3.516730710184299,-0.0018907675727003,12.24392077917041,0.0004,0.0,3488.0,0.0007516127826936,-0.0125915113127934,0.5413765890680358,discharge,0.6470571043042691,1.4069150086770264e-05,3.5186753075592705,1
3.517482322966992,-0.0018782504238438,12.231329267857614,0.0004,0.0,3489.0,0.0007516127826932,-0.0125915113127952,0.5413763281999213,discharge,0.6470568731159756,1.4303316362633129e-05,3.518675195117647,1
3.5182339357496857,-0.0018657332749873,12.21873775654482,0.0004,0.0,3490.0,0.0007516127826936,-0.0125915113127934,0.5413760690702999,discharge,0.647056643468381,1.451963021676715e-05,3.518675101385728,1
3.5189855485323793,-0.0018532161261307,12.206146245232024,0.0004,0.0,3491.0,0.0007516127826936,-0.0125915113127952,0.5413758116791713,discharge,0.6470564153614852,1.4718978583397223e-05,3.518675025476583,1
3.5197371613150725,-0.0018406989772742,12.193554733919232,0.0004,0.0,3492.0,0.0007516127826932,-0.0125915113127934,0.5413755560265355,discharge,0.6470561887952883,1.490220433256862e-05,3.5186749665473407,1
3.520488774097766,-0.0018281818284177,12.180963222606437,0.0004,0.0,3493.0,0.0007516127826936,-0.0125915113127952,0.5413753021123927,discharge,0.6470559637697902,1.5070108459319267e-05,3.5186749237969868,1
3.5212403868804594,-0.0018156646795612,12.168371711293643,0.0004,0.0,3494.0,0.0007516127826932,-0.0125915113127934,0.5413750499367427,discharge,0.647055740284991,1.522345216409093e-05,3.5186748964643373,1
3.521991999663153,-0.0018031475307047,12.155780199980848,0.0004,0.0,3495.0,0.0007516127826936,-0.0125915113127952,0.5413747994995857,discharge,0.6470555183408907,1.5362958829782515e-05,3.5186748838260002,1
3.5226371787510624,-0.0017017419431932,12.146639248171288,0.0004,0.0,3496.0,0.0006451790879093,-0.0091409518095613,0.5413745631465381,discharge,0.6470553088785044,1.5445154834008105e-05,3.51867671321119,1
3.5232823578389714,-0.0016003363556817,12.137498296361724,0.0004,0.0,3497.0,0.0006451790879089,-0.0091409518095613,0.5413743408775997,discharge,0.6470551118978322,1.5472887453617873e-05,3.5186786040038465,1
3.5239275369268808,-0.0014989307681703,12.128357344552164,0.0004,0.0,3498.0,0.0006451790879093,-0.0091409518095613,0.5413741326927708,discharge,0.647054927398874,1.5448862508615204e-05,3.5186805534981263,1
3.52457271601479,-0.0013975251806588,12.119216392742604,0.0004,0.0,3499.0,0.0006451790879093,-0.0091409518095613,0.5413739385920513,discharge,0.6470547553816299,1.5375651389938016e-05,3.5186825591226203,1
3.5252178951026996,-0.0012961195931473,12.11007544093304,0.0004,0.0,3500.0,0.0006451790879093,-0.0091409518095613,0.5413737585754412,discharge,0.6470545958460999,1.5255697738090008e-05,3.518684618433671,1
3.5258630741906085,-0.0011947140056359,12.10093448912348,0.0004,0.0,3501.0,0.0006451790879089,-0.0091409518095613,0.5413735926429404,discharge,0.6470544487922839,1.5091323789967672e-05,3.5186867291090236,1
3.526508253278518,-0.0010933084181244,12.09179353731392,0.0004,0.0,3502.0,0.0006451790879093,-0.0091409518095613,0.541373440794549,discharge,0.647054314220182,1.4884736410367575e-05,3.518688888941802,1
3.5271534323664273,-0.0009919028306129,12.08265258550436,0.0004,0.0,3503.0,0.0006451790879093,-0.0091409518095595,0.541373303030267,discharge,0.6470541921297942,1.4638032823839888e-05,3.5186910958347686,1
3.5277986114543363,-0.0008904972431015,12.073511633694798,0.0004,0.0,3504.0,0.0006451790879089,-0.0091409518095613,0.5413731793500942,discharge,0.6470540825211204,1.4353206061774983e-05,3.518693347794876,1
3.5284437905422457,-0.00078909165559,12.064370681885237,0.0004,0.0,3505.0,0.0006451790879093,-0.0091409518095613,0.5413730697540311,discharge,0.6470539853941607,1.40321501388707e-05,3.5186956429280998,1
3.529088969630155,-0.0006876860680785,12.055229730075675,0.0004,0.0,3506.0,0.0006451790879093,-0.0091409518095613,0.5413729742420772,discharge,0.647053900748915,1.3676664972425506e-05,3.5186979794345183,1
3.5297341487180645,-0.0005862804805671,12.046088778266114,0.0004,0.0,3507.0,0.0006451790879093,-0.0091409518095613,0.5413728928142326,discharge,0.6470538285853834,1.3288461057233887e-05,3.5187003556036225,1
3.5303793278059734,-0.0004848748930556,12.036947826456553,0.0004,0.0,3508.0,0.0006451790879089,-0.0091409518095613,0.5413728254704975,discharge,0.6470537689035659,1.286916390822599e-05,3.518702769809898,1
3.531024506893883,-0.0003834693055442,12.027806874646991,0.0004,0.0,3509.0,0.0006451790879093,-0.0091409518095613,0.5413727722108717,discharge,0.6470537217034624,1.2420318282390835e-05,3.5187052205085667,1
3.5316023396057563,-0.0003941656031968,12.014408533376503,0.0004,0.0,3510.0,0.0005778327118735,-0.0133983412704878,0.5413727174656491,discharge,0.6470536731867833,1.1999086034697743e-05,3.518705400823722,1
3.53218017231763,-0.0004048619008494,12.001010192106015,0.0004,0.0,3511.0,0.000577832711873,-0.0133983412704878,0.5413726612348295,discharge,0.6470536233535285,1.1604095292438773e-05,3.5187055541649235,1
3.532758005029503,-0.000415558198502,11.987611850835528,0.0004,0.0,3512.0,0.0005778327118735,-0.0133983412704878,0.541372603518413,discharge,0.647053572203698,1.1234042339533444e-05,3.518705681835902,1
3.5333358377413764,-0.0004262544961546,11.97421350956504,0.0004,0.0,3513.0,0.0005778327118735,-0.0133983412704878,0.5413725443163997,discharge,0.6470535197372919,1.088768823040854e-05,3.518705785075595,1
3.5339136704532494,-0.0004369507938072,11.960815168294552,0.0004,0.0,3514.0,0.000577832711873,-0.0133983412704878,0.5413724836287894,discharge,0.64705346595431,1.0563855572105301e-05,3.518705865061398,1
3.534491503165123,-0.0004476470914598,11.947416827024064,0.0004,0.0,3515.0,0.0005778327118735,-0.0133983412704878,0.5413724214555822,discharge,0.6470534108547525,1.0261425466256189e-05,3.5187059229122153,1
3.535069335876996,-0.0004583433891124,11.934018485753576,0.0004,0.0,3516.0,0.000577832711873,-0.0133983412704878,0.5413723577967782,discharge,0.6470533544386194,9.979334602988685e-06,3.5187059596913435,1
3.5356471685888695,-0.000469039686765,11.920620144483088,0.0004,0.0,3517.0,0.0005778327118735,-0.0133983412704878,0.5413722926523772,discharge,0.6470532967059106,9.716572499208172e-06,3.5187059764092825,1
3.536225001300743,-0.0004797359844176,11.9072218032126,0.0004,0.0,3518.0,0.0005778327118735,-0.0133983412704878,0.5413722260223794,discharge,0.6470532376566261,9.472178874086926e-06,3.518705974026304,1
3.536802834012616,-0.0004904322820702,11.893823461942112,0.0004,0.0,3519.0,0.000577832711873,-0.0133983412704878,0.5413721579067847,discharge,0.6470531772907661,9.245241154942626e-06,3.5187059534549867,1
3.5373806667244896,-0.0005011285797228,11.880425120671624,0.0004,0.0,3520.0,0.0005778327118735,-0.0133983412704878,0.541372088305593,discharge,0.6470531156083302,9.034892107028446e-06,3.518705915562553,1
3.537958499436363,-0.0005118248773754,11.867026779401137,0.0004,0.0,3521.0,0.0005778327118735,-0.0133983412704878,0.5413720172188046,discharge,0.6470530526093188,8.840307581078601e-06,3.5187058611731725,1
3.538536332148236,-0.000522521175028,11.853628438130649,0.0004,0.0,3522.0,0.000577832711873,-0.0133983412704878,0.5413719446464191,discharge,0.6470529882937317,8.66070437275912e-06,3.518705791070043,1
3.5391141648601097,-0.0005332174726807,11.84023009686016,0.0004,0.0,3523.0,0.0005778327118735,-0.0133983412704878,0.5413718705884367,discharge,0.6470529226615689,8.495338188464235e-06,3.518705705997449,1
3.539696702855802,-0.0005926402821125,11.827761863909087,0.0004,0.0,3524.0,0.0005825379956925,-0.0124682329510736,0.5413717882772864,discharge,0.6470528497152281,8.367709750510049e-06,3.518704604587828,1
3.5402792408514943,-0.0006520630915443,11.815293630958015,0.0004,0.0,3525.0,0.000582537995692,-0.0124682329510719,0.5413716977129682,discharge,0.6470527694547094,8.27594419288062e-06,3.5187034632462795,1
3.540861778847187,-0.0007114859009761,11.802825398006942,0.0004,0.0,3526.0,0.0005825379956925,-0.0124682329510736,0.5413715988954819,discharge,0.6470526818800126,8.218259795625117e-06,3.5187022837545396,1
3.541444316842879,-0.0007709087104079,11.79035716505587,0.0004,0.0,3527.0,0.000582537995692,-0.0124682329510719,0.5413714918248278,discharge,0.6470525869911379,8.192963357226096e-06,3.5187010678057993,1
3.5420268548385714,-0.0008303315198397,11.777888932104796,0.0004,0.0,3528.0,0.0005825379956925,-0.0124682329510736,0.5413713765010055,discharge,0.6470524847880852,8.19844579687525e-06,3.5186998170091597,1
3.5426093928342635,-0.0008897543292715,11.765420699153722,0.0004,0.0,3529.0,0.000582537995692,-0.0124682329510736,0.5413712529240153,discharge,0.6470523752708545,8.23317797523446e-06,3.518698532893757,1
3.543191930829956,-0.0009491771387033,11.75295246620265,0.0004,0.0,3530.0,0.0005825379956925,-0.0124682329510719,0.5413711210938572,discharge,0.6470522584394458,8.295706722827535e-06,3.5186972169127646,1
3.543774468825648,-0.0010085999481351,11.740484233251577,0.0004,0.0,3531.0,0.000582537995692,-0.0124682329510736,0.5413709810105312,discharge,0.6470521342938591,8.384651065747186e-06,3.518695870447172,1
3.5443570068213406,-0.0010680227575669,11.728016000300505,0.0004,0.0,3532.0,0.0005825379956925,-0.0124682329510736,0.541370832674037,discharge,0.6470520028340945,8.498698638874373e-06,3.518694494809347,1
3.5449395448170327,-0.0011274455669987,11.715547767349433,0.0004,0.0,3533.0,0.000582537995692,-0.0124682329510719,0.541370676084375,discharge,0.6470518640601518,8.636602277294121e-06,3.5186930912464622,1
3.545522082812725,-0.0011868683764305,11.703079534398356,0.0004,0.0,3534.0,0.0005825379956925,-0.0124682329510736,0.5413705112415449,discharge,0.6470517179720311,8.797176777054733e-06,3.5186916609437233,1
3.5461046208084173,-0.0012462911858623,11.690611301447284,0.0004,0.0,3535.0,0.000582537995692,-0.0124682329510719,0.5413703381455468,discharge,0.6470515645697325,8.9792958168572e-06,3.5186902050274727,1
3.54668715880411,-0.0013057139952942,11.678143068496212,0.0004,0.0,3536.0,0.0005825379956925,-0.0124682329510736,0.5413701567963808,discharge,0.6470514038532558,9.181889032679594e-06,3.5186887245680736,1
3.5471881618273415,-0.0012143317285836,11.666096915130597,0.0004,0.0,3537.0,0.0005010030232317,-0.012046153365615,0.5413699881391962,discharge,0.6470512543847523,9.32901708691913e-06,3.5186903219329166,1
3.5476891648505733,-0.001122949461873,11.654050761764983,0.0004,0.0,3538.0,0.0005010030232317,-0.0120461533656133,0.5413698321739933,discharge,0.647051116164222,9.423435569312974e-06,3.5186919782648576,1
3.548190167873805,-0.0010315671951624,11.642004608399368,0.0004,0.0,3539.0,0.0005010030232317,-0.012046153365615,0.5413696889007718,discharge,0.6470509891916647,9.46776316790032e-06,3.5186936909452005,1
3.5486911708970372,-0.0009401849284518,11.629958455033751,0.0004,0.0,3540.0,0.0005010030232321,-0.012046153365615,0.5413695583195317,discharge,0.6470508734670806,9.464488470497447e-06,3.5186954574853555,1
3.549192173920269,-0.0008488026617412,11.61791230166814,0.0004,0.0,3541.0,0.0005010030232317,-0.0120461533656133,0.5413694404302731,discharge,0.6470507689904695,9.415976428265639e-06,3.5186972755203563,1
3.5496931769435007,-0.0007574203950306,11.605866148302525,0.0004,0.0,3542.0,0.0005010030232317,-0.012046153365615,0.541369335232996,discharge,0.6470506757618317,9.32447449815968e-06,3.5186991428027374,1
3.5501941799667325,-0.00066603812832,11.593819994936911,0.0004,0.0,3543.0,0.0005010030232317,-0.0120461533656133,0.5413692427277004,discharge,0.647050593781167,9.192118480210573e-06,3.5187010571966857,1
3.550695182989964,-0.0005746558616094,11.581773841571296,0.0004,0.0,3544.0,0.0005010030232317,-0.012046153365615,0.5413691629143862,discharge,0.6470505230484754,9.020938064803585e-06,3.5187030166725073,1
3.551196186013196,-0.0004832735948988,11.56972768820568,0.0004,0.0,3545.0,0.0005010030232317,-0.012046153365615,0.5413690957930537,discharge,0.647050463563757,8.812862104359473e-06,3.5187050193013465,1
3.5516971890364277,-0.0003918913281882,11.557681534840068,0.0004,0.0,3546.0,0.0005010030232317,-0.0120461533656133,0.5413690413637025,discharge,0.6470504153270116,8.569723623110931e-06,3.5187070632501682,1
3.55219819205966,-0.0003005090614776,11.545635381474453,0.0004,0.0,3547.0,0.0005010030232321,-0.012046153365615,0.5413689996263329,discharge,0.6470503783382393,8.29326457798607e-06,3.5187091467770126,1
3.5526991950828917,-0.000209126794767,11.533589228108838,0.0004,0.0,3548.0,0.0005010030232317,-0.012046153365615,0.5413689705809447,discharge,0.6470503525974403,7.985140382964297e-06,3.518711268226466,1
3.5532001981061234,-0.0001177445280564,11.521543074743224,0.0004,0.0,3549.0,0.0005010030232317,-0.0120461533656133,0.5413689542275381,discharge,0.6470503381046143,7.646924208655628e-06,3.5187134260253465,1
3.553701201129355,-2.63622613458059e-05,11.50949692137761,0.0004,0.0,3550.0,0.0005010030232317,-0.012046153365615,0.5413689505661128,discharge,0.6470503348597615,7.280111068270662e-06,3.5187156186786512,1
3.5542031849633164,-0.0002123816605602,11.497498632196786,0.0004,0.0,3551.0,0.0005019838339612,-0.0119982891808234,0.54136892106866,discharge,0.6470503087183306,7.023938874813014e-06,3.5187121399199093,1
3.5547051687972777,-0.0003984010597746,11.485500343015962,0.0004,0.0,3552.0,0.0005019838339612,-0.0119982891808234,0.5413688657351794,discharge,0.6470502596803216,6.8729108254399104e-06,3.5187085432792427,1
3.555207152631239,-0.000584420458989,11.47350205383514,0.0004,0.0,3553.0,0.0005019838339612,-0.0119982891808234,0.5413687845656713,discharge,0.6470501877457345,6.821803206452613e-06,3.518704833980376,1
3.5557091364652,-0.0007704398582034,11.461503764654315,0.0004,0.0,3554.0,0.0005019838339608,-0.0119982891808234,0.5413686775601354,discharge,0.6470500929145694,6.865651825831353e-06,3.5187010169875146,1
3.556211120299161,-0.0009564592574179,11.449505475473492,0.0004,0.0,3555.0,0.0005019838339612,-0.0119982891808234,0.5413685447185719,discharge,0.6470499751868262,6.9997391198216594e-06,3.5186970970182436,1
3.5567131041331224,-0.0011424786566323,11.437507186292668,0.0004,0.0,3556.0,0.0005019838339612,-0.0119982891808234,0.5413683860409807,discharge,0.6470498345625049,7.219581900084003e-06,3.5186930785557675,1
3.5572150879670836,-0.0013284980558467,11.425508897111849,0.0004,0.0,3557.0,0.0005019838339612,-0.0119982891808216,0.5413682015273618,discharge,0.6470496710416056,7.5209197095831285e-06,3.5186889658605685,1
3.557717071801045,-0.0015145174550611,11.413510607931023,0.0004,0.0,3558.0,0.0005019838339612,-0.0119982891808234,0.5413679911777153,discharge,0.6470494846241283,7.8997037569735e-06,3.518684762981471,1
3.558219055635006,-0.0017005368542756,11.4015123187502,0.0004,0.0,3559.0,0.0005019838339612,-0.0119982891808234,0.541367754992041,discharge,0.6470492753100728,8.35208640074065e-06,3.5186804737661466,1
3.558721039468967,-0.00188655625349,11.389514029569376,0.0004,0.0,3560.0,0.0005019838339608,-0.0119982891808234,0.5413674929703393,discharge,0.6470490430994393,8.874411155785442e-06,3.518676101871124,1
3.5592230233029283,-0.0020725756527044,11.377515740388551,0.0004,0.0,3561.0,0.0005019838339612,-0.0119982891808234,0.5413672051126097,discharge,0.6470487879922278,9.46320319649604e-06,3.5186716507712648,1
3.5597250071368896,-0.0022585950519188,11.36551745120773,0.0004,0.0,3562.0,0.0005019838339612,-0.0119982891808234,0.5413668914188525,discharge,0.6470485099884381,1.0115160331640843e-05,3.518667123768811,1
3.560226990970851,-0.0024446144511333,11.353519162026906,0.0004,0.0,3563.0,0.0005019838339612,-0.0119982891808234,0.5413665518890676,discharge,0.6470482090880704,1.0827144427641933e-05,3.518662524001942,1
3.5606580152470313,-0.0022763986646124,11.340300492391163,0.0004,0.0,3564.0,0.0004310242761804,-0.0132186696357425,0.5413662357225865,discharge,0.6470479288928866,1.1420184075824434e-05,3.51866513940202,1
3.561089039523212,-0.0021081828780916,11.32708182275542,0.0004,0.0,3565.0,0.0004310242761804,-0.0132186696357425,0.5413659429194089,discharge,0.6470476694028869,1.1900188609008289e-05,3.518667879355939,1
3.561520063799392,-0.0019399670915707,11.31386315311968,0.0004,0.0,3566.0,0.0004310242761804,-0.0132186696357408,0.5413656734795351,discharge,0.6470474306180712,1.2272773775781235e-05,3.518670738247913,1
3.5619510880755727,-0.0017717513050499,11.300644483483936,0.0004,0.0,3567.0,0.0004310242761804,-0.0132186696357425,0.5413654274029649,discharge,0.6470472125384396,1.2543276326189803e-05,3.518673710741154,1
3.562382112351753,-0.001603535518529,11.287425813848197,0.0004,0.0,3568.0,0.0004310242761804,-0.0132186696357425,0.5413652046896985,discharge,0.6470470151639919,1.271676787279162e-05,3.518676791764022,1
3.5628131366279336,-0.0014353197320082,11.274207144212452,0.0004,0.0,3569.0,0.0004310242761804,-0.0132186696357425,0.5413650053397357,discharge,0.6470468384947281,1.279806806307092e-05,3.5186799764968244,1
3.563244160904114,-0.0012671039454873,11.26098847457671,0.0004,0.0,3570.0,0.0004310242761804,-0.0132186696357425,0.5413648293530766,discharge,0.6470466825306483,1.279175709742892e-05,3.518683260359332,1
3.563675185180294,-0.0010988881589665,11.247769804940967,0.0004,0.0,3571.0,0.00043102427618,-0.0132186696357408,0.5413646767297212,discharge,0.6470465472717526,1.2702187625262677e-05,3.518686638998873,1
3.5641062094564746,-0.0009306723724456,11.234551135305226,0.0004,0.0,3572.0,0.0004310242761804,-0.0132186696357425,0.5413645474696696,discharge,0.6470464327180409,1.253349605002907e-05,3.5186901082790256,1
3.564537233732655,-0.0007624565859248,11.221332465669484,0.0004,0.0,3573.0,0.0004310242761804,-0.0132186696357425,0.5413644415729215,discharge,0.6470463388695131,1.2289613272657194e-05,3.5186936642688686,1
3.5649682580088355,-0.0005942407994039,11.20811379603374,0.0004,0.0,3574.0,0.0004310242761804,-0.0132186696357425,0.5413643590394771,discharge,0.6470462657261694,1.1974274901212045e-05,3.518697303232773,1
3.565399282285016,-0.0004260250128831,11.194895126398,0.0004,0.0,3575.0,0.0004310242761804,-0.0132186696357408,0.5413642998693364,discharge,0.6470462132880097,1.1591030953327671e-05,3.518701021620716,1
3.5658303065611965,-0.0002578092263622,11.181676456762258,0.0004,0.0,3576.0,0.0004310242761804,-0.0132186696357425,0.5413642640624994,discharge,0.647046181555034,1.114325507660898e-05,3.51870481605904,1
3.566261330837377,-8.959343984143712e-05,11.168457787126515,0.0004,0.0,3577.0,0.0004310242761804,-0.0132186696357425,0.5413642516189661,discharge,0.6470461705272423,1.0634153310951011e-05,3.5187086833416927,1
3.5666973241050233,-0.0001710936910197,11.158699704726782,0.0004,0.0,3578.0,0.0004359932676463,-0.0097580823997329,0.5413642278559535,discharge,0.6470461494678256,1.0190834967782663e-05,3.5187074849395086,1
3.5671333173726696,-0.000252593942198,11.14894162232705,0.0004,0.0,3579.0,0.0004359932676463,-0.0097580823997329,0.5413641927734616,discharge,0.6470461183767837,9.810031831187592e-06,3.518706218441454,1
3.567569310640316,-0.0003340941933762,11.139183539927318,0.0004,0.0,3580.0,0.0004359932676463,-0.0097580823997311,0.5413641463714902,discharge,0.6470460772541169,9.488638054960056e-06,3.5187048869533766,1
3.5680053039079627,-0.0004155944445545,11.129425457527583,0.0004,0.0,3581.0,0.0004359932676467,-0.0097580823997329,0.5413640886500396,discharge,0.647046026099825,9.223702095842157e-06,3.518703493426828,1
3.568441297175609,-0.0004970946957328,11.119667375127852,0.0004,0.0,3582.0,0.0004359932676463,-0.0097580823997329,0.5413640196091096,discharge,0.6470459649139081,9.01241904752928e-06,3.5187020406667138,1
3.5688772904432553,-0.0005785949469111,11.10990929272812,0.0004,0.0,3583.0,0.0004359932676463,-0.0097580823997329,0.5413639392487004,discharge,0.6470458936963661,8.85212335553344e-06,3.518700531338597,1
3.5693132837109016,-0.0006600951980894,11.100151210328388,0.0004,0.0,3584.0,0.0004359932676463,-0.0097580823997311,0.5413638475688118,discharge,0.647045812447199,8.740281893982779e-06,3.5186989679756002,1
3.569749276978548,-0.0007415954492676,11.090393127928657,0.0004,0.0,3585.0,0.0004359932676463,-0.0097580823997329,0.5413637445694438,discharge,0.647045721166407,8.674487386375616e-06,3.5186973529850203,1
3.5701852702461943,-0.0008230957004459,11.080635045528922,0.0004,0.0,3586.0,0.0004359932676463,-0.0097580823997329,0.5413636302505965,discharge,0.6470456198539899,8.652452153201232e-06,3.518695688654534,1
3.570621263513841,-0.0009045959516242,11.070876963129187,0.0004,0.0,3587.0,0.0004359932676467,-0.0097580823997329,0.54136350461227,discharge,0.6470455085099478,8.672002170187601e-06,3.5186939771581764,1
3.5710572567814873,-0.0009860962028025,11.061118880729458,0.0004,0.0,3588.0,0.0004359932676463,-0.0097580823997311,0.541363367654464,discharge,0.6470453871342806,8.731071421744205e-06,3.518692220561973,1
3.5714932500491336,-0.0010675964539808,11.051360798329725,0.0004,0.0,3589.0,0.0004359932676463,-0.0097580823997329,0.5413632193771787,discharge,0.6470452557269883,8.827696534933964e-06,3.5186904208293095,1
3.57192924331678,-0.0011490967051591,11.041602715929992,0.0004,0.0,3590.0,0.0004359932676463,-0.0097580823997329,0.5413630597804141,discharge,0.6470451142880711,8.96001168003722e-06,3.51868857982602,1
3.572290926828906,-0.0011319643693298,11.030263894067147,0.0004,0.0,3591.0,0.0003616835121258,-0.0113388218628429,0.5413629025631406,discharge,0.6470449749579225,9.077241623549222e-06,3.518688727732839,1
3.5726526103410317,-0.0011148320335006,11.018925072204306,0.0004,0.0,3592.0,0.0003616835121258,-0.0113388218628429,0.5413627477253581,discharge,0.6470448377365423,9.180135820181804e-06,3.5186888911485705,1
3.5730142938531575,-0.0010976996976713,11.007586250341465,0.0004,0.0,3593.0,0.0003616835121258,-0.0113388218628429,0.5413625952670668,discharge,0.6470447026239308,9.269406490648752e-06,3.5186890693609985,1
3.573375977365283,-0.0010805673618421,10.996247428478622,0.0004,0.0,3594.0,0.0003616835121253,-0.0113388218628411,0.5413624451882665,discharge,0.6470445696200878,9.345730471505076e-06,3.518689261693277,1
3.5737376608774087,-0.0010634350260129,10.98490860661578,0.0004,0.0,3595.0,0.0003616835121258,-0.0113388218628429,0.5413622974889574,discharge,0.6470444387250135,9.409750973083233e-06,3.5186894675021927,1
3.5740993443895346,-0.0010463026901836,10.973569784752936,0.0004,0.0,3596.0,0.0003616835121258,-0.0113388218628429,0.5413621521691392,discharge,0.6470443099387078,9.462079250092667e-06,3.5186896861764883,1
3.5744610279016604,-0.0010291703543544,10.962230962890091,0.0004,0.0,3597.0,0.0003616835121258,-0.0113388218628429,0.5413620092288123,discharge,0.6470441832611705,9.503296189221699e-06,3.518689917135286,1
3.5748227114137863,-0.0010120380185252,10.95089214102725,0.0004,0.0,3598.0,0.0003616835121258,-0.0113388218628429,0.5413618686679764,discharge,0.6470440586924019,9.533953817864745e-06,3.5186901598265394,1
3.575184394925912,-0.0009949056826959,10.939553319164409,0.0004,0.0,3599.0,0.0003616835121258,-0.0113388218628429,0.5413617304866316,discharge,0.6470439362324019,9.554576737893929e-06,3.518690413725661,1
3.575546078438038,-0.0009777733468667,10.928214497301564,0.0004,0.0,3600.0,0.0003616835121258,-0.0113388218628429,0.5413615946847778,discharge,0.6470438158811704,9.56566348819899e-06,3.5186906783340954,1
3.5759077619501634,-0.0009606410110375,10.916875675438725,0.0004,0.0,3601.0,0.0003616835121253,-0.0113388218628411,0.5413614612624151,discharge,0.6470436976387076,9.567687839533925e-06,3.51869095317808,1
3.576269445462289,-0.0009435086752082,10.90553685357588,0.0004,0.0,3602.0,0.0003616835121258,-0.0113388218628429,0.5413613302195436,discharge,0.6470435815050133,9.561100025033927e-06,3.5186912378073747,1
3.576631128974415,-0.000926376339379,10.894198031713035,0.0004,0.0,3603.0,0.0003616835121258,-0.0113388218628429,0.5413612015561631,discharge,0.6470434674800876,9.546327909598603e-06,3.5186915317941128,1
3.576992812486541,-0.0009092440035498,10.882859209850194,0.0004,0.0,3604.0,0.0003616835121258,-0.0113388218628429,0.5413610752722737,discharge,0.6470433555639304,9.523778101178235e-06,3.518691834731687,1
3.577367327603313,-0.0011290395940039,10.871261391162935,0.0004,0.0,3605.0,0.0003745151167722,-0.0115978186872585,0.5413609184612189,discharge,0.6470432165937837,9.611546239724019e-06,3.518687273742706,1
3.5777418427200853,-0.001348835184458,10.859663572475675,0.0004,0.0,3606.0,0.0003745151167722,-0.0115978186872585,0.5413607311229989,discharge,0.6470430505696474,9.804151569500096e-06,3.518682592866474,1
3.5781163578368576,-0.0015686307749122,10.848065753788418,0.0004,0.0,3607.0,0.0003745151167722,-0.0115978186872585,0.5413605132576135,discharge,0.6470428574915214,1.009638562667113e-05,3.5186777973114904,1
3.5784908729536298,-0.0017884263653663,10.836467935101158,0.0004,0.0,3608.0,0.0003745151167722,-0.0115978186872602,0.5413602648650628,discharge,0.6470426373594057,1.0483298711445305e-05,3.5186728920275017,1
3.578865388070402,-0.0020082219558204,10.8248701164139,0.0004,0.0,3609.0,0.0003745151167722,-0.0115978186872585,0.5413599859453466,discharge,0.6470423901733005,1.0960187032301183e-05,3.5186678817183457,1
3.579239903187174,-0.0022280175462746,10.81327229772664,0.0004,0.0,3610.0,0.0003745151167722,-0.0115978186872585,0.5413596764984653,discharge,0.6470421159332056,1.1522580488907887e-05,3.5186627708541756,1
3.5796144183039464,-0.0024478131367287,10.801674479039384,0.0004,0.0,3611.0,0.0003745151167722,-0.0115978186872585,0.5413593365244185,discharge,0.6470418146391211,1.21662310620074e-05,3.5186575636830635,1
3.5799889334207187,-0.0026676087271829,10.790076660352124,0.0004,0.0,3612.0,0.0003745151167722,-0.0115978186872585,0.5413589660232063,discharge,0.6470414862910471,1.2887101780104695e-05,3.5186522642420552,1
3.580363448537491,-0.002887404317637,10.778478841664866,0.0004,0.0,3613.0,0.0003745151167722,-0.0115978186872585,0.5413585649948289,discharge,0.6470411308889834,1.3681356234308335e-05,3.518646876367624,1
3.580737963654263,-0.0031071999080911,10.766881022977604,0.0004,0.0,3614.0,0.0003745151167722,-0.0115978186872602,0.5413581334392861,discharge,0.64704074843293,1.4545348614089347e-05,3.5186414037056575,1
3.5811124787710353,-0.0033269954985453,10.755283204290349,0.0004,0.0,3615.0,0.0003745151167722,-0.0115978186872585,0.541357671356578,discharge,0.647040338922887,1.5475614238077915e-05,3.5186358497209196,1
3.5814869938878076,-0.0035467910889994,10.743685385603088,0.0004,0.0,3616.0,0.0003745151167722,-0.0115978186872585,0.5413571787467045,discharge,0.6470399023588544,1.6468860555303695e-05,3.5186302177060482,1
3.58186150900458,-0.0037665866794536,10.73208756691583,0.0004,0.0,3617.0,0.0003745151167722,-0.0115978186872585,0.5413566556096657,discharge,0.6470394387408323,1.75219585935079e-05,3.5186245107901075,1
3.5821822393305727,-0.0036300154108964,10.725118032185987,0.0004,0.0,3618.0,0.0003207303259928,-0.0069695347298424,0.5413561514408587,discharge,0.6470389919329639,1.8454886603961607e-05,3.518626060733235,1
3.582502969656565,-0.0034934441423393,10.718148497456143,0.0004,0.0,3619.0,0.0003207303259924,-0.0069695347298424,0.5413556662402833,discharge,0.6470385619352493,1.9273614808074754e-05,3.518627734227971,1
3.582823699982558,-0.0033568728737822,10.7111789627263,0.0004,0.0,3620.0,0.0003207303259928,-0.0069695347298441,0.5413552000079398,discharge,0.6470381487476885,1.9983816817991586e-05,3.5186295256006375,1
3.5831444303085505,-0.0032203016052251,10.704209427996458,0.0004,0.0,3621.0,0.0003207303259924,-0.0069695347298424,0.5413547527438278,discharge,0.6470377523702815,2.0590884372569565e-05,3.51863142945945,1
3.5834651606345433,-0.0030837303366679,10.697239893266616,0.0004,0.0,3622.0,0.0003207303259928,-0.0069695347298424,0.5413543244479477,discharge,0.6470373728030283,2.1099941341253355e-05,3.518633440680481,1
3.583785890960536,-0.0029471590681108,10.690270358536774,0.0004,0.0,3623.0,0.0003207303259924,-0.0069695347298424,0.5413539151202995,discharge,0.647037010045929,2.151585703221622e-05,3.5186355543943724,1
3.5841066212865287,-0.0028105877995537,10.68330082380693,0.0004,0.0,3624.0,0.0003207303259928,-0.0069695347298441,0.5413535247608828,discharge,0.6470366640989834,2.184325883933335e-05,3.5186377659736836,1
3.5844273516125216,-0.0026740165309966,10.676331289077089,0.0004,0.0,3625.0,0.0003207303259928,-0.0069695347298424,0.541353153369698,discharge,0.6470363349621917,2.2086544260835376e-05,3.5186400710208723,1
3.584748081938514,-0.0025374452624395,10.669361754347245,0.0004,0.0,3626.0,0.0003207303259924,-0.0069695347298424,0.5413528009467449,discharge,0.6470360226355538,2.2249892320857707e-05,3.5186424653568613,1
3.585068812264507,-0.0024008739938823,10.662392219617402,0.0004,0.0,3627.0,0.0003207303259928,-0.0069695347298424,0.5413524674920235,discharge,0.6470357271190698,2.2337274423550642e-05,3.5186449450102115,1
3.5853895425904994,-0.0022643027253252,10.65542268488756,0.0004,0.0,3628.0,0.0003207303259924,-0.0069695347298424,0.5413521530055339,discharge,0.6470354484127394,2.2352464667941757e-05,3.518647506206789,1
3.585710272916492,-0.0021277314567681,10.648453150157716,0.0004,0.0,3629.0,0.0003207303259928,-0.0069695347298441,0.541351857487276,discharge,0.6470351865165629,2.2299049650340637e-05,3.5186501453599526,1
3.5860310032424847,-0.001991160188211,10.641483615427871,0.0004,0.0,3630.0,0.0003207303259924,-0.0069695347298424,0.5413515809372498,discharge,0.6470349414305402,2.2180437779746134e-05,3.51865285906126,1
3.5863517335684776,-0.0018545889196539,10.63451408069803,0.0004,0.0,3631.0,0.0003207303259928,-0.0069695347298424,0.5413513233554554,discharge,0.6470347131546713,2.1999868130450604e-05,3.518655644071609,1
3.586693147804727,-0.001846037347403,10.624936803416489,0.0004,0.0,3632.0,0.0003414142362494,-0.0095772772815418,0.5413510669613795,discharge,0.6470344859313902,2.1824020898212122e-05,3.5186558645512775,1
3.5870345620409765,-0.0018374857751521,10.615359526134949,0.0004,0.0,3633.0,0.0003414142362494,-0.0095772772815418,0.5413508117550218,discharge,0.6470342597606968,2.165266146649653e-05,3.518656081128815,1
3.5873759762772255,-0.0018289342029013,10.605782248853403,0.0004,0.0,3634.0,0.000341414236249,-0.0095772772815436,0.5413505577363824,discharge,0.6470340346425912,2.1485566874859697e-05,3.5186562940271733,1
3.587717390513475,-0.0018203826306504,10.59620497157186,0.0004,0.0,3635.0,0.0003414142362494,-0.0095772772815418,0.5413503049054615,discharge,0.6470338105770734,2.132252523985588e-05,3.5186565034582356,1
3.5880588047497244,-0.0018118310583995,10.58662769429032,0.0004,0.0,3636.0,0.0003414142362494,-0.0095772772815418,0.5413500532622589,discharge,0.6470335875641433,2.1163335204716537e-05,3.518656709623362,1
3.588400218985974,-0.0018032794861487,10.577050417008778,0.0004,0.0,3637.0,0.0003414142362494,-0.0095772772815418,0.5413498028067747,discharge,0.647033365603801,2.100780541636971e-05,3.5186569127138987,1
3.588741633222223,-0.0017947279138978,10.567473139727234,0.0004,0.0,3638.0,0.000341414236249,-0.0095772772815436,0.5413495535390089,discharge,0.6470331446960463,2.0855754028441715e-05,3.5186571129116877,1
3.5890830474584723,-0.001786176341647,10.557895862445692,0.0004,0.0,3639.0,0.0003414142362494,-0.0095772772815418,0.5413493054589615,discharge,0.6470329248408795,2.0707008228950768e-05,3.5186573103895435,1
3.5894244616947217,-0.0017776247693961,10.54831858516415,0.0004,0.0,3640.0,0.0003414142362494,-0.0095772772815418,0.5413490585666324,discharge,0.6470327060383004,2.0561403791465083e-05,3.5186575053116913,1
3.589765875930971,-0.0017690731971452,10.538741307882608,0.0004,0.0,3641.0,0.0003414142362494,-0.0095772772815418,0.5413488128620216,discharge,0.6470324882883091,2.041878464856043e-05,3.5186576978341995,1
3.59010729016722,-0.0017605216248944,10.529164030601065,0.0004,0.0,3642.0,0.000341414236249,-0.0095772772815436,0.5413485683451293,discharge,0.6470322715909055,2.027900248646881e-05,3.5186578881053663,1
3.5904487044034696,-0.0017519700526435,10.519586753319524,0.0004,0.0,3643.0,0.0003414142362494,-0.0095772772815418,0.5413483250159554,discharge,0.6470320559460897,2.0141916359865405e-05,3.5186580762661483,1
3.590790118639719,-0.0017434184803927,10.51000947603798,0.0004,0.0,3644.0,0.0003414142362494,-0.0095772772815418,0.5413480828744996,discharge,0.6470318413538616,2.0007392325793807e-05,3.5186582624504847,1
3.591075568108218,-0.0017027396580592,10.499216856202365,0.0004,0.0,3645.0,0.0002854494684982,-0.0107926198356178,0.5413478463828805,discharge,0.6470316317686695,1.9859341811598056e-05,3.5186591074916818,1
3.5913610175767157,-0.0016620608357258,10.488424236366743,0.0004,0.0,3646.0,0.0002854494684982,-0.0107926198356178,0.5413476155410978,discharge,0.6470314271905134,1.9698436832444956e-05,3.5186599681727126,1
3.5916464670452135,-0.0016213820133924,10.477631616531127,0.0004,0.0,3647.0,0.0002854494684978,-0.0107926198356178,0.5413473903491515,discharge,0.6470312276193934,1.9525316016812318e-05,3.518660843854947,1
3.591931916513712,-0.001580703191059,10.466838996695508,0.0004,0.0,3648.0,0.0002854494684982,-0.0107926198356196,0.5413471708070416,discharge,0.6470310330553093,1.9340586265188185e-05,3.518661733931467,1
3.59221736598221,-0.0015400243687256,10.45604637685989,0.0004,0.0,3649.0,0.0002854494684982,-0.0107926198356178,0.5413469569147682,discharge,0.6470308434982613,1.9144824326363413e-05,3.51866263782553,1
3.5925028154507084,-0.0014993455463922,10.445253757024272,0.0004,0.0,3650.0,0.0002854494684982,-0.0107926198356178,0.5413467486723311,discharge,0.6470306589482494,1.893857829541176e-05,3.5186635549890215,1
3.5927882649192067,-0.0014586667240588,10.434461137188654,0.0004,0.0,3651.0,0.0002854494684982,-0.0107926198356178,0.5413465460797307,discharge,0.6470304794052735,1.872236903724814e-05,3.51866448490107,1
3.5930737143877045,-0.0014179879017253,10.423668517353036,0.0004,0.0,3652.0,0.0002854494684978,-0.0107926198356178,0.5413463491369666,discharge,0.6470303048693336,1.849669153946238e-05,3.5186654270666864,1
3.593359163856203,-0.0013773090793919,10.412875897517418,0.0004,0.0,3653.0,0.0002854494684982,-0.0107926198356178,0.5413461578440388,discharge,0.6470301353404296,1.8262016197942465e-05,3.518666381015464,1
3.593644613324701,-0.0013366302570585,10.4020832776818,0.0004,0.0,3654.0,0.0002854494684982,-0.0107926198356178,0.5413459722009475,discharge,0.6470299708185617,1.8018790038625804e-05,3.5186673463003695,1
3.5939300627931994,-0.0012959514347251,10.39129065784618,0.0004,0.0,3655.0,0.0002854494684982,-0.0107926198356196,0.5413457922076927,discharge,0.6470298113037298,1.7767437878552375e-05,3.518668322496584,1
3.594215512261697,-0.0012552726123917,10.380498038010565,0.0004,0.0,3656.0,0.0002854494684978,-0.0107926198356178,0.5413456178642744,discharge,0.6470296567959339,1.7508363429234958e-05,3.5186693092003853,1
3.5945009617301955,-0.0012145937900583,10.369705418174943,0.0004,0.0,3657.0,0.0002854494684982,-0.0107926198356178,0.5413454491706924,discharge,0.6470295072951741,1.724195034521239e-05,3.5186703060281146,1
3.594786411198694,-0.0011739149677249,10.358912798339327,0.0004,0.0,3658.0,0.0002854494684982,-0.0107926198356178,0.5413452861269469,discharge,0.6470293628014502,1.6968563220509118e-05,3.518671312615174,1
3.595047792579621,-0.0012285462867937,10.351930033510234,0.0004,0.0,3659.0,0.0002613813809273,-0.0069827648290932,0.5413451154955182,discharge,0.6470292115833187,1.6735899997299832e-05,3.5186703685350222,1
3.595309173960548,-0.0012831776058626,10.344947268681144,0.0004,0.0,3660.0,0.0002613813809269,-0.0069827648290914,0.5413449372764063,discharge,0.6470290536407797,1.6541937453046112e-05,3.5186693820137154,1
3.5955705553414754,-0.0013378089249314,10.33796450385205,0.0004,0.0,3661.0,0.0002613813809273,-0.0069827648290932,0.5413447514696111,discharge,0.647028888973833,1.6384752881841927e-05,3.5186683549739737,1
3.5958319367224023,-0.0013924402440003,10.330981739022958,0.0004,0.0,3662.0,0.0002613813809269,-0.0069827648290914,0.5413445580751328,discharge,0.6470287175824788,1.6262519100601636e-05,3.518667289242991,1
3.5960933181033297,-0.0014470715630692,10.323998974193865,0.0004,0.0,3663.0,0.0002613813809273,-0.0069827648290932,0.5413443570929712,discharge,0.6470285394667169,1.6173499703347466e-05,3.518666186557174,1
3.596354699484257,-0.001501702882138,10.317016209364771,0.0004,0.0,3664.0,0.0002613813809269,-0.0069827648290914,0.5413441485231265,discharge,0.6470283546265474,1.6116044551271034e-05,3.518665048566681,1
3.596616080865184,-0.0015563342012069,10.31003344453568,0.0004,0.0,3665.0,0.0002613813809273,-0.0069827648290932,0.5413439323655985,discharge,0.6470281630619703,1.6088585486855283e-05,3.5186638768396716,1
3.5968774622461113,-0.0016109655202758,10.303050679706589,0.0004,0.0,3666.0,0.0002613813809273,-0.0069827648290932,0.5413437086203874,discharge,0.6470279647729856,1.6089632260924803e-05,3.518662672866405,1
3.597138843627038,-0.0016655968393446,10.296067914877495,0.0004,0.0,3667.0,0.0002613813809269,-0.0069827648290914,0.541343477287493,discharge,0.6470277597595934,1.6117768662046318e-05,3.5186614380631096,1
3.5974002250079655,-0.0017202281584135,10.289085150048402,0.0004,0.0,3668.0,0.0002613813809273,-0.0069827648290932,0.5413432383669154,discharge,0.6470275480217935,1.6171648838226333e-05,3.518660173775641,1
3.5976616063888924,-0.0017748594774824,10.28210238521931,0.0004,0.0,3669.0,0.0002613813809269,-0.0069827648290914,0.5413429918586548,discharge,0.6470273295595861,1.62499938013519e-05,3.518658881283002,1
3.59792298776982,-0.0018294907965512,10.275119620390218,0.0004,0.0,3670.0,0.0002613813809273,-0.0069827648290932,0.5413427377627108,discharge,0.647027104372971,1.6351588105295975e-05,3.518657561800648,1
3.5981843691507467,-0.0018841221156201,10.268136855561126,0.0004,0.0,3671.0,0.0002613813809269,-0.0069827648290914,0.5413424760790836,discharge,0.6470268724619482,1.6475276689059462e-05,3.5186562164836603,1
3.598445750531674,-0.001938753434689,10.261154090732033,0.0004,0.0,3672.0,0.0002613813809273,-0.0069827648290932,0.5413422068077731,discharge,0.6470266338265179,1.6619961876750268e-05,3.5186548464297176,1
3.5987326490353615,-0.0018593575722043,10.250343335203908,0.0004,0.0,3673.0,0.0002868985036874,-0.0108107555281247,0.5413419485636659,discharge,0.6470264049636897,1.671801387735796e-05,3.5186562089888014,1
3.599019547539049,-0.0017799617097196,10.239532579675783,0.0004,0.0,3674.0,0.0002868985036874,-0.0108107555281247,0.5413417013467618,discharge,0.6470261858734635,1.6771749495306624e-05,3.518657621300459,1
3.5993064460427364,-0.0017005658472349,10.22872182414766,0.0004,0.0,3675.0,0.0002868985036874,-0.0108107555281247,0.5413414651570607,discharge,0.6470259765558394,1.6783370432813626e-05,3.5186590811629723,1
3.599593344546424,-0.0016211699847502,10.217911068619532,0.0004,0.0,3676.0,0.0002868985036874,-0.0108107555281264,0.5413412399945629,discharge,0.6470257770108173,1.675496900833433e-05,3.5186605864840064,1
3.5998802430501113,-0.0015417741222656,10.207100313091408,0.0004,0.0,3677.0,0.0002868985036874,-0.0108107555281247,0.5413410258592681,discharge,0.6470255872383973,1.6688533590906205e-05,3.5186621352751764,1
3.600167141553799,-0.0014623782597809,10.196289557563285,0.0004,0.0,3678.0,0.0002868985036874,-0.0108107555281247,0.5413408227511765,discharge,0.6470254072385794,1.6585953764506644e-05,3.518663725646883,1
3.600454040057486,-0.0013829823972962,10.185478802035158,0.0004,0.0,3679.0,0.000286898503687,-0.0108107555281247,0.5413406306702879,discharge,0.6470252370113635,1.64490252358383e-05,3.51866535580341,1
3.6007409385611733,-0.0013035865348115,10.174668046507032,0.0004,0.0,3680.0,0.0002868985036874,-0.0108107555281247,0.5413404496166025,discharge,0.6470250765567497,1.6279454498288293e-05,3.518667024038243,1
3.6010278370648607,-0.0012241906723269,10.163857290978909,0.0004,0.0,3681.0,0.0002868985036874,-0.0108107555281247,0.5413402795901201,discharge,0.6470249258747379,1.6078863264175294e-05,3.5186687287296583,1
3.601314735568548,-0.0011447948098422,10.153046535450782,0.0004,0.0,3682.0,0.0002868985036874,-0.0108107555281264,0.541340120590841,discharge,0.6470247849653282,1.5848792676795897e-05,3.518670468336506,1
3.6016016340722357,-0.0010653989473575,10.142235779922656,0.0004,0.0,3683.0,0.0002868985036874,-0.0108107555281247,0.541339972618765,discharge,0.6470246538285206,1.5590707313210753e-05,3.5186722413942024,1
3.601888532575923,-0.0009860030848728,10.131425024394533,0.0004,0.0,3684.0,0.0002868985036874,-0.0108107555281247,0.5413398356738921,discharge,0.647024532464315,1.5305998988166244e-05,3.518674046510904,1
3.6021754310796106,-0.0009066072223882,10.120614268866408,0.0004,0.0,3685.0,0.0002868985036874,-0.0108107555281247,0.5413397097562223,discharge,0.6470244208727115,1.499599036903194e-05,3.5186758823639517,1
3.6024225821923848,-0.0007986535836718,10.112942239899978,0.0003857142857142,0.0,3686.0,0.0002471511127741,-0.0076720289664304,0.5413395988321135,discharge,0.6470243225688023,1.464775049338388e-05,3.5186783349950908,1
3.6026697333051585,-0.0006906999449554,10.105270210933549,0.0003714285714285,0.0,3687.0,0.0002471511127737,-0.0076720289664304,0.5413395029015655,discharge,0.6470242375525874,1.4263178745539754e-05,3.518680831349393,1
3.602916884417932,-0.000582746306239,10.097598181967117,0.0003571428571428,0.0,3688.0,0.0002471511127737,-0.0076720289664304,0.5413394219645784,discharge,0.6470241658240669,1.384408014564732e-05,3.5186833696218365,1
3.6031640355307064,-0.0004747926675226,10.089926153000684,0.0003428571428571,0.0,3689.0,0.0002471511127741,-0.0076720289664322,0.5413393560211524,discharge,0.6470241073832407,1.3392170037833341e-05,3.518685948097065,1
3.6034111866434806,-0.0003668390288063,10.082254124034254,0.0003285714285714,0.0,3690.0,0.0002471511127741,-0.0076720289664304,0.5413393050712874,discharge,0.6470240622301088,1.2909078545438528e-05,3.5186885651449544,1
3.6036583377562543,-0.0002588853900899,10.074582095067823,0.0003142857142857,0.0,3691.0,0.0002471511127737,-0.0076720289664304,0.5413392691149832,discharge,0.6470240303646713,1.239635480490974e-05,3.5186912192163584,1
3.603905488869028,-0.0001509317513735,10.066910066101393,0.0003,0.0,3692.0,0.0002471511127737,-0.0076720289664304,0.5413392481522399,discharge,0.647024011786928,1.1855470989346576e-05,3.518693908839104,1
3.6041526399818022,-4.297811265717151e-05,10.059238037134962,0.0002857142857142,0.0,3693.0,0.0002471511127741,-0.0076720289664304,0.5413392421830576,discharge,0.6470240064968792,1.1287826132152175e-05,3.5186966326141533,1
3.604399791094576,6.497552605920705e-05,10.051566008168532,0.0002714285714285,0.0,3694.0,0.0002471511127741,-0.0076720289664304,0.5413392512074362,discharge,0.6470240144945246,1.069474976071939e-05,3.5186993892119727,1
3.60464694220735,0.0001729291647755,10.0438939792021,0.0002571428571428,0.0,3695.0,0.0002471511127737,-0.0076720289664304,0.5413392752253758,discharge,0.6470240357798644,1.0077505349590413e-05,3.5187021773691054,1
3.604894093320124,0.0002808828034919,10.036221950235667,0.0002428571428571,0.0,3696.0,0.0002471511127737,-0.0076720289664322,0.5413393142368763,discharge,0.6470240703528986,9.437293602058101e-06,3.518704995884835,1
3.605141244432898,0.0003888364422083,10.02854992126924,0.0002285714285714,0.0,3697.0,0.0002471511127741,-0.0076720289664304,0.5413393682419377,discharge,0.647024118213627,8.775255568732912e-06,3.51870784361812,1
3.605388395545672,0.0004967900809247,10.020877892302808,0.0002142857142857,0.0,3698.0,0.0002471511127741,-0.0076720289664304,0.5413394372405601,discharge,0.6470241793620498,8.092475611174698e-06,3.5187107194846066,1
3.605635546658446,0.0006047437196411,10.013205863336378,0.0002,0.0,3699.0,0.0002471511127737,-0.0076720289664304,0.5413395212327434,discharge,0.647024253798167,7.3899842182870244e-06,3.5187136224538076,1
3.605874814400891,0.0003862757990929,10.007025824177363,0.0002153846153846,0.0,3700.0,0.0002392677424456,-0.0061800391590143,0.5413395748821599,discharge,0.6470243013437135,6.8309316515613455e-06,3.518709838595143,1
3.6061140821433377,0.0001678078785447,10.000845785018347,0.0002307692307692,0.0,3701.0,0.000239267742446,-0.0061800391590143,0.5413395981888096,discharge,0.6470243219986893,6.408191661907169e-06,3.518705903466041,1
3.6063533498857834,-5.066004200349999e-05,9.994665745859333,0.0002461538461538,0.0,3702.0,0.0002392677424456,-0.0061800391590161,0.5413395911526928,discharge,0.6470243157630945,6.11499204263283e-06,3.518701823838703,1
3.6065926176282295,-0.0002691279625517,9.98848570670032,0.0002615384615384,0.0,3703.0,0.000239267742446,-0.0061800391590143,0.541339553773809,discharge,0.647024282636929,5.944897040105216e-06,3.5186976061488826,1
3.606831885370675,-0.0004875958830999,9.982305667541304,0.000276923076923,0.0,3704.0,0.0002392677424456,-0.0061800391590143,0.5413394860521586,discharge,0.6470242226201929,5.891790638273443e-06,3.5186932565126066,1
3.607071153113121,-0.000706063803648,9.97612562838229,0.0002923076923076,0.0,3705.0,0.000239267742446,-0.0061800391590143,0.5413393879877415,discharge,0.6470241357128861,5.949860673641607e-06,3.5186887807420466,1
3.607310420855567,-0.0009245317241963,9.969945589223274,0.0003076923076923,0.0,3706.0,0.0002392677424456,-0.0061800391590161,0.5413392595805575,discharge,0.6470240219150086,6.1135837394330005e-06,3.5186841843606285,1
3.607549688598013,-0.0011429996447445,9.96376555006426,0.0003230769230769,0.0,3707.0,0.000239267742446,-0.0061800391590143,0.541339100830607,discharge,0.6470238812265605,6.3777108397368644e-06,3.518679472617371,1
3.6077889563404586,-0.0013614675652927,9.957585510905243,0.0003384615384615,0.0,3708.0,0.0002392677424456,-0.0061800391590143,0.5413389117378895,discharge,0.6470237136475417,6.737253756378446e-06,3.5186746505005333,1
3.6080282240829047,-0.0015799354858409,9.95140547174623,0.0003538461538461,0.0,3709.0,0.000239267742446,-0.0061800391590143,0.5413386923024053,discharge,0.6470235191779523,7.187472093102499e-06,3.518669722750531,1
3.6082674918253503,-0.0017984034063891,9.945225432587216,0.0003692307692307,0.0,3710.0,0.0002392677424456,-0.0061800391590161,0.5413384425241544,discharge,0.6470232978177922,7.723860963420598e-06,3.518664693872304,1
3.608506759567797,-0.0020168713269373,9.9390453934282,0.0003846153846153,0.0,3711.0,0.000239267742446,-0.0061800391590143,0.5413381624031368,discharge,0.6470230495670615,8.342139290144071e-06,3.5186595681469672,1
3.608746027310242,-0.0022353392474855,9.932865354269186,0.0004,0.0,3712.0,0.0002392677424456,-0.0061800391590143,0.5413378519393525,discharge,0.6470227744257601,9.03823868621312e-06,3.518654349642971,1
3.6089718432201106,-0.0022701591503438,9.924412940466947,0.0004,0.0,3713.0,0.0002258159098684,-0.008452413802237,0.5413375366394705,discharge,0.6470224949985797,9.717053887035203e-06,3.5186528189997306,1
3.609197659129979,-0.0023049790532022,9.915960526664714,0.0004,0.0,3714.0,0.0002258159098684,-0.0084524138022352,0.5413372165034909,discharge,0.6470222112855204,1.0379443596518886e-05,3.518651302398185,1
3.609423475039847,-0.0023397989560605,9.907508112862477,0.0004,0.0,3715.0,0.000225815909868,-0.008452413802237,0.5413368915314136,discharge,0.6470219232865821,1.1026223856916022e-05,3.5186497990223145,1
3.609649290949715,-0.0023746188589188,9.89905569906024,0.0004,0.0,3716.0,0.0002258159098684,-0.008452413802237,0.5413365617232387,discharge,0.647021631001765,1.165817016831492e-05,3.5186483080966258,1
3.609875106859584,-0.0024094387617772,9.890603285258004,0.0004,0.0,3717.0,0.0002258159098684,-0.0084524138022352,0.5413362270789663,discharge,0.6470213344310689,1.2276019502833892e-05,3.5186468288841537,1
3.610100922769453,-0.0024442586646356,9.882150871455767,0.0004,0.0,3718.0,0.0002258159098684,-0.008452413802237,0.5413358875985962,discharge,0.6470210335744939,1.2880472218746613e-05,3.5186453606845505,1
3.610326738679321,-0.0024790785674939,9.873698457653532,0.0004,0.0,3719.0,0.000225815909868,-0.0084524138022352,0.5413355432821285,discharge,0.64702072843204,1.3472193879511081e-05,3.518643902832262,1
3.610552554589189,-0.0025138984703522,9.865246043851297,0.0004,0.0,3720.0,0.0002258159098684,-0.008452413802237,0.5413351941295632,discharge,0.6470204190037071,1.4051816982426661e-05,3.5186424546948056,1
3.6107783704990575,-0.0025487183732106,9.856793630049058,0.0004,0.0,3721.0,0.0002258159098684,-0.008452413802237,0.5413348401409002,discharge,0.6470201052894953,1.461994260140884e-05,3.5186410156711188,1
3.611004186408926,-0.002583538276069,9.848341216246824,0.0004,0.0,3722.0,0.0002258159098684,-0.0084524138022352,0.5413344813161396,discharge,0.6470197872894046,1.5177141948148447e-05,3.5186395851899914,1
3.6112300023187944,-0.0026183581789273,9.839888802444586,0.0004,0.0,3723.0,0.0002258159098684,-0.008452413802237,0.5413341176552815,discharge,0.6470194650034349,1.572395785571034e-05,3.5186381627086165,1
3.6114558182286625,-0.0026531780817856,9.831436388642349,0.0004,0.0,3724.0,0.000225815909868,-0.008452413802237,0.5413337491583257,discharge,0.6470191384315863,1.6260906188424805e-05,3.5186367477111213,1
3.611681634138531,-0.002687997984644,9.822983974840112,0.0004,0.0,3725.0,0.0002258159098684,-0.0084524138022352,0.5413333758252722,discharge,0.6470188075738588,1.6788477181733467e-05,3.518635339707296,1
3.6119074500483994,-0.0027228178875024,9.814531561037876,0.0004,0.0,3726.0,0.0002258159098684,-0.008452413802237,0.5413329976561212,discharge,0.6470184724302523,1.7307136715469565e-05,3.518633938231266,1
3.612124828722541,-0.0026750202949598,9.80632552979048,0.0004,0.0,3727.0,0.0002173786741415,-0.0082060312473952,0.5413326261255247,discharge,0.6470181431699102,1.777628195294123e-05,3.518634241892199,1
3.6123422073966824,-0.0026272227024173,9.798119498543086,0.0004,0.0,3728.0,0.0002173786741415,-0.0082060312473952,0.5413322612334827,discharge,0.6470178197928326,1.8198372836258765e-05,3.5186345958802434,1
3.612559586070823,-0.0025794251098748,9.789913467295689,0.0004,0.0,3729.0,0.000217378674141,-0.008206031247397,0.5413319029799952,discharge,0.6470175022990193,1.857574709403768e-05,3.518634997857642,1
3.612776964744965,-0.0025316275173322,9.781707436048292,0.0004,0.0,3730.0,0.0002173786741415,-0.0082060312473952,0.5413315513650622,discharge,0.6470171906884704,1.8910626313142527e-05,3.5186354456027953,1
3.6129943434191065,-0.0024838299247897,9.773501404800898,0.0004,0.0,3731.0,0.0002173786741415,-0.0082060312473952,0.5413312063886837,discharge,0.6470168849611859,1.92051217087778e-05,3.518635937004482,1
3.613211722093248,-0.0024360323322472,9.765295373553505,0.0004,0.0,3732.0,0.0002173786741415,-0.0082060312473952,0.5413308680508598,discharge,0.6470165851171659,1.9461239607912086e-05,3.5186364700563484,1
3.613429100767389,-0.0023882347397046,9.757089342306106,0.0004,0.0,3733.0,0.000217378674141,-0.008206031247397,0.5413305363515905,discharge,0.6470162911564102,1.9680886660277858e-05,3.5186370428517373,1
3.6136464794415306,-0.0023404371471621,9.74888331105871,0.0004,0.0,3734.0,0.0002173786741415,-0.0082060312473952,0.5413302112908756,discharge,0.6470160030789189,1.986587479048141e-05,3.5186376535787156,1
3.613863858115672,-0.0022926395546196,9.740677279811315,0.0004,0.0,3735.0,0.0002173786741415,-0.0082060312473952,0.5413298928687151,discharge,0.6470157208846921,2.001792590408447e-05,3.5186383005153603,1
3.6140812367898136,-0.002244841962077,9.73247124856392,0.0004,0.0,3736.0,0.0002173786741415,-0.0082060312473952,0.5413295810851093,discharge,0.6470154445737296,2.0138676359881e-05,3.5186389820252892,1
3.6142986154639543,-0.0021970443695345,9.724265217316525,0.0004,0.0,3737.0,0.000217378674141,-0.008206031247397,0.5413292759400581,discharge,0.6470151741460315,2.022968121998494e-05,3.5186396965534423,1
3.614515994138096,-0.002149246776992,9.716059186069128,0.0004,0.0,3738.0,0.0002173786741415,-0.0082060312473952,0.5413289774335612,discharge,0.6470149096015978,2.029241828876713e-05,3.5186404426219915,1
3.6147333728122377,-0.0021014491844495,9.707853154821732,0.0004,0.0,3739.0,0.0002173786741415,-0.0082060312473952,0.541328685565619,discharge,0.6470146509404285,2.0328291951132184e-05,3.51864121882655,1
3.614932100885232,-0.0020167621479621,9.701433862110449,0.0004,0.0,3740.0,0.0001987280729944,-0.0064192927112838,0.541328405459765,discharge,0.6470144027031363,2.032030960888837e-05,3.5186427824741706,1
3.6151308289582262,-0.0019320751114748,9.695014569399165,0.0004,0.0,3741.0,0.0001987280729944,-0.0064192927112838,0.5413281371159995,discharge,0.6470141648897211,2.0270650092003325e-05,3.5186443935971266,1
3.615329557031221,-0.0018473880749874,9.68859527668788,0.0004,0.0,3742.0,0.0001987280729944,-0.0064192927112838,0.5413278805343225,discharge,0.6470139375001829,2.0181383983009135e-05,3.51864605012481,1
3.615528285104216,-0.0017627010385001,9.682175983976595,0.0004,0.0,3743.0,0.0001987280729944,-0.0064192927112838,0.5413276357147339,discharge,0.6470137205345218,2.0054478994892264e-05,3.518647750089498,1
3.61572701317721,-0.0016780140020128,9.675756691265311,0.0004,0.0,3744.0,0.0001987280729944,-0.0064192927112838,0.5413274026572334,discharge,0.6470135139927377,1.9891805081801758e-05,3.5186494916212094,1
3.6159257412502046,-0.0015933269655254,9.66933739855403,0.0004,0.0,3745.0,0.0001987280729944,-0.0064192927112838,0.5413271813618216,discharge,0.6470133178748305,1.969513929585017e-05,3.518651272942884,1
3.616124469323199,-0.0015086399290381,9.662918105842746,0.0004,0.0,3746.0,0.0001987280729944,-0.0064192927112838,0.5413269718284981,discharge,0.6470131321808005,1.9466170402621754e-05,3.518653092365734,1
3.616323197396194,-0.0014239528925508,9.656498813131464,0.0004,0.0,3747.0,0.0001987280729949,-0.006419292711282,0.541326774057263,discharge,0.6470129569106474,1.920650326737518e-05,3.5186549482848766,1
3.616521925469189,-0.0013392658560634,9.65007952042018,0.0004,0.0,3748.0,0.0001987280729944,-0.0064192927112838,0.5413265880481164,discharge,0.6470127920643715,1.891766302333349e-05,3.5186568391751796,1
3.616720653542183,-0.0012545788195761,9.643660227708896,0.0004,0.0,3749.0,0.0001987280729944,-0.0064192927112838,0.5413264138010581,discharge,0.6470126376419725,1.8601099032887526e-05,3.518658763587245,1
3.6169193816151775,-0.0011698917830888,9.637240934997612,0.0004,0.0,3750.0,0.0001987280729944,-0.0064192927112838,0.5413262513160882,discharge,0.6470124936434505,1.8258188652000695e-05,3.518660720143717,1
3.617118109688172,-0.0010852047466014,9.630821642286328,0.0004,0.0,3751.0,0.0001987280729944,-0.0064192927112838,0.5413261005932067,discharge,0.6470123600688056,1.7890240807592816e-05,3.5186627075356567,1
3.6173168377611664,-0.0010005177101141,9.624402349575044,0.0004,0.0,3752.0,0.0001987280729944,-0.0064192927112838,0.5413259616324138,discharge,0.6470122369180377,1.7498499397194463e-05,3.518664724519154,1
3.617515565834161,-0.0009158306736268,9.61798305686376,0.0004,0.0,3753.0,0.0001987280729944,-0.0064192927112838,0.5413258344337091,discharge,0.6470121241911468,1.7084146519701287e-05,3.5186667699120973,1
3.617713710141315,-0.0009169715342235,9.60880279700966,0.0004,0.0,3754.0,0.0001981443071539,-0.0091802598541015,0.5413257070765516,discharge,0.6470120113238308,1.669094609071496e-05,3.518667077516578,1
3.617911854448469,-0.0009181123948203,9.599622537155556,0.0004,0.0,3755.0,0.0001981443071543,-0.0091802598541015,0.5413255795609412,discharge,0.6470118983160896,1.631784722589016e-05,3.518667364941415,1
3.618109998755623,-0.000919253255417,9.590442277301456,0.0004,0.0,3756.0,0.0001981443071539,-0.0091802598541015,0.541325451886878,discharge,0.6470117851679232,1.5963851250341117e-05,3.518667633185297,1
3.6183081430627775,-0.0009203941160138,9.581262017447354,0.0004,0.0,3757.0,0.0001981443071543,-0.0091802598541015,0.5413253240543618,discharge,0.6470116718793317,1.562800910480012e-05,3.5186678831972764,1
3.6185062873699314,-0.0009215349766105,9.572081757593253,0.0004,0.0,3758.0,0.0001981443071539,-0.0091802598541015,0.5413251960633929,discharge,0.6470115584503151,1.5309418880641357e-05,3.518668115879257,1
3.6187044316770858,-0.0009226758372073,9.562901497739151,0.0004,0.0,3759.0,0.0001981443071539,-0.0091802598541015,0.5413250679139711,discharge,0.6470114448808733,1.500722347736881e-05,3.5186683320883465,1
3.61890257598424,-0.000923816697804,9.553721237885052,0.0004,0.0,3760.0,0.0001981443071543,-0.0091802598540997,0.5413249396060964,discharge,0.6470113311710063,1.472060837648311e-05,3.5186685326390603,1
3.6191007202913936,-0.0009249575584008,9.54454097803095,0.0004,0.0,3761.0,0.0001981443071539,-0.0091802598541015,0.5413248111397688,discharge,0.6470112173207141,1.4448799525946344e-05,3.5186687183054515,1
3.619298864598547,-0.0009260984189975,9.535360718176848,0.0004,0.0,3762.0,0.0001981443071539,-0.0091802598541015,0.5413246825149884,discharge,0.6470111033299968,1.4191061329749305e-05,3.51866888982312,1
3.619497008905702,-0.0009272392795943,9.526180458322749,0.0004,0.0,3763.0,0.0001981443071543,-0.0091802598541015,0.5413245537317553,discharge,0.6470109891988544,1.394669473736037e-05,3.518669047891108,1
3.619695153212856,-0.000928380140191,9.517000198468644,0.0004,0.0,3764.0,0.0001981443071539,-0.0091802598541015,0.541324424790069,discharge,0.6470108749272867,1.3715035428092927e-05,3.518669193173739,1
3.61989329752001,-0.0009295210007878,9.507819938614544,0.0004,0.0,3765.0,0.0001981443071543,-0.0091802598541015,0.5413242956899301,discharge,0.6470107605152939,1.3495452085676456e-05,3.518669326302332,1
3.620091441827164,-0.0009306618613846,9.498639678760442,0.0004,0.0,3766.0,0.0001981443071539,-0.0091802598541015,0.5413241664313383,discharge,0.6470106459628759,1.3287344758549088e-05,3.518669447876838,1
3.6202709550858208,-0.0009292673385147,9.494104898479566,0.0003857142857142,0.0,3767.0,0.0001795132586566,-0.0045347802808759,0.5413240373664301,discharge,0.6470105315821058,1.3088883686305114e-05,3.5186696106082724,1
3.620450468344478,-0.0009278728156448,9.489570118198689,0.0003714285714285,0.0,3768.0,0.0001795132586566,-0.0045347802808777,0.5413239084952057,discharge,0.6470104173729833,1.2899589629000032e-05,3.5186697642681946,1
3.620629981603134,-0.0009264782927749,9.485035337917813,0.0003571428571428,0.0,3769.0,0.0001795132586566,-0.0045347802808759,0.5413237798176651,discharge,0.6470103033355085,1.2719007156025416e-05,3.5186699093120333,1
3.6208094948617906,-0.000925083769905,9.480500557636937,0.0003428571428571,0.0,3770.0,0.0001795132586566,-0.0045347802808759,0.5413236513338082,discharge,0.6470101894696814,1.254670346322654e-05,3.518670046172608,1
3.620989008120447,-0.0009236892470352,9.47596577735606,0.0003285714285714,0.0,3771.0,0.0001795132586566,-0.0045347802808777,0.541323523043635,discharge,0.647010075775502,1.2382267248787368e-05,3.5186701752612097,1
3.621168521379104,-0.0009222947241653,9.471430997075185,0.0003142857142857,0.0,3772.0,0.0001795132586566,-0.0045347802808759,0.5413233949471454,discharge,0.6470099622529702,1.2225307644963003e-05,3.5186702969687023,1
3.62134803463776,-0.0009209002012954,9.466896216794307,0.0003,0.0,3773.0,0.0001795132586566,-0.0045347802808759,0.5413232670443398,discharge,0.6470098489020862,1.2075453202885526e-05,3.518670411666545,1
3.6215275478964175,-0.0009195056784255,9.46236143651343,0.0002857142857142,0.0,3774.0,0.000179513258657,-0.0045347802808777,0.5413231393352178,discharge,0.6470097357228499,1.1932350927805944e-05,3.5186705197077255,1
3.621707061155074,-0.0009181111555556,9.457826656232552,0.0002714285714285,0.0,3775.0,0.0001795132586566,-0.0045347802808759,0.5413230118197795,discharge,0.6470096227152613,1.1795665362266783e-05,3.518670621427697,1
3.6218865744137303,-0.0009167166326858,9.453291875951676,0.0002571428571428,0.0,3776.0,0.0001795132586566,-0.0045347802808777,0.5413228844980249,discharge,0.6470095098793204,1.1665077714824035e-05,3.5186707171452647,1
3.6220660876723874,-0.0009153221098159,9.4487570956708,0.0002428571428571,0.0,3777.0,0.0001795132586566,-0.0045347802808759,0.5413227573699542,discharge,0.6470093972150271,1.1540285032055263e-05,3.518670807163367,1
3.622245600931044,-0.000913927586946,9.444222315389924,0.0002285714285714,0.0,3778.0,0.0001795132586566,-0.0045347802808759,0.541322630435567,discharge,0.6470092847223816,1.1420999411703859e-05,3.5186708917699194,1
3.6224251141897006,-0.0009125330640761,9.439687535109046,0.0002142857142857,0.0,3779.0,0.0001795132586566,-0.0045347802808777,0.5413225036948637,discharge,0.6470091724013838,1.1306947254915225e-05,3.518670971238509,1
3.622604627448357,-0.0009111385412063,9.43515275482817,0.0002,0.0,3780.0,0.0001795132586566,-0.0045347802808759,0.5413223771478441,discharge,0.6470090602520336,1.1197868555623045e-05,3.518671045829148,1
3.62279046781985,-0.0009085494173935,9.426558004566708,0.0002,0.0,3781.0,0.0001858403714929,-0.0085947502614622,0.541322250960425,discharge,0.647008948421371,1.1092922730151181e-05,3.518671140356216,1
3.622976308191343,-0.0009059602935807,9.417963254305244,0.0002,0.0,3782.0,0.0001858403714929,-0.008594750261464,0.5413221251326065,discharge,0.647008836909396,1.099190445132922e-05,3.518671231133031,1
3.623162148562836,-0.0009033711697679,9.409368504043782,0.0002,0.0,3783.0,0.0001858403714929,-0.0085947502614622,0.5413219996643884,discharge,0.6470087257161087,1.0894618592938616e-05,3.5186713183547185,1
3.623347988934329,-0.0009007820459551,9.400773753782316,0.0002,0.0,3784.0,0.0001858403714929,-0.008594750261464,0.541321874555771,discharge,0.647008614841509,1.0800879722914592e-05,3.518671402206705,1
3.623533829305822,-0.0008981929221423,9.392179003520855,0.0002,0.0,3785.0,0.0001858403714929,-0.0085947502614622,0.541321749806754,discharge,0.6470085042855968,1.071051162172651e-05,3.5186714828652117,1
3.623719669677315,-0.0008956037983295,9.383584253259391,0.0002,0.0,3786.0,0.0001858403714929,-0.0085947502614622,0.5413216254173375,discharge,0.6470083940483722,1.0623346824685807e-05,3.5186715604977015,1
3.6239055100488073,-0.0008930146745167,9.374989502997929,0.0002,0.0,3787.0,0.0001858403714924,-0.008594750261464,0.5413215013875217,discharge,0.6470082841298352,1.0539226186992727e-05,3.518671635263322,1
3.6240913504203,-0.0008904255507039,9.366394752736468,0.0002,0.0,3788.0,0.0001858403714929,-0.0085947502614622,0.5413213777173063,discharge,0.6470081745299858,1.0457998470392168e-05,3.518671707313309,1
3.6242771907917937,-0.0008878364268911,9.357800002475004,0.0002,0.0,3789.0,0.0001858403714929,-0.0085947502614622,0.5413212544066914,discharge,0.647008065248824,1.0379519950365071e-05,3.5186717767913827,1
3.624463031163286,-0.0008852473030783,9.34920525221354,0.0002,0.0,3790.0,0.0001858403714929,-0.008594750261464,0.5413211314556772,discharge,0.6470079562863499,1.0303654042835107e-05,3.518671843834142,1
3.624648871534779,-0.0008826581792655,9.340610501952078,0.0002,0.0,3791.0,0.0001858403714929,-0.0085947502614622,0.5413210088642633,discharge,0.6470078476425632,1.0230270949421115e-05,3.5186719085713665,1
3.624834711906272,-0.0008800690554527,9.332015751690614,0.0002,0.0,3792.0,0.0001858403714929,-0.008594750261464,0.5413208866324501,discharge,0.6470077393174642,1.0159247320313916e-05,3.518671971126417,1
3.625020552277765,-0.00087747993164,9.323421001429152,0.0002,0.0,3793.0,0.0001858403714929,-0.0085947502614622,0.5413207647602374,discharge,0.6470076313110529,1.0090465933901951e-05,3.5186720316165108,1
3.625180888976346,-0.0009906602028822,9.316008556683274,0.0002142857142857,0.0,3794.0,0.0001603366985811,-0.0074124447458778,0.5413206271685426,discharge,0.6470075093736164,1.0081331308212316e-05,3.518669709323463,1
3.625341225674928,-0.0011038404741244,9.308596111937398,0.0002285714285714,0.0,3795.0,0.0001603366985816,-0.0074124447458761,0.5413204738573656,discharge,0.6470073735051548,1.0128880105592844e-05,3.5186673225985303,1
3.625501562373509,-0.0012170207453667,9.30118366719152,0.0002428571428571,0.0,3796.0,0.0001603366985811,-0.0074124447458778,0.5413203048267066,discharge,0.6470072237056682,1.0230296211307371e-05,3.5186648742578415,1
3.6256618990720906,-0.0013302010166089,9.293771222445642,0.0002571428571428,0.0,3797.0,0.0001603366985816,-0.0074124447458778,0.5413201200765654,discharge,0.6470070599751565,1.0382903419287426e-05,3.518662366977618,1
3.625822235770672,-0.0014433812878512,9.286358777699766,0.0002714285714285,0.0,3798.0,0.0001603366985811,-0.0074124447458761,0.541319919606942,discharge,0.6470068823136197,1.0584158481266724e-05,3.51865980330113,1
3.625982572469254,-0.0015565615590934,9.278946332953888,0.0002857142857142,0.0,3799.0,0.0001603366985816,-0.0074124447458778,0.5413197034178365,discharge,0.6470066907210578,1.0831644501244373e-05,3.5186571856452824,1
3.6261429091678345,-0.0016697418303357,9.27153388820801,0.0003,0.0,3800.0,0.0001603366985811,-0.0074124447458778,0.541319471509249,discharge,0.6470064851974708,1.1123064658121117e-05,3.518654516306929,1
3.626303245866416,-0.0017829221015779,9.264121443462134,0.0003142857142857,0.0,3801.0,0.0001603366985811,-0.0074124447458761,0.5413192238811793,discharge,0.6470062657428588,1.1456236240203737e-05,3.5186517974688023,1
3.626463582564998,-0.0018961023728201,9.256708998716256,0.0003285714285714,0.0,3802.0,0.0001603366985816,-0.0074124447458778,0.5413189605336275,discharge,0.6470060323572216,1.1829084976084263e-05,3.518649031205191,1
3.6266239192635785,-0.0020092826440624,9.24929655397038,0.0003428571428571,0.0,3803.0,0.0001603366985811,-0.0074124447458761,0.5413186814665937,discharge,0.6470057850405594,1.2239639647169207e-05,3.518646219487347,1
3.62678425596216,-0.0021224629153046,9.241884109224502,0.0003571428571428,0.0,3804.0,0.0001603366985816,-0.0074124447458778,0.5413183866800777,discharge,0.6470055237928721,1.2686026967866003e-05,3.518643364188579,1
3.6269445926607418,-0.0022356431865469,9.234471664478624,0.0003714285714285,0.0,3805.0,0.0001603366985811,-0.0074124447458778,0.5413180761740795,discharge,0.6470052486141598,1.316646672012957e-05,3.518640467089131,1
3.627104929359323,-0.0023488234577891,9.227059219732748,0.0003857142857142,0.0,3806.0,0.0001603366985816,-0.0074124447458761,0.5413177499485993,discharge,0.6470049595044223,1.3679267129731256e-05,3.5186375298808197,1
3.627265266057904,-0.0024620037290314,9.21964677498687,0.0004,0.0,3807.0,0.0001603366985811,-0.0074124447458778,0.5413174080036369,discharge,0.6470046564636597,1.4222820472241856e-05,3.518634554171384,1
3.627438846591223,-0.0023806155380473,9.217228355414466,0.0004,0.0,3808.0,0.0001735805333193,-0.0024184195724039,0.5413170773625899,discharge,0.647004363440729,1.4698934461048116e-05,3.5186355428426817,1
3.6276124271245425,-0.0022992273470632,9.214809935842064,0.0004,0.0,3809.0,0.0001735805333189,-0.0024184195724021,0.5413167580254584,discharge,0.6470040804356302,1.5110959581132787e-05,3.518636601174954,1
3.627786007657862,-0.0022178391560791,9.21239151626966,0.0004,0.0,3810.0,0.0001735805333193,-0.0024184195724039,0.5413164499922423,discharge,0.6470038074483633,1.5462079860521318e-05,3.5186377259841466,1
3.627959588191181,-0.002136450965095,9.209973096697258,0.0004,0.0,3811.0,0.0001735805333189,-0.0024184195724021,0.5413161532629416,discharge,0.6470035444789283,1.5755321140105127e-05,3.5186389142443977,1
3.6281331687245,-0.002055062774111,9.207554677124854,0.0004,0.0,3812.0,0.0001735805333193,-0.0024184195724039,0.5413158678375563,discharge,0.6470032915273252,1.5993558932608073e-05,3.51864016308018,1
3.628306749257819,-0.0019736745831269,9.20513625755245,0.0004,0.0,3813.0,0.0001735805333193,-0.0024184195724039,0.5413155937160864,discharge,0.647003048593554,1.617952589110788e-05,3.518641469758815,1
3.6284803297911385,-0.0018922863921428,9.202717837980048,0.0004,0.0,3814.0,0.0001735805333189,-0.0024184195724021,0.5413153308985319,discharge,0.6470028156776146,1.6315818906510876e-05,3.5186428316833953,1
3.628653910324458,-0.0018108982011587,9.200299418407644,0.0004,0.0,3815.0,0.0001735805333193,-0.0024184195724039,0.5413150793848929,discharge,0.6470025927795072,1.6404905852413676e-05,3.518644246386025,1
3.628827490857778,-0.0017295100101747,9.19788099883524,0.0004,0.0,3816.0,0.0001735805333193,-0.0024184195724039,0.5413148391751692,discharge,0.6470023798992316,1.644913199487046e-05,3.518645711521429,1
3.629001071391096,-0.0016481218191906,9.195462579262838,0.0004,0.0,3817.0,0.0001735805333189,-0.0024184195724021,0.5413146102693611,discharge,0.6470021770367879,1.6450726083713485e-05,3.5186472248608283,1
3.629174651924416,-0.0015667336282065,9.193044159690434,0.0004,0.0,3818.0,0.0001735805333193,-0.0024184195724039,0.5413143926674683,discharge,0.647001984192176,1.6411806141248294e-05,3.5186487842861927,1
3.629348232457734,-0.0014853454372224,9.190625740118032,0.0004,0.0,3819.0,0.0001735805333189,-0.0024184195724021,0.5413141863694908,discharge,0.6470018013653961,1.6334384963357893e-05,3.518650387784709,1
3.629521812991054,-0.0014039572462384,9.188207320545628,0.0004,0.0,3820.0,0.0001735805333193,-0.0024184195724039,0.5413139913754289,discharge,0.647001628556448,1.6220375347304223e-05,3.5186520334435625,1
3.6296685553317407,-0.0013586717798843,9.18250457689446,0.0004,0.0,3821.0,0.0001467423406866,-0.0057027436511667,0.541313802671015,discharge,0.6470014613215542,1.6089531417445257e-05,3.51865297698255,1
3.6298152976724274,-0.0013133863135303,9.176801833243292,0.0004,0.0,3822.0,0.0001467423406866,-0.0057027436511685,0.5413136202562492,discharge,0.6470012996607146,1.5942689526926517e-05,3.5186539396197967,1
3.629962040013114,-0.0012681008471762,9.171099089592126,0.0004,0.0,3823.0,0.0001467423406866,-0.0057027436511667,0.5413134441311316,discharge,0.6470011435739292,1.5780644477655163e-05,3.518654920560492,1
3.6301087823538007,-0.0012228153808222,9.16539634594096,0.0004,0.0,3824.0,0.0001467423406866,-0.0057027436511667,0.541313274295662,discharge,0.6470009930611981,1.5604151584626024e-05,3.5186559190493196,1
3.630255524694487,-0.0011775299144682,9.15969360228979,0.0004,0.0,3825.0,0.0001467423406866,-0.0057027436511685,0.5413131107498406,discharge,0.6470008481225211,1.5413928637688566e-05,3.518656934368479,1
3.630402267035174,-0.0011322444481141,9.153990858638624,0.0004,0.0,3826.0,0.0001467423406866,-0.0057027436511667,0.5413129534936673,discharge,0.6470007087578984,1.5210657765850588e-05,3.5186579658358395,1
3.630549009375861,-0.0010869589817601,9.148288114987457,0.0004,0.0,3827.0,0.0001467423406866,-0.0057027436511667,0.541312802527142,discharge,0.6470005749673299,1.499498720896074e-05,3.5186590128031474,1
3.630695751716547,-0.0010416735154061,9.142585371336288,0.0004,0.0,3828.0,0.0001467423406862,-0.0057027436511685,0.5413126578502648,discharge,0.6470004467508156,1.4767533001371003e-05,3.518660074654366,1
3.6308424940572337,-0.000996388049052,9.136882627685122,0.0004,0.0,3829.0,0.0001467423406866,-0.0057027436511667,0.5413125194630358,discharge,0.6470003241083555,1.4528880571952504e-05,3.518661150804063,1
3.63098923639792,-0.000951102582698,9.131179884033951,0.0004,0.0,3830.0,0.0001467423406866,-0.0057027436511685,0.5413123873654548,discharge,0.6470002070399495,1.4279586264620375e-05,3.5186622406958903,1
3.631135978738607,-0.000905817116344,9.125477140382786,0.0004,0.0,3831.0,0.0001467423406866,-0.0057027436511667,0.5413122615575221,discharge,0.6470000955455978,1.4020178783316449e-05,3.518663343801138,1
3.6312827210792937,-0.0008605316499899,9.11977439673162,0.0004,0.0,3832.0,0.0001467423406866,-0.0057027436511667,0.5413121420392374,discharge,0.6469999896253003,1.375116056520324e-05,3.5186644596173564,1
3.631429463419981,-0.0008152461836359,9.114071653080453,0.0004,0.0,3833.0,0.0001467423406866,-0.0057027436511685,0.5413120288106008,discharge,0.6469998892790569,1.3473009085635821e-05,3.5186655876670745,1
3.631576205760667,-0.0007699607172819,9.108368909429284,0.0004,0.0,3834.0,0.0001467423406866,-0.0057027436511667,0.5413119218716123,discharge,0.6469997945068678,1.3186178098300507e-05,3.518666727496531,1
3.6317255891158142,-0.000794257411722,9.103236963035611,0.0004,0.0,3835.0,0.0001493833551471,-0.0051319463936714,0.5413118115580828,discharge,0.6469996967440704,1.2925668241235161e-05,3.5186664476983305,1
3.631874972470962,-0.0008185541061622,9.09810501664194,0.0004,0.0,3836.0,0.0001493833551471,-0.0051319463936732,0.5413116978700125,discharge,0.6469995959906647,1.2690171842481926e-05,3.5186661412233717,1
3.632024355826109,-0.0008428508006024,9.092973070248268,0.0004,0.0,3837.0,0.0001493833551471,-0.0051319463936714,0.5413115808074014,discharge,0.6469994922466507,1.2478446197123896e-05,3.5186658093143586,1
3.632173739181255,-0.0008671474950426,9.087841123854597,0.0004,0.0,3838.0,0.0001493833551466,-0.0051319463936714,0.5413114603702494,discharge,0.6469993855120284,1.2289310339628269e-05,3.5186654531522588,1
3.6323231225364023,-0.0008914441894827,9.082709177460924,0.0004,0.0,3839.0,0.0001493833551471,-0.0051319463936732,0.5413113365585562,discharge,0.6469992757867978,1.2121641976544076e-05,3.5186650738593666,1
3.6324725058915495,-0.0009157408839229,9.077577231067252,0.0004,0.0,3840.0,0.0001493833551471,-0.0051319463936714,0.5413112093723225,discharge,0.646999163070959,1.1974374571588147e-05,3.5186646725022177,1
3.6326218892466966,-0.0009400375783631,9.07244528467358,0.0004,0.0,3841.0,0.0001493833551471,-0.0051319463936714,0.5413110788115476,discharge,0.6469990473645117,1.1846494575547921e-05,3.5186642500943814,1
3.632771272601844,-0.0009643342728033,9.06731333827991,0.0004,0.0,3842.0,0.0001493833551471,-0.0051319463936714,0.541310944876232,discharge,0.6469989286674562,1.1737038793806925e-05,3.518663807599027,1
3.632920655956991,-0.0009886309672434,9.062181391886236,0.0004,0.0,3843.0,0.0001493833551471,-0.0051319463936732,0.5413108075663754,discharge,0.6469988069797924,1.1645091884655296e-05,3.5186633459315204,1
3.6330700393121376,-0.0010129276616836,9.057049445492565,0.0004,0.0,3844.0,0.0001493833551466,-0.0051319463936714,0.541310666881978,discharge,0.6469986823015202,1.1569783981888066e-05,3.5186628659617307,1
3.6332194226672847,-0.0010372243561238,9.051917499098892,0.0004,0.0,3845.0,0.0001493833551471,-0.0051319463936714,0.5413105228230397,discharge,0.6469985546326398,1.1510288435515925e-05,3.5186623685162957,1
3.633368806022432,-0.001061521050564,9.04678555270522,0.0004,0.0,3846.0,0.0001493833551471,-0.0051319463936732,0.5413103753895605,discharge,0.646998423973151,1.1465819664720943e-05,3.518661854380807,1
3.633518189377579,-0.0010858177450042,9.041653606311549,0.0004,0.0,3847.0,0.0001493833551471,-0.0051319463936714,0.5413102245815402,discharge,0.6469982903230539,1.1435631117480528e-05,3.5186613243018305,1
3.6336556588819735,-0.0011025453329016,9.03641732701653,0.0004,0.0,3848.0,0.0001374695043945,-0.0052362792950191,0.5413100714502441,discharge,0.6469981546140074,1.1415252889561368e-05,3.5186609346495596,1
3.633793128386368,-0.001119272920799,9.03118104772151,0.0004,0.0,3849.0,0.0001374695043945,-0.0052362792950191,0.5413099159956718,discharge,0.6469980168460117,1.1404197590059541e-05,3.518660534529262,1
3.6339305978907626,-0.0011360005086965,9.025944768426491,0.0004,0.0,3850.0,0.0001374695043945,-0.0052362792950191,0.5413097582178232,discharge,0.6469978770190665,1.1402002042358751e-05,3.518660124404118,1
3.634068067395157,-0.0011527280965939,9.02070848913147,0.0004,0.0,3851.0,0.0001374695043945,-0.0052362792950209,0.5413095981166988,discharge,0.646997735133172,1.1408226081129212e-05,3.5186597047142913,1
3.634205536899552,-0.0011694556844913,9.015472209836451,0.0004,0.0,3852.0,0.0001374695043945,-0.0052362792950191,0.5413094356922981,discharge,0.6469975911883282,1.1422451409093692e-05,3.518659275878092,1
3.634343006403946,-0.0011861832723888,9.010235930541432,0.0004,0.0,3853.0,0.0001374695043945,-0.0052362792950191,0.5413092709446214,discharge,0.646997445184535,1.1444280510590915e-05,3.5186588382930215,1
3.6344804759083407,-0.0012029108602862,9.004999651246413,0.0004,0.0,3854.0,0.0001374695043945,-0.0052362792950191,0.5413091038736686,discharge,0.6469972971217923,1.1473335619114565e-05,3.51865839233686,1
3.6346179454127343,-0.0012196384481836,8.999763371951394,0.0004,0.0,3855.0,0.000137469504394,-0.0052362792950191,0.5413089344794397,discharge,0.6469971470001004,1.1509257736146752e-05,3.518657938368605,1
3.6347554149171297,-0.0012363660360811,8.994527092656375,0.0004,0.0,3856.0,0.0001374695043945,-0.0052362792950191,0.5413087627619346,discharge,0.646996994819459,1.1551705698737106e-05,3.518657476729427,1
3.634892884421524,-0.0012530936239785,8.989290813361356,0.0004,0.0,3857.0,0.0001374695043945,-0.0052362792950191,0.5413085887211535,discharge,0.6469968405798684,1.160035529340574e-05,3.5186570077435393,1
3.6350303539259183,-0.0012698212118759,8.984054534066335,0.0004,0.0,3858.0,0.0001374695043945,-0.0052362792950209,0.5413084123570964,discharge,0.6469966842813284,1.1654898414069107e-05,3.5186565317190417,1
3.635167823430313,-0.0012865487997734,8.978818254771316,0.0004,0.0,3859.0,0.0001374695043945,-0.0052362792950191,0.541308233669763,discharge,0.646996525923839,1.1715042261801169e-05,3.518656048948747,1
3.6353052929347074,-0.0013032763876708,8.973581975476296,0.0004,0.0,3860.0,0.0001374695043945,-0.0052362792950191,0.5413080526591536,discharge,0.6469963655074004,1.1780508584351439e-05,3.5186555597109086,1
3.635442762439102,-0.0013200039755683,8.968345696181277,0.0004,0.0,3861.0,0.0001374695043945,-0.0052362792950191,0.5413078693252681,discharge,0.6469962030320123,1.1851032953445229e-05,3.518655064269948,1
3.635595846733921,-0.0014061550895874,8.962038947643254,0.0004,0.0,3862.0,0.0001530842948191,-0.006306748538023,0.5413076740259501,discharge,0.6469960299525382,1.1960854693473704e-05,3.5186531351634414,1
3.6357489310287407,-0.0014923062036066,8.955732199105231,0.0004,0.0,3863.0,0.0001530842948196,-0.006306748538023,0.5413074667611997,discharge,0.6469958462689781,1.210802145400729e-05,3.5186511628142747,1
3.63590201532356,-0.0015784573176258,8.949425450567208,0.0004,0.0,3864.0,0.0001530842948191,-0.006306748538023,0.5413072475310166,discharge,0.646995651981332,1.2290677880219615e-05,3.5186491490778162,1
3.636055099618379,-0.0016646084316449,8.943118702029185,0.0004,0.0,3865.0,0.0001530842948196,-0.006306748538023,0.541307016335401,discharge,0.6469954470895999,1.2507060794005146e-05,3.518647095717257,1
3.6362081839131983,-0.0017507595456641,8.936811953491162,0.0004,0.0,3866.0,0.0001530842948191,-0.006306748538023,0.541306773174353,discharge,0.6469952315937818,1.2755494614506049e-05,3.5186450044082016,1
3.636361268208018,-0.0018369106596833,8.930505204953139,0.0004,0.0,3867.0,0.0001530842948191,-0.006306748538023,0.5413065180478726,discharge,0.6469950054938777,1.3034387006153628e-05,3.518642876742996,1
3.6365143525028376,-0.0019230617737024,8.924198456415116,0.0004,0.0,3868.0,0.0001530842948196,-0.006306748538023,0.5413062509559596,discharge,0.6469947687898876,1.3342224742921522e-05,3.518640714234895,1
3.636667436797657,-0.0020092128877216,8.917891707877093,0.0004,0.0,3869.0,0.0001530842948191,-0.006306748538023,0.5413059718986141,discharge,0.6469945214818115,1.3677569778048964e-05,3.5186385183219553,1
3.636820521092476,-0.0020953640017408,8.91158495933907,0.0004,0.0,3870.0,0.0001530842948191,-0.006306748538023,0.5413056808758361,discharge,0.6469942635696494,1.403905550902559e-05,3.51863629037081,1
3.636973605387296,-0.0021815151157599,8.905278210801047,0.0004,0.0,3871.0,0.0001530842948196,-0.006306748538023,0.5413053778876256,discharge,0.6469939950534013,1.4425383228137378e-05,3.5186340316801754,1
3.637126689682115,-0.0022676662297791,8.898971462263024,0.0004,0.0,3872.0,0.0001530842948191,-0.006306748538023,0.5413050629339824,discharge,0.6469937159330671,1.4835318749354754e-05,3.518631743484272,1
3.6372797739769345,-0.0023538173437983,8.892664713725,0.0004,0.0,3873.0,0.0001530842948196,-0.006306748538023,0.541304736014907,discharge,0.646993426208647,1.5267689202801513e-05,3.518629426955995,1
3.6374328582717537,-0.0024399684578175,8.886357965186978,0.0004,0.0,3874.0,0.0001530842948191,-0.006306748538023,0.5413043971303989,discharge,0.6469931258801408,1.572137998847937e-05,3.5186270832099513,1
3.637550994834055,-0.0024153888240255,8.88260693937403,0.0004,0.0,3875.0,0.0001181365623015,-0.0037510258129476,0.5413040616597289,discharge,0.6469928285770692,1.6140319238525434e-05,3.518626990513293,1
3.6376691313963567,-0.0023908091902336,8.878855913561083,0.0004,0.0,3876.0,0.0001181365623015,-0.0037510258129476,0.541303729602897,discharge,0.646992534299432,1.652623345967308e-05,3.5186269325245316,1
3.6377872679586583,-0.0023662295564416,8.875104887748135,0.0004,0.0,3877.0,0.0001181365623015,-0.0037510258129476,0.5413034009599029,discharge,0.6469922430472294,1.6880763383294987e-05,3.518626907602944,1
3.6379054045209593,-0.0023416499226497,8.871353861935187,0.0004,0.0,3878.0,0.000118136562301,-0.0037510258129476,0.5413030757307471,discharge,0.6469919548204611,1.720546822684775e-05,3.5186269141892916,1
3.638023541083261,-0.0023170702888577,8.86760283612224,0.0004,0.0,3879.0,0.0001181365623015,-0.0037510258129476,0.5413027539154291,discharge,0.6469916696191274,1.750182974360137e-05,3.518626950801823,1
3.6381416776455624,-0.0022924906550658,8.863851810309292,0.0004,0.0,3880.0,0.0001181365623015,-0.0037510258129476,0.5413024355139493,discharge,0.646991387443228,1.777125607117266e-05,3.5186270160323874,1
3.638259814207864,-0.0022679110212738,8.860100784496344,0.0004,0.0,3881.0,0.0001181365623015,-0.0037510258129476,0.5413021205263074,discharge,0.6469911082927633,1.801508538885757e-05,3.518627108542809,1
3.6383779507701655,-0.0022433313874818,8.856349758683397,0.0004,0.0,3882.0,0.0001181365623015,-0.0037510258129476,0.5413018089525037,discharge,0.646990832167733,1.823458939326227e-05,3.5186272270613794,1
3.638496087332467,-0.0022187517536899,8.85259873287045,0.0004,0.0,3883.0,0.0001181365623015,-0.0037510258129476,0.5413015007925378,discharge,0.6469905590681372,1.8430976601259657e-05,3.5186273703795683,1
3.638614223894769,-0.002194172119898,8.848847707057502,0.0004,0.0,3884.0,0.0001181365623015,-0.0037510258129476,0.54130119604641,discharge,0.6469902889939758,1.8605395488850137e-05,3.5186275373489093,1
3.6387323604570696,-0.002169592486106,8.845096681244554,0.0004,0.0,3885.0,0.000118136562301,-0.0037510258129476,0.5413008947141204,discharge,0.6469900219452489,1.8758937474079298e-05,3.518627726877959,1
3.638850497019371,-0.0021450128523141,8.841345655431606,0.0004,0.0,3886.0,0.0001181365623015,-0.0037510258129476,0.5413005967956686,discharge,0.6469897579219565,1.8892639751760104e-05,3.5186279379295247,1
3.6389686335816727,-0.0021204332185221,8.837594629618659,0.0004,0.0,3887.0,0.0001181365623015,-0.0037510258129476,0.541300302291055,discharge,0.6469894969240986,1.900748798736157e-05,3.5186281695179384,1
3.639086770143974,-0.0020958535847302,8.833843603805711,0.0004,0.0,3888.0,0.0001181365623015,-0.0037510258129476,0.5413000112002793,discharge,0.6469892389516751,1.91044188770616e-05,3.518628420706488,1
3.639217039241297,-0.0020152825516928,8.828138585376761,0.0004,0.0,3889.0,0.0001302690973226,-0.0057050184289497,0.5412997312999248,discharge,0.6469889908965021,1.9156505240731204e-05,3.5186298420832705,1
3.6393473083386194,-0.0019347115186554,8.822433566947812,0.0004,0.0,3890.0,0.0001302690973226,-0.0057050184289497,0.5412994625899917,discharge,0.6469887527585793,1.9165975019517073e-05,3.518631311592333,1
3.639477577435942,-0.001854140485618,8.816728548518864,0.0004,0.0,3891.0,0.0001302690973226,-0.0057050184289479,0.5412992050704799,discharge,0.6469885245379068,1.9134945467215776e-05,3.518632827116407,1
3.639607846533265,-0.0017735694525806,8.811023530089914,0.0004,0.0,3892.0,0.000130269097323,-0.0057050184289497,0.5412989587413892,discharge,0.6469883062344847,1.9065428649382006e-05,3.518634386643402,1
3.639738115630588,-0.0016929984195433,8.805318511660964,0.0004,0.0,3893.0,0.0001302690973226,-0.0057050184289497,0.5412987236027198,discharge,0.6469880978483129,1.8959336669233154e-05,3.5186359882612024,1
3.6398683847279103,-0.0016124273865059,8.799613493232014,0.0004,0.0,3894.0,0.0001302690973226,-0.0057050184289497,0.5412984996544716,discharge,0.6469878993793914,1.8818486633923182e-05,3.5186376301526927,1
3.639998653825233,-0.0015318563534685,8.793908474803066,0.0004,0.0,3895.0,0.0001302690973226,-0.0057050184289479,0.5412982868966448,discharge,0.6469877108277202,1.8644605374085106e-05,3.5186393105910114,1
3.640128922922555,-0.0014512853204311,8.788203456374116,0.0004,0.0,3896.0,0.0001302690973226,-0.0057050184289497,0.5412980853292393,discharge,0.6469875321932994,1.8439333928899524e-05,3.5186410279351095,1
3.640259192019878,-0.0013707142873938,8.782498437945167,0.0004,0.0,3897.0,0.0001302690973226,-0.0057050184289497,0.5412978949522549,discharge,0.646987363476129,1.8204231808338564e-05,3.51864278062547,1
3.640389461117201,-0.0012901432543564,8.776793419516217,0.0004,0.0,3898.0,0.000130269097323,-0.0057050184289497,0.5412977157656917,discharge,0.6469872046762088,1.794078104365515e-05,3.5186445671800444,1
3.640519730214524,-0.001209572221319,8.771088401087269,0.0004,0.0,3899.0,0.0001302690973226,-0.0057050184289479,0.5412975477695499,discharge,0.646987055793539,1.76503900366384e-05,3.518646386190415,1
3.6406499993118464,-0.0011290011882816,8.76538338265832,0.0004,0.0,3900.0,0.0001302690973226,-0.0057050184289497,0.5412973909638292,discharge,0.6469869168281195,1.7334397217632186e-05,3.5186482363181417,1
3.640780268409169,-0.0010484301552443,8.75967836422937,0.0004,0.0,3901.0,0.0001302690973226,-0.0057050184289497,0.54129724534853,discharge,0.6469867877799503,1.699407452181818e-05,3.5186501162912793,1
3.6409060041574905,-0.0009371016050752,8.755650225020926,0.0004,0.0,3902.0,0.0001257357483215,-0.0040281392084438,0.5412971151955293,discharge,0.6469866724348834,1.661534991182408e-05,3.5186526574377033,1
3.641031739905812,-0.0008257730549062,8.75162208581248,0.0004,0.0,3903.0,0.0001257357483215,-0.0040281392084455,0.5412970005048272,discharge,0.6469865707929187,1.6200131250488204e-05,3.518655242699187,1
3.6411574756541336,-0.0007144445047372,8.747593946604034,0.0004,0.0,3904.0,0.0001257357483215,-0.0040281392084455,0.5412969012764237,discharge,0.6469864828540561,1.575023161525368e-05,3.5186578702626488,1
3.641283211402455,-0.0006031159545682,8.74356580739559,0.0004,0.0,3905.0,0.0001257357483215,-0.0040281392084438,0.541296817510319,discharge,0.6469864086182958,1.5267374007244508e-05,3.518660538405081,1
3.6414089471507767,-0.0004917874043992,8.739537668187147,0.0004,0.0,3906.0,0.0001257357483215,-0.0040281392084438,0.5412967492065128,discharge,0.6469863480856377,1.475319582638785e-05,3.518663245489067,1
3.641534682899098,-0.0003804588542302,8.735509528978701,0.0004,0.0,3907.0,0.0001257357483215,-0.0040281392084455,0.5412966963650052,discharge,0.6469863012560818,1.420925312420574e-05,3.5186659899585497,1
3.64166041864742,-0.0002691303040612,8.731481389770256,0.0004,0.0,3908.0,0.0001257357483215,-0.0040281392084455,0.5412966589857964,discharge,0.6469862681296281,1.363702464532193e-05,3.5186687703347816,1
3.641786154395741,-0.0001578017538921,8.727453250561812,0.0004,0.0,3909.0,0.000125735748321,-0.0040281392084438,0.5412966370688861,discharge,0.6469862487062766,1.3037915668180763e-05,3.518671585212482,1
3.6419118901440624,-4.647320372317155e-05,8.723425111353368,0.0004,0.0,3910.0,0.0001257357483215,-0.0040281392084438,0.5412966306142744,discharge,0.6469862429860274,1.241326165495379e-05,3.518674433256188,1
3.642037625892384,6.485534644584272e-05,8.719396972144922,0.0004,0.0,3911.0,0.0001257357483215,-0.0040281392084455,0.5412966396219614,discharge,0.6469862509688803,1.1764331720113275e-05,3.518677313196785,1
3.6421633616407054,0.0001761838966148,8.715368832936477,0.0004,0.0,3912.0,0.0001257357483215,-0.0040281392084455,0.5412966640919471,discharge,0.6469862726548354,1.1092331926682405e-05,3.518680223828205,1
3.642289097389027,0.0002875124467838,8.711340693728033,0.0004,0.0,3913.0,0.0001257357483215,-0.0040281392084438,0.5412967040242314,discharge,0.6469863080438928,1.0398408418722683e-05,3.5186831640043095,1
3.642414833137349,0.0003988409969528,8.70731255451959,0.0004,0.0,3914.0,0.0001257357483215,-0.0040281392084438,0.5412967594188143,discharge,0.6469863571360523,9.683650398194983e-06,3.518686132635901,1
3.64254056888567,0.0005101695471219,8.703284415311144,0.0004,0.0,3915.0,0.0001257357483215,-0.0040281392084455,0.5412968302756958,discharge,0.6469864199313141,8.9490929539257e-06,3.5186891286878907,1
3.6426553595050977,0.0004563487767133,8.698502191235393,0.0004,0.0,3916.0,0.0001147906194272,-0.0047822240757504,0.5412968936574705,discharge,0.6469864761019363,8.277768329692431e-06,3.5186887548363734,1
3.642770150124524,0.0004025280063047,8.693719967159643,0.0004,0.0,3917.0,0.0001147906194267,-0.0047822240757504,0.541296949564138,discharge,0.6469865256479189,7.666535027211009e-06,3.518688317209252,1
3.6428849407439503,0.0003487072358962,8.688937743083892,0.0004,0.0,3918.0,0.0001147906194267,-0.0047822240757504,0.5412969979956985,discharge,0.646986568569262,7.112407622391973e-06,3.5186878187919493,1
3.642999731363378,0.0002948864654876,8.68415551900814,0.0004,0.0,3919.0,0.0001147906194272,-0.0047822240757522,0.541297038952152,discharge,0.6469866048659655,6.612549011348181e-06,3.518687262421559,1
3.643114521982805,0.0002410656950791,8.67937329493239,0.0004,0.0,3920.0,0.0001147906194272,-0.0047822240757504,0.5412970724334986,discharge,0.6469866345380294,6.164263041631667e-06,3.518686650794233,1
3.643229312602232,0.0001872449246705,8.67459107085664,0.0004,0.0,3921.0,0.0001147906194267,-0.0047822240757504,0.5412970984397381,discharge,0.6469866575854538,5.764987509561743e-06,3.5186859864721876,1
3.6433441032216582,0.0001334241542619,8.669808846780889,0.0004,0.0,3922.0,0.0001147906194267,-0.0047822240757504,0.5412971169708707,discharge,0.6469866740082386,5.412287505455664e-06,3.5186852718903214,1
3.643458893841086,7.960338385344282e-05,8.665026622705138,0.0004,0.0,3923.0,0.0001147906194272,-0.0047822240757504,0.5412971280268961,discharge,0.6469866838063839,5.10384908947801e-06,3.5186845093625636,1
3.643573684460513,2.578261344488568e-05,8.660244398629388,0.0004,0.0,3924.0,0.0001147906194272,-0.0047822240757504,0.5412971316078148,discharge,0.6469866869798896,4.837473281683278e-06,3.5186837010879115,1
3.64368847507994,-2.8038156963671463e-05,8.655462174553637,0.0004,0.0,3925.0,0.0001147906194267,-0.0047822240757504,0.5412971277136263,discharge,0.6469866835287558,4.611070350641508e-06,3.518682849156083,1
3.643803265699366,-8.18589273722286e-05,8.650679950477885,0.0004,0.0,3926.0,0.0001147906194267,-0.0047822240757522,0.5412971163443308,discharge,0.6469866734529823,4.422654385813503e-06,3.5186819555529962,1
3.643918056318794,-0.0001356796977807,8.645897726402135,0.0004,0.0,3927.0,0.0001147906194272,-0.0047822240757504,0.5412970974999283,discharge,0.6469866567525693,4.270338139578232e-06,3.518681022165897,1
3.644032846938221,-0.0001895004681893,8.641115502326384,0.0004,0.0,3928.0,0.0001147906194272,-0.0047822240757504,0.5412970711804188,discharge,0.6469866334275167,4.152328125515995e-06,3.5186800507882756,1
3.644147637557648,-0.0002433212385979,8.636333278250634,0.0004,0.0,3929.0,0.0001147906194267,-0.0047822240757504,0.5412970373858024,discharge,0.6469866034778246,4.066919960215669e-06,3.5186790431245143,1
3.6442641434965064,-0.0003040313141374,8.629582655138826,0.0004,0.0,3930.0,0.0001165059388585,-0.0067506231118077,0.541296995159231,discharge,0.6469865660555086,4.015916643297819e-06,3.518677859113903,1
3.644380649435365,-0.000364741389677,8.622832032027018,0.0004,0.0,3931.0,0.0001165059388581,-0.0067506231118077,0.5412969445007048,discharge,0.646986521160569,3.9976088919549405e-06,3.5186766382518297,1
3.644497155374223,-0.0004254514652165,8.61608140891521,0.0004,0.0,3932.0,0.0001165059388585,-0.0067506231118077,0.5412968854102234,discharge,0.6469864687930056,4.0103723430303965e-06,3.5186753821626646,1
3.6446136613130817,-0.0004861615407561,8.609330785803403,0.0004,0.0,3933.0,0.0001165059388581,-0.0067506231118077,0.5412968178877873,discharge,0.6469864089528183,4.052663334087093e-06,3.5186740923900763,1
3.64473016725194,-0.0005468716162956,8.602580162691595,0.0004,0.0,3934.0,0.0001165059388585,-0.0067506231118077,0.541296741933396,discharge,0.6469863416400073,4.123014894078395e-06,3.5186727704010243,1
3.6448466731907985,-0.0006075816918352,8.595829539579787,0.0004,0.0,3935.0,0.0001165059388585,-0.0067506231118077,0.5412966575470499,discharge,0.6469862668545726,4.220032933208727e-06,3.5186714175896183,1
3.6449631791296566,-0.0006682917673747,8.58907891646798,0.0004,0.0,3936.0,0.0001165059388581,-0.0067506231118077,0.5412965647287489,discharge,0.6469861845965141,4.342392622087031e-06,3.5186700352806835,1
3.645079685068515,-0.0007290018429143,8.582328293356172,0.0004,0.0,3937.0,0.0001165059388585,-0.0067506231118077,0.5412964634784929,discharge,0.6469860948658318,4.4888349507695346e-06,3.518668624733243,1
3.645196191007374,-0.0007897119184538,8.575577670244364,0.0004,0.0,3938.0,0.0001165059388585,-0.0067506231118077,0.541296353796282,discharge,0.6469859976625257,4.658163458753872e-06,3.518667187143753,1
3.645312696946232,-0.0008504219939934,8.568827047132556,0.0004,0.0,3939.0,0.0001165059388581,-0.0067506231118077,0.5412962356821163,discharge,0.6469858929865959,4.849241127432241e-06,3.5186657236492422,1
3.6454292028850905,-0.0009111320695329,8.562076424020749,0.0004,0.0,3940.0,0.0001165059388585,-0.0067506231118077,0.5412961091359954,discharge,0.6469857808380424,5.060987426931602e-06,3.518664235330244,1
3.6455457088239487,-0.0009718421450725,8.55532580090894,0.0004,0.0,3941.0,0.0001165059388581,-0.0067506231118077,0.5412959741579197,discharge,0.646985661216865,5.292375509671534e-06,3.5186627232136174,1
3.6456622147628073,-0.0010325522206121,8.548575177797133,0.0004,0.0,3942.0,0.0001165059388585,-0.0067506231118077,0.541295830747889,discharge,0.6469855341230638,5.542429543349871e-06,3.518661188275199,1
3.645769590437234,-0.000870084043697,8.546181416855596,0.0004,0.0,3943.0,0.000107375674426,-0.0023937609415369,0.541295709902883,discharge,0.6469854270269904,5.699343981095236e-06,3.5186642211631414,1
3.64587696611166,-0.0007076158667819,8.543787655914057,0.0004,0.0,3944.0,0.0001073756744265,-0.0023937609415387,0.5412956116229015,discharge,0.6469853399286447,5.7677461332291514e-06,3.518667353685067,1
3.645984341786086,-0.0005451476898668,8.54139389497252,0.0004,0.0,3945.0,0.000107375674426,-0.0023937609415369,0.5412955359079445,discharge,0.6469852728280268,5.752033418579653e-06,3.5186705814435437,1
3.646091717460512,-0.0003826795129517,8.539000134030983,0.0004,0.0,3946.0,0.000107375674426,-0.0023937609415369,0.5412954827580123,discharge,0.6469852257251365,5.656384785824382e-06,3.5186739002596172,1
3.646199093134938,-0.0002202113360367,8.536606373089445,0.0004,0.0,3947.0,0.000107375674426,-0.0023937609415387,0.5412954521731045,discharge,0.646985198619974,5.4847715674048295e-06,3.5186773061619374,1
3.6463064688093647,-5.7743159121628545e-05,8.534212612147908,0.0004,0.0,3948.0,0.0001073756744265,-0.0023937609415369,0.5412954441532212,discharge,0.6469851915125392,5.240967794202167e-06,3.5186807953764743,1
3.646413844483791,0.0001047250177934,8.531818851206369,0.0004,0.0,3949.0,0.000107375674426,-0.0023937609415387,0.5412954586983626,discharge,0.6469852044028321,4.928559997765303e-06,3.5186843643166945,1
3.646521220158217,0.0002671931947085,8.529425090264832,0.0004,0.0,3950.0,0.000107375674426,-0.0023937609415369,0.5412954958085285,discharge,0.6469852372908528,4.5509565255497564e-06,3.5186880095742574,1
3.646628595832643,0.0004296613716236,8.527031329323295,0.0004,0.0,3951.0,0.0001073756744265,-0.0023937609415369,0.5412955554837191,discharge,0.6469852901766011,4.11139639336215e-06,3.51869172791015,1
3.6467359715070695,0.0005921295485386,8.524637568381756,0.0004,0.0,3952.0,0.000107375674426,-0.0023937609415387,0.5412956377239342,discharge,0.6469853630600773,3.612957698002329e-06,3.518695516246277,1
3.646843347181496,0.0007545977254537,8.52224380744022,0.0004,0.0,3953.0,0.000107375674426,-0.0023937609415369,0.5412957425291738,discharge,0.6469854559412811,3.0585656119530536e-06,3.5186993716574864,1
3.6469507228559217,0.0009170659023688,8.519850046498682,0.0004,0.0,3954.0,0.000107375674426,-0.0023937609415369,0.541295869899438,discharge,0.6469855688202126,2.450999980882194e-06,3.518703291363945,1
3.647058098530348,0.0010795340792839,8.517456285557143,0.0004,0.0,3955.0,0.0001073756744265,-0.0023937609415387,0.5412960198347269,discharge,0.6469857016968719,1.7929025436897906e-06,3.5187072727239297,1
3.6471654742047743,0.001242002256199,8.515062524615606,0.0004,0.0,3956.0,0.000107375674426,-0.0023937609415369,0.5412961923350402,discharge,0.6469858545712588,1.086783793852749e-06,3.5187113132269645,1
3.647287915325279,0.0010323711317991,8.509998147672054,0.0004,0.0,3957.0,0.0001224411205047,-0.0050643769435527,0.5412963357199196,discharge,0.6469859816427702,5.198938339403477e-07,3.518707758165023,1
3.647410356445784,0.0008227400073993,8.504933770728503,0.0004,0.0,3958.0,0.0001224411205047,-0.0050643769435509,0.5412964499893651,discharge,0.6469860829114061,8.531557557333846e-08,3.518704056441186,1
3.647532797566289,0.0006131088829994,8.49986939378495,0.0004,0.0,3959.0,0.0001224411205047,-0.0050643769435527,0.5412965351433767,discharge,0.6469861583771664,-2.2352441863633611e-07,3.518700214628873,1
3.647655238686793,0.0004034777585996,8.494805016841399,0.0004,0.0,3960.0,0.0001224411205043,-0.0050643769435509,0.5412965911819543,discharge,0.6469862080400512,-4.128730081658067e-07,3.5186962389749357,1
3.6477776798072976,0.0001938466341998,8.489740639897846,0.0004,0.0,3961.0,0.0001224411205047,-0.0050643769435527,0.5412966181050979,discharge,0.6469862319000605,-4.886666994457826e-07,3.518692135415856,1
3.6479001209278024,-1.5784490200030602e-05,8.484676262954295,0.0004,0.0,3962.0,0.0001224411205047,-0.0050643769435509,0.5412966159128076,discharge,0.6469862299571943,-4.565470646504214e-07,3.5186879095932078,1
3.648022562048307,-0.0002254156145998,8.479611886010742,0.0004,0.0,3963.0,0.0001224411205047,-0.0050643769435527,0.5412965846050832,discharge,0.6469862022114525,-3.2187539445936337e-07,3.518683566868286,1
3.648145003168812,-0.0004350467389997,8.474547509067191,0.0004,0.0,3964.0,0.0001224411205047,-0.0050643769435509,0.5412965241819252,discharge,0.6469861486628352,-8.974662284907707e-08,3.5186791123360286,1
3.6482674442893166,-0.0006446778633995,8.469483132123639,0.0004,0.0,3965.0,0.0001224411205047,-0.0050643769435527,0.541296434643333,discharge,0.6469860693113424,2.3499743991929052e-07,3.5186745508382473,1
3.648389885409821,-0.0008543089877993,8.464418755180088,0.0004,0.0,3966.0,0.0001224411205043,-0.0050643769435509,0.5412963159893069,discharge,0.646985964156974,6.477555317464827e-07,3.5186698869762374,1
3.6485123265303256,-0.0010639401121992,8.459354378236535,0.0004,0.0,3967.0,0.0001224411205047,-0.0050643769435527,0.5412961682198469,discharge,0.64698583319973,1.144154987913286e-06,3.5186651251226704,1
3.6486347676508304,-0.001273571236599,8.454290001292984,0.0004,0.0,3968.0,0.0001224411205047,-0.0050643769435509,0.5412959913349529,discharge,0.6469856764396106,1.7200403840307223e-06,3.518660269433001,1
3.648757208771335,-0.0014832023609989,8.449225624349431,0.0004,0.0,3969.0,0.0001224411205047,-0.0050643769435527,0.541295785334625,discharge,0.6469854938766155,2.37146274322531e-06,3.5186553238562497,1
3.6488500246583495,-0.0013718365286466,8.44577175405135,0.0004,0.0,3970.0,9.281588701437472e-05,-0.003453870298081,0.5412955948017737,discharge,0.6469853250213117,2.935193332022544e-06,3.518656893533969,1
3.648942840545364,-0.0012604706962943,8.44231788375327,0.0004,0.0,3971.0,9.28158870148188e-05,-0.0034538702980793,0.5412954197363993,discharge,0.646985169873699,3.415588804863616e-06,3.5186585541703623,1
3.6490356564323783,-0.001149104863942,8.438864013455191,0.0004,0.0,3972.0,9.281588701437472e-05,-0.0034538702980793,0.5412952601385015,discharge,0.6469850284337775,3.816789371273233e-06,3.5186603016251983,1
3.6491284723193935,-0.0010377390315897,8.43541014315711,0.0004,0.0,3973.0,9.28158870148188e-05,-0.003453870298081,0.5412951160080804,discharge,0.6469849007015471,4.142729549157247e-06,3.518662131963944,1
3.649221288206408,-0.0009263731992375,8.43195627285903,0.0004,0.0,3974.0,9.281588701437472e-05,-0.003453870298081,0.541294987345136,discharge,0.646984786677008,4.3971483838609e-06,3.518664041447545,1
3.6493141040934223,-0.0008150073668852,8.42850240256095,0.0004,0.0,3975.0,9.28158870148188e-05,-0.0034538702980793,0.5412948741496685,discharge,0.6469846863601599,4.58359915952922e-06,3.518666026522701,1
3.649406919980437,-0.0007036415345329,8.42504853226287,0.0004,0.0,3976.0,9.281588701437472e-05,-0.0034538702980793,0.5412947764216776,discharge,0.6469845997510031,4.705458627993235e-06,3.5186680838126465,1
3.649499735867451,-0.0005922757021806,8.42159466196479,0.0004,0.0,3977.0,9.281588701437472e-05,-0.003453870298081,0.5412946941611634,discharge,0.6469845268495373,4.765935779151529e-06,3.5186702101083878,1
3.6495925517544663,-0.0004809098698283,8.418140791666708,0.0004,0.0,3978.0,9.28158870148188e-05,-0.003453870298081,0.5412946273681258,discharge,0.6469844676557628,4.768080175626555e-06,3.518672402360355,1
3.6496853676414807,-0.0003695440374761,8.414686921368629,0.0004,0.0,3979.0,9.281588701437472e-05,-0.0034538702980793,0.5412945760425651,discharge,0.6469844221696794,4.714789873343181e-06,3.5186746576704784,1
3.649778183528495,-0.0002581782051238,8.41123305107055,0.0004,0.0,3980.0,9.28158870148188e-05,-0.0034538702980793,0.5412945401844811,discharge,0.6469843903912872,4.60881894860119e-06,3.518676973284686,1
3.64987099941551,-0.0001468123727715,8.407779180772469,0.0004,0.0,3981.0,9.281588701437472e-05,-0.003453870298081,0.5412945197938738,discharge,0.6469843723205861,4.4527846511922005e-06,3.518679346585716,1
3.6499638153025247,-3.544654041927915e-05,8.404325310474388,0.0004,0.0,3982.0,9.28158870148188e-05,-0.003453870298081,0.5412945148707431,discharge,0.6469843679575763,4.249174202139187e-06,3.5186817750863475,1
3.650056631189539,7.591929193299918e-05,8.400871440176308,0.0004,0.0,3983.0,9.281588701437472e-05,-0.0034538702980793,0.5412945254150893,discharge,0.6469843773022576,4.000351253714342e-06,3.5186842564229335,1
3.6501652965087823,0.0001242437186209,8.397785688787023,0.0004,0.0,3984.0,0.0001086653192432,-0.0030857513892854,0.5412945426711613,discharge,0.6469843925950497,3.739881913917473e-06,3.518685491885807,1
3.6502739618280255,0.0001725681453089,8.39469993739774,0.0004,0.0,3985.0,0.0001086653192432,-0.0030857513892836,0.5412945666389593,discharge,0.6469844138359526,3.468344792377061e-06,3.5186867417244616,1
3.650382627147269,0.0002208925719969,8.391614186008454,0.0004,0.0,3986.0,0.0001086653192432,-0.0030857513892854,0.5412945973184833,discharge,0.6469844410249664,3.186289752555421e-06,3.5186880053890492,1
3.650491292466512,0.0002692169986849,8.388528434619168,0.0004,0.0,3987.0,0.0001086653192432,-0.0030857513892854,0.541294634709733,discharge,0.6469844741620911,2.8942393398999118e-06,3.518689282357021,1
3.6505999577857553,0.0003175414253729,8.385442683229885,0.0004,0.0,3988.0,0.0001086653192432,-0.0030857513892836,0.5412946788127089,discharge,0.6469845132473268,2.5926901390415737e-06,3.51869057213179,1
3.6507086231049986,0.0003658658520609,8.382356931840599,0.0004,0.0,3989.0,0.0001086653192432,-0.0030857513892854,0.5412947296274104,discharge,0.6469845582806731,2.2821140635661657e-06,3.5186918742414433,1
3.650817288424242,0.0004141902787489,8.379271180451314,0.0004,0.0,3990.0,0.0001086653192428,-0.0030857513892854,0.541294787153838,discharge,0.6469846092621304,1.9629595817075066e-06,3.518693188237521,1
3.6509259537434846,0.0004625147054369,8.376185429062028,0.0004,0.0,3991.0,0.0001086653192432,-0.0030857513892854,0.5412948513919915,discharge,0.6469846661916986,1.6356528811465908e-06,3.518694513693839,1
3.651034619062728,0.0005108391321249,8.373099677672744,0.0004,0.0,3992.0,0.0001086653192432,-0.0030857513892836,0.541294922341871,discharge,0.6469847290693775,1.3005989759417936e-06,3.5186958502053787,1
3.651143284381971,0.0005591635588129,8.370013926283459,0.0004,0.0,3993.0,0.0001086653192432,-0.0030857513892854,0.5412950000034764,discharge,0.6469847978951674,9.58182758465177e-07,3.518697197387258,1
3.6512519497012144,0.0006074879855009,8.366928174894174,0.0004,0.0,3994.0,0.0001086653192432,-0.0030857513892854,0.5412950843768077,discharge,0.6469848726690681,6.08769999077074e-07,3.518698554873699,1
3.6513606150204576,0.0006558124121889,8.36384242350489,0.0004,0.0,3995.0,0.0001086653192432,-0.0030857513892836,0.5412951754618649,discharge,0.6469849533910796,2.5270829613538673e-07,3.518699922317121,1
3.651469280339701,0.000704136838877,8.360756672115604,0.0004,0.0,3996.0,0.0001086653192432,-0.0030857513892854,0.5412952732586482,discharge,0.646985040061202,-1.0967202119300469e-07,3.518701299387188,1
3.651560130776527,0.0005342370986946,8.355915800659611,0.0004,0.0,3997.0,9.085043682599549e-05,-0.0048408714559933,0.5412953474582451,discharge,0.6469851058188676,-3.696401012678459e-07,3.5186981979313217,1
3.6516509812133537,0.0003643373585122,8.351074929203618,0.0004,0.0,3998.0,9.085043682643956e-05,-0.0048408714559933,0.5412953980606561,discharge,0.6469851506640762,-5.322839326910463e-07,3.5186949875208375,1
3.6517418316501793,0.0001944376183299,8.346234057747624,0.0004,0.0,3999.0,9.085043682599549e-05,-0.0048408714559933,0.5412954250658808,discharge,0.646985174596828,-6.024387254054186e-07,3.5186916729909345,1
3.6518326820870057,2.4537878147571517e-05,8.34139318629163,0.0004,0.0,4000.0,9.085043682599549e-05,-0.004840871455995,0.5412954284739195,discharge,0.6469851776171229,-5.84699469105266e-07,3.5186882589365993,1
3.6519235325238313,-0.0001453618620347,8.336552314835636,0.0004,0.0,4001.0,9.085043682599549e-05,-0.0048408714559933,0.5412954082847721,discharge,0.646985159724961,-4.834328677271241e-07,3.518684749724537,1
3.6520143829606577,-0.0003152616022171,8.331711443379643,0.0004,0.0,4002.0,9.085043682643956e-05,-0.0048408714559933,0.5412953644984384,discharge,0.6469851209203421,-3.027886810174366e-07,3.51868114950451,1
3.652105233397484,-0.0004851613423994,8.32687057192365,0.0004,0.0,4003.0,9.085043682599549e-05,-0.0048408714559933,0.5412952971149185,discharge,0.6469850612032664,-4.671050263502753e-08,3.5186774622201225,1
3.6521960838343097,-0.0006550610825818,8.322029700467656,0.0004,0.0,4004.0,9.085043682599549e-05,-0.0048408714559933,0.5412952061342127,discharge,0.6469849805737338,2.81053997218621e-07,3.5186736916190386,1
3.652286934271136,-0.0008249608227642,8.317188829011663,0.0004,0.0,4005.0,9.085043682643956e-05,-0.0048408714559933,0.5412950915563206,discharge,0.6469848790317443,6.769433380374687e-07,3.5186698412627737,1
3.652377784707962,-0.0009948605629465,8.31234795755567,0.0004,0.0,4006.0,9.085043682599549e-05,-0.0048408714559933,0.5412949533812423,discharge,0.6469847565772979,1.1375729788365866e-06,3.5186659145358656,1
3.652468635144788,-0.0011647603031289,8.307507086099674,0.0004,0.0,4007.0,9.085043682599549e-05,-0.004840871455995,0.5412947916089781,discharge,0.6469846132103947,1.6597265275400629e-06,3.5186619146547455,1
3.652559485581614,-0.0013346600433112,8.302666214643681,0.0004,0.0,4008.0,9.085043682599549e-05,-0.0048408714559933,0.5412946062395276,discharge,0.6469844489310346,2.2403473870989297e-06,3.5186578446760217,1
3.6526503360184406,-0.0015045597834936,8.297825343187688,0.0004,0.0,4009.0,9.085043682643956e-05,-0.0048408714559933,0.5412943972728911,discharge,0.6469842637392176,2.876530816642475e-06,3.5186537075044693,1
3.6527411864552666,-0.001674459523676,8.292984471731694,0.0004,0.0,4010.0,9.085043682599549e-05,-0.0048408714559933,0.5412941647090683,discharge,0.6469840576349437,3.565516387042733e-06,3.518649505900541,1
3.6528254841101937,-0.0017858614874059,8.28988082875722,0.0004,0.0,4011.0,8.429765492712349e-05,-0.0031036429744748,0.5412939166727506,discharge,0.6469838378185313,4.2756182668392015e-06,3.5186464455100404,1
3.65290978176512,-0.0018972634511359,8.286777185782745,0.0004,0.0,4012.0,8.42976549266794e-05,-0.0031036429744748,0.541293653163938,discharge,0.6469836042899805,5.005787367130021e-06,3.5186433574265483,1
3.652994079420047,-0.0020086654148659,8.28367354280827,0.0004,0.0,4013.0,8.42976549266794e-05,-0.0031036429744748,0.5412933741826303,discharge,0.6469833570492912,5.755026719272719e-06,3.5186402426470575,1
3.653078377074974,-0.0021200673785959,8.280569899833795,0.0004,0.0,4014.0,8.429765492712349e-05,-0.0031036429744748,0.5412930797288278,discharge,0.6469830960964634,6.522388885474117e-06,3.5186371021190412,1
3.6531626747299017,-0.0022314693423259,8.27746625685932,0.0004,0.0,4015.0,8.429765492712349e-05,-0.0031036429744748,0.5412927698025303,discharge,0.6469828214314972,7.3069734980258445e-06,3.5186339367428863,1
3.653246972384828,-0.0023428713060559,8.274362613884845,0.0004,0.0,4016.0,8.42976549266794e-05,-0.0031036429744748,0.5412924444037377,discharge,0.6469825330543925,8.107924920794199e-06,3.518630747374266,1
3.653331270039754,-0.0024542732697859,8.271258970910369,0.0004,0.0,4017.0,8.42976549266794e-05,-0.0031036429744766,0.5412921035324503,discharge,0.6469822309651493,8.924430026890586e-06,3.5186275348263294,1
3.653415567694682,-0.0025656752335158,8.268155327935894,0.0004,0.0,4018.0,8.429765492712349e-05,-0.0031036429744748,0.5412917471886678,discharge,0.6469819151637677,9.755716086750474e-06,3.5186242998718513,1
3.653499865349609,-0.0026770771972458,8.265051684961419,0.0004,0.0,4019.0,8.429765492712349e-05,-0.0031036429744748,0.5412913753723904,discharge,0.6469815856502475,1.0601048761135838e-05,3.5186210432451945,1
3.653584163004536,-0.0027884791609758,8.261948041986944,0.0004,0.0,4020.0,8.42976549266794e-05,-0.0031036429744748,0.541290988083618,discharge,0.646981242424589,1.1459730193847873e-05,3.5186177656442528,1
3.6536684606594623,-0.0028998811247058,8.25884439901247,0.0004,0.0,4021.0,8.42976549266794e-05,-0.0031036429744748,0.5412905853223506,discharge,0.646980885486792,1.2331097199196694e-05,3.518614467732249,1
3.6537527583143894,-0.0030112830884358,8.255740756037994,0.0004,0.0,4022.0,8.429765492712349e-05,-0.0031036429744748,0.5412901670885883,discharge,0.6469805148368565,1.3214519539520127e-05,3.5186111501394595,1
3.653837055969317,-0.0031226850521658,8.25263711306352,0.0004,0.0,4023.0,8.429765492712349e-05,-0.0031036429744748,0.541289733382331,discharge,0.6469801304747825,1.4109398288277867e-05,3.518607813464858,1
3.653921353624243,-0.0032340870158958,8.249533470089045,0.0004,0.0,4024.0,8.42976549266794e-05,-0.0031036429744748,0.5412892842035789,discharge,0.64697973240057,1.5015164274469496e-05,3.518604458277649,1
3.654020092135608,-0.0029860129887033,8.245759717648257,0.0003846153846153,0.0,4025.0,9.87385113644379e-05,-0.0037737524407877,0.5412888694795527,discharge,0.6469793648610564,1.575268371411871e-05,3.51860847783851,1
3.654118830646972,-0.0027379389615109,8.24198596520747,0.0003692307692307,0.0,4026.0,9.87385113644379e-05,-0.0037737524407877,0.5412884892102524,discharge,0.6469790278562416,1.6330315339873877e-05,3.5186126742688044,1
3.654217569158337,-0.0024898649343185,8.238212212766681,0.0003538461538461,0.0,4027.0,9.87385113644379e-05,-0.0037737524407877,0.5412881433956782,discharge,0.6469787213861257,1.675600261041233e-05,3.518617039624986,1
3.654316307669701,-0.0022417909071261,8.234438460325894,0.0003384615384615,0.0,4028.0,9.87385113644379e-05,-0.0037737524407877,0.54128783203583,discharge,0.6469784454507085,1.7037294341854092e-05,3.5186215663581684,1
3.6544150461810654,-0.0019937168799337,8.230664707885106,0.0003230769230769,0.0,4029.0,9.87385113644379e-05,-0.0037737524407877,0.5412875551307077,discharge,0.6469782000499902,1.7181364314176954e-05,3.518626247294504,1
3.65451378469243,-0.0017456428527413,8.226890955444318,0.0003076923076923,0.0,4030.0,9.87385113644379e-05,-0.0037737524407877,0.5412873126803115,discharge,0.6469779851839706,1.7195029903556408e-05,3.5186310756165584,1
3.6546125232037943,-0.0014975688255489,8.22311720300353,0.0002923076923076,0.0,4031.0,9.87385113644379e-05,-0.0037737524407877,0.5412871046846414,discharge,0.64697780085265,1.708476978902387e-05,3.518636044845592,1
3.6547112617151583,-0.0012494947983565,8.219343450562743,0.000276923076923,0.0,4032.0,9.87385113644379e-05,-0.0037737524407877,0.5412869311436972,discharge,0.6469776470560281,1.6856740779432434e-05,3.5186411488247673,1
3.654810000226523,-0.0010014207711641,8.215569698121955,0.0002615384615384,0.0,4033.0,9.87385113644379e-05,-0.0037737524407877,0.541286792057479,discharge,0.6469775237941051,1.6516793804434537e-05,3.518646381703109,1
3.654908738737888,-0.0007533467439717,8.211795945681168,0.0002461538461538,0.0,4034.0,9.87385113644379e-05,-0.0037737524407877,0.5412866874259867,discharge,0.6469774310668809,1.607048911100464e-05,3.5186517379203384,1
3.655007477249252,-0.0005052727167793,8.20802219324038,0.0002307692307692,0.0,4035.0,9.87385113644379e-05,-0.0037737524407877,0.5412866172492206,discharge,0.6469773688743555,1.5523110704976616e-05,3.5186572121924264,1
3.655106215760617,-0.0002571986895869,8.204248440799592,0.0002153846153846,0.0,4036.0,9.87385113644379e-05,-0.0037737524407877,0.5412865815271803,discharge,0.646977337216529,1.4879680075104566e-05,3.518662799497874,1
3.655204954271981,-9.12466239456869e-06,8.200474688358804,0.0002,0.0,4037.0,9.87385113644379e-05,-0.0037737524407877,0.5412865802598661,discharge,0.6469773360934012,1.4144969235292459e-05,3.518668495064661,1
3.655295837715289,-0.0001292949124557,8.197551832322155,0.0002,0.0,4038.0,9.088344330798748e-05,-0.0029228560366494,0.5412865623022394,discharge,0.6469773201788726,1.3506462221008224e-05,3.5186667213161953,1
3.6553867211585978,-0.000249465162517,8.194628976285504,0.0002,0.0,4039.0,9.088344330843157e-05,-0.0029228560366512,0.5412865276543001,discharge,0.646977289472943,1.295937948655631e-05,3.5186648479175813,1
3.6554776046019057,-0.0003696354125782,8.191706120248853,0.0002,0.0,4040.0,9.088344330798748e-05,-0.0029228560366512,0.5412864763160483,discharge,0.6469772439756125,1.249917894100887e-05,3.5186628794109094,1
3.6555684880452137,-0.0004898056626394,8.188783264212203,0.0002,0.0,4041.0,9.088344330798748e-05,-0.0029228560366494,0.5412864082874841,discharge,0.6469771836868812,1.2121544151108416e-05,3.5186608201126184,1
3.6556593714885217,-0.0006099759127006,8.185860408175554,0.0002,0.0,4042.0,9.088344330843157e-05,-0.0029228560366494,0.5412863235686074,discharge,0.6469771086067488,1.1822373130267154e-05,3.5186586741246972,1
3.6557502549318297,-0.0007301461627619,8.182937552138903,0.0002,0.0,4043.0,9.088344330798748e-05,-0.0029228560366512,0.5412862221594181,discharge,0.6469770187352156,1.159776768454521e-05,3.518656445345356,1
3.655841138375138,-0.0008503164128231,8.180014696102251,0.0002,0.0,4044.0,9.088344330843157e-05,-0.0029228560366512,0.5412861040599164,discharge,0.6469769140722815,1.1444023287935915e-05,3.518654137479127,1
3.655932021818446,-0.0009704866628843,8.177091840065602,0.0002,0.0,4045.0,9.088344330798748e-05,-0.0029228560366494,0.541285969270102,discharge,0.6469767946179464,1.1357619460661916e-05,3.518651754046501,1
3.656022905261754,-0.0010906569129455,8.174168984028952,0.0002,0.0,4046.0,9.088344330798748e-05,-0.0029228560366494,0.5412858177899753,discharge,0.6469766603722105,1.1335210625491306e-05,3.5186492983930733,1
3.6561137887050625,-0.0012108271630068,8.171246127992301,0.0002,0.0,4047.0,9.088344330843157e-05,-0.0029228560366512,0.541285649619536,discharge,0.6469765113350736,1.1373617418325338e-05,3.5186467736982214,1
3.6562046721483705,-0.001330997413068,8.16832327195565,0.0002,0.0,4048.0,9.088344330798748e-05,-0.0029228560366512,0.5412854647587841,discharge,0.6469763475065358,1.1469818430488557e-05,3.5186441829833726,1
3.6562955555916785,-0.0014511676631292,8.165400415919,0.0002,0.0,4049.0,9.088344330798748e-05,-0.0029228560366494,0.5412852632077199,discharge,0.646976168886597,1.1620942361274244e-05,3.518641529119846,1
3.656386439034987,-0.0015713379131904,8.162477559882351,0.0002,0.0,4050.0,9.088344330843157e-05,-0.0029228560366494,0.541285044966343,discharge,0.6469759754752574,1.1824260560362581e-05,3.518638814836311,1
3.656477322478295,-0.0016915081632517,8.1595547038457,0.0002,0.0,4051.0,9.088344330798748e-05,-0.0029228560366512,0.5412848100346537,discharge,0.6469757672725168,1.2077179940742431e-05,3.5186360427258774,1
3.656561215328664,-0.0015254203771393,8.15700571650445,0.0002142857142857,0.0,4052.0,8.389285036924932e-05,-0.0025489873412496,0.5412845981707124,discharge,0.646975579513031,1.2235019096216837e-05,3.518639102225428,1
3.656645108179033,-0.0013593325910269,8.1544567291632,0.0002285714285714,0.0,4053.0,8.389285036880523e-05,-0.0025489873412496,0.5412844093745192,discharge,0.6469754121967999,1.2302501750371564e-05,3.5186422634504866,1
3.6567290010294022,-0.0011932448049145,8.151907741821951,0.0002428571428571,0.0,4054.0,8.389285036924932e-05,-0.0025489873412496,0.5412842436460741,discharge,0.6469752653238234,1.2284116945347984e-05,3.518645521911982,1
3.656812893879771,-0.0010271570188021,8.149358754480701,0.0002571428571428,0.0,4055.0,8.389285036880523e-05,-0.0025489873412496,0.541284100985377,discharge,0.6469751388941017,1.218413070115787e-05,3.518648873343869,1
3.65689678673014,-0.0008610692326897,8.146809767139452,0.0002714285714285,0.0,4056.0,8.389285036924932e-05,-0.0025489873412496,0.541283981392428,discharge,0.6469750329076348,1.2006597095746522e-05,3.518652313692047,1
3.656980679580509,-0.0006949814465773,8.144260779798202,0.0002857142857142,0.0,4057.0,8.389285036880523e-05,-0.0025489873412496,0.5412838848672271,discharge,0.6469749473644225,1.1755368794582279e-05,3.5186558391038365,1
3.6570645724308783,-0.0005288936604649,8.14171179245695,0.0003,0.0,4058.0,8.389285036924932e-05,-0.0025489873412514,0.5412838114097742,discharge,0.646974882264465,1.143410705712072e-05,3.5186594459179643,1
3.657148465281248,-0.0003628058743526,8.139162805115701,0.0003142857142857,0.0,4059.0,8.389285036924932e-05,-0.0025489873412496,0.5412837610200696,discharge,0.6469748376077622,1.1046291246133273e-05,3.5186631306550593,1
3.657232358131616,-0.0001967180882402,8.136613817774451,0.0003285714285714,0.0,4060.0,8.389285036880523e-05,-0.0025489873412496,0.5412837336981129,discharge,0.6469748133943141,1.0595227864598356e-05,3.518666890008609,1
3.6573162509819857,-3.0630302127842624e-05,8.134064830433202,0.0003428571428571,0.0,4061.0,8.389285036924932e-05,-0.0025489873412496,0.5412837294439041,discharge,0.6469748096241207,1.0084059143626976e-05,3.5186707208363766,1
3.6574001438323545,0.0001354574839845,8.131515843091952,0.0003571428571428,0.0,4062.0,8.389285036880523e-05,-0.0025489873412496,0.5412837482574435,discharge,0.6469748262971821,9.51577120372747e-06,3.5186746201522436,1
3.657484036682724,0.0003015452700969,8.128966855750702,0.0003714285714285,0.0,4063.0,8.389285036924932e-05,-0.0025489873412496,0.5412837901387311,discharge,0.6469748634134982,8.89320181060682e-06,3.518678585118444,1
3.657567929533093,0.0004676330562093,8.126417868409453,0.0003857142857142,0.0,4064.0,8.389285036880523e-05,-0.0025489873412496,0.5412838550877668,discharge,0.646974920973069,8.21904774565259e-06,3.5186826130382047,1
3.6576518223834618,0.0006337208423217,8.123868881068203,0.0004,0.0,4065.0,8.389285036924932e-05,-0.0025489873412496,0.5412839431045504,discharge,0.6469749989758945,7.495871810238533e-06,3.5186867013487366,1
3.657730159535117,0.0004512919368398,8.119718732259981,0.0003846153846153,0.0,4066.0,7.833715165528332e-05,-0.0041501488082218,0.541284005783986,discharge,0.6469750545240852,6.899257633278979e-06,3.51868368027623,1
3.657808496686772,0.0002688630313579,8.115568583451758,0.0003692307692307,0.0,4067.0,7.833715165483923e-05,-0.0041501488082236,0.5412840431260737,discharge,0.6469750876176411,6.422917442904832e-06,3.518680526442279,1
3.657886833838427,8.64341258760231e-05,8.111418434643536,0.0003538461538461,0.0,4068.0,7.833715165528332e-05,-0.0041501488082218,0.5412840551308136,discharge,0.6469750982565622,6.0608758528803755e-06,3.5186772458222753,1
3.657965170990082,-9.59947796058692e-05,8.107268285835314,0.0003384615384615,0.0,4069.0,7.833715165483923e-05,-0.0041501488082218,0.5412840417982052,discharge,0.6469750864408484,5.807454342831594e-06,3.518673844094724,1
3.6580435081417377,-0.0002784236850877,8.10311813702709,0.0003230769230769,0.0,4070.0,7.833715165528332e-05,-0.0041501488082236,0.541284003128249,discharge,0.6469750521704999,5.657256509519198e-06,3.5186703266560393,1
3.658121845293393,-0.0004608525905696,8.098967988218869,0.0003076923076923,0.0,4071.0,7.833715165528332e-05,-0.0041501488082218,0.5412839391209447,discharge,0.6469749954455166,5.605154050849972e-06,3.5186666986345214,1
3.6582001824450474,-0.0006432814960515,8.094817839410647,0.0002923076923076,0.0,4072.0,7.833715165483923e-05,-0.0041501488082218,0.5412838497762924,discharge,0.6469749162658985,5.646273446222576e-06,3.518662964903714,1
3.6582785195967022,-0.0008257104015334,8.090667690602425,0.000276923076923,0.0,4073.0,7.833715165528332e-05,-0.0041501488082218,0.5412837350942923,discharge,0.6469748146316456,5.77598329861324e-06,3.5186591300950143,1
3.658356856748358,-0.0010081393070153,8.086517541794201,0.0002615384615384,0.0,4074.0,7.833715165528332e-05,-0.0041501488082236,0.5412835950749441,discharge,0.6469746905427579,5.989882305524979e-06,3.518655198609745,1
3.658435193900013,-0.0011905682124972,8.08236739298598,0.0002461538461538,0.0,4075.0,7.833715165483923e-05,-0.0041501488082218,0.5412834297182478,discharge,0.6469745439992354,6.283787827557513e-06,3.5186511746305786,1
3.658513531051668,-0.0013729971179791,8.078217244177758,0.0002307692307692,0.0,4076.0,7.833715165528332e-05,-0.0041501488082218,0.5412832390242037,discharge,0.646974375001078,6.653725024907222e-06,3.518647062132366,1
3.658591868203323,-0.001555426023461,8.074067095369534,0.0002153846153846,0.0,4077.0,7.833715165483923e-05,-0.0041501488082236,0.5412830229928116,discharge,0.6469741835482858,7.095916533581558e-06,3.518642864892509,1
3.6586702053549782,-0.0017378549289429,8.069916946561312,0.0002,0.0,4078.0,7.833715165528332e-05,-0.0041501488082218,0.5412827816240714,discharge,0.6469739696408588,7.6067726545141065e-06,3.518638586500744,1
3.658752174678124,-0.001622693120541,8.06765848031252,0.0002142857142857,0.0,4079.0,8.196932314552541e-05,-0.0022584662487918,0.5412825562500269,discharge,0.6469737699083585,8.035034643801818e-06,3.5186403504004176,1
3.6588341440012697,-0.0015075313121391,8.065400014063727,0.0002285714285714,0.0,4080.0,8.19693231459695e-05,-0.0022584662487936,0.541282346870678,discharge,0.6469735843507848,8.384805897793248e-06,3.5186422006738214,1
3.6589161133244152,-0.0013923695037372,8.063141547814933,0.0002428571428571,0.0,4081.0,8.196932314552541e-05,-0.0022584662487936,0.5412821534860246,discharge,0.6469734129681377,8.659985950150124e-06,3.5186441334214082,1
3.658998082647561,-0.0012772076953354,8.060883081566141,0.0002571428571428,0.0,4082.0,8.19693231459695e-05,-0.0022584662487918,0.541281976096067,discharge,0.6469732557604173,8.864280600041588e-06,3.5186461449373616,1
3.6590800519707063,-0.0011620458869335,8.058624615317349,0.0002714285714285,0.0,4083.0,8.196932314552541e-05,-0.0022584662487918,0.5412818147008049,discharge,0.6469731127276235,9.00121153715486e-06,3.5186482316999763,1
3.6591620212938527,-0.0010468840785316,8.056366149068555,0.0002857142857142,0.0,4084.0,8.19693231459695e-05,-0.0022584662487936,0.5412816693002385,discharge,0.6469729838697563,9.074125488521682e-06,3.518650390362504,1
3.6592439906169982,-0.0009317222701298,8.054107682819762,0.0003,0.0,4085.0,8.196932314552541e-05,-0.0022584662487936,0.5412815398943676,discharge,0.6469728691868158,9.086202910917012e-06,3.5186526177444777,1
3.659325959940144,-0.0008165604617279,8.05184921657097,0.0003142857142857,0.0,4086.0,8.196932314552541e-05,-0.0022584662487918,0.5412814264831923,discharge,0.6469727686788019,9.040466251406578e-06,3.5186549108234355,1
3.6594079292632897,-0.000701398653326,8.049590750322178,0.0003285714285714,0.0,4087.0,8.19693231459695e-05,-0.0022584662487918,0.5412813290667127,discharge,0.6469726823457147,8.939787797498738e-06,3.518657266727074,1
3.6594898985864353,-0.0005862368449241,8.047332284073384,0.0003428571428571,0.0,4088.0,8.196932314552541e-05,-0.0022584662487936,0.5412812476449287,discharge,0.646972610187554,8.786897137289203e-06,3.518659682725796,1
3.659571867909581,-0.0004710750365223,8.04507381782459,0.0003571428571428,0.0,4089.0,8.19693231459695e-05,-0.0022584662487936,0.5412811822178403,discharge,0.64697255220432,8.58438824897504e-06,3.518662156225626,1
3.6596538372327263,-0.0003559132281204,8.042815351575799,0.0003714285714285,0.0,4090.0,8.196932314552541e-05,-0.0022584662487918,0.5412811327854474,discharge,0.6469725083960127,8.33472623815113e-06,3.5186646847614433,1
3.6597358065558727,-0.0002407514197185,8.040556885327007,0.0003857142857142,0.0,4091.0,8.19693231459695e-05,-0.0022584662487918,0.5412810993477504,discharge,0.646972478762632,8.040253740388265e-06,3.518667265990608,1
3.6598177758790182,-0.0001255896113167,8.038298419078213,0.0004,0.0,4092.0,8.196932314552541e-05,-0.0022584662487936,0.5412810819047487,discharge,0.6469724633041779,7.7031970057217e-06,3.5186698976868733,1
3.659897720284929,-5.9370895114200015e-05,8.033958796476755,0.0004,0.0,4093.0,7.994440591030383e-05,-0.0043396226014582,0.5412810736587911,discharge,0.6469724559963899,7.349987319485119e-06,3.5186715712069274,1
3.659977664690839,6.847821088299983e-06,8.029619173875295,0.0004,0.0,4094.0,7.994440591030383e-05,-0.00433962260146,0.5412810746098773,discharge,0.646972456839268,6.981427183759126e-06,3.5186732646101246,1
3.660057609096749,7.306653729079998e-05,8.025279551273837,0.0004,0.0,4095.0,7.994440591030383e-05,-0.0043396226014582,0.5412810847580076,discharge,0.6469724658328121,6.598279231156101e-06,3.518674977133823,1
3.660137553502659,0.0001392852534932,8.020939928672378,0.0004,0.0,4096.0,7.994440591030383e-05,-0.0043396226014582,0.5412811041031818,discharge,0.6469724829770223,6.201268205593302e-06,3.518676708053285,1
3.6602174979085698,0.0002055039696957,8.016600306070918,0.0004,0.0,4097.0,7.994440591030383e-05,-0.00433962260146,0.5412811326453997,discharge,0.6469725082718986,5.791082844658082e-06,3.5186784566797735,1
3.66029744231448,0.0002717226858983,8.01226068346946,0.0004,0.0,4098.0,7.994440591030383e-05,-0.0043396226014582,0.5412811703846616,discharge,0.6469725417174409,5.368377668454731e-06,3.51868022235877,1
3.6603773867203904,0.0003379414021007,8.007921060868002,0.0004,0.0,4099.0,7.994440591030383e-05,-0.0043396226014582,0.5412812173209673,discharge,0.6469725833136493,4.933774679578844e-06,3.518682004468268,1
3.6604573311263007,0.0004041601183032,8.003581438266544,0.0004,0.0,4100.0,7.994440591030383e-05,-0.0043396226014582,0.5412812734543171,discharge,0.6469726330605238,4.487864978634057e-06,3.5186838024171836,1
3.660537275532211,0.0004703788345058,7.9992418156650835,0.0004,0.0,4101.0,7.994440591030383e-05,-0.00433962260146,0.5412813387847109,discharge,0.6469726909580643,4.031210299488016e-06,3.5186856156437707,1
3.6606172199381217,0.0005365975507082,7.994902193063625,0.0004,0.0,4102.0,7.994440591030383e-05,-0.0043396226014582,0.5412814133121484,discharge,0.6469727570062709,3.564344468254591e-06,3.518687443614212,1
3.660697164344032,0.0006028162669107,7.990562570462166,0.0004,0.0,4103.0,7.994440591030383e-05,-0.0043396226014591,0.54128149703663,discharge,0.6469728312051436,3.0877747897912993e-06,3.5186892858212118,1
3.660777108749942,0.0006690349831133,7.986222947860708,0.0004,0.0,4104.0,7.994440591030383e-05,-0.0043396226014582,0.5412815899581555,discharge,0.6469729135546823,2.6019833653139646e-06,3.518691141782669,1
3.660857053155852,0.0007352536993158,7.981883325259249,0.0004,0.0,4105.0,7.994440591030383e-05,-0.0043396226014591,0.5412816920767248,discharge,0.6469730040548871,2.1074283445503197e-06,3.518693011040438,1
3.660934935088058,0.000686605265235,7.979282344629988,0.0004,0.0,4106.0,7.788193220559236e-05,-0.0026009806292606,0.5412817874385671,discharge,0.6469730885670999,1.6616127832844997e-06,3.5186925308857635,1
3.6610128170202634,0.0006379568311543,7.976681364000727,0.0004,0.0,4107.0,7.788193220559236e-05,-0.0026009806292615,0.5412818760436826,discharge,0.6469731670913208,1.2621152344214736e-06,3.5186920010830764,1
3.6610906989524694,0.0005893083970736,7.974080383371466,0.0004,0.0,4108.0,7.788193220603645e-05,-0.0026009806292606,0.5412819578920711,discharge,0.6469732396275497,9.066345518727609e-07,3.5186914239335354,1
3.661168580884675,0.0005406599629928,7.971479402742205,0.0004,0.0,4109.0,7.788193220559236e-05,-0.0026009806292606,0.5412820329837327,discharge,0.6469733061757866,5.929839138278056e-07,3.5186908016239506,1
3.6612464628168806,0.0004920115289121,7.968878422112944,0.0004,0.0,4110.0,7.788193220559236e-05,-0.0026009806292615,0.5412821013186673,discharge,0.6469733667360316,3.1908514295775343e-07,3.5186901362324985,1
3.661324344749086,0.0004433630948314,7.966277441483683,0.0004,0.0,4111.0,7.788193220559236e-05,-0.0026009806292606,0.5412821628968749,discharge,0.6469734213082845,8.296330880004878e-08,3.518689429734101,1
3.661402226681292,0.0003947146607506,7.963676460854423,0.0004,0.0,4112.0,7.788193220603645e-05,-0.0026009806292606,0.5412822177183555,discharge,0.6469734698925456,-1.1725840169575011e-07,3.5186886840055833,1
3.661480108613498,0.0003460662266699,7.961075480225161,0.0004,0.0,4113.0,7.788193220559236e-05,-0.0026009806292615,0.5412822657831091,discharge,0.6469735124888146,-2.833635587835747e-07,3.5186879008304923,1
3.6615579905457034,0.0002974177925892,7.9584744995959005,0.0004,0.0,4114.0,7.788193220559236e-05,-0.0026009806292606,0.5412823070911359,discharge,0.6469735490970917,-4.170471223581732e-07,3.5186870819038076,1
3.661635872477909,0.0002487693585085,7.955873518966639,0.0004,0.0,4115.0,7.788193220559236e-05,-0.0026009806292615,0.5412823416424357,discharge,0.6469735797173768,-5.199198442464257e-07,3.51868622883626,1
3.6617137544101146,0.0002001209244277,7.953272538337378,0.0004,0.0,4116.0,7.788193220559236e-05,-0.0026009806292606,0.5412823694370086,discharge,0.6469736043496699,-5.935124517863374e-07,3.5186853431585887,1
3.6617916363423206,0.000151472490347,7.950671557708118,0.0004,0.0,4117.0,7.788193220603645e-05,-0.0026009806292606,0.5412823904748545,discharge,0.6469736229939711,-6.392796235599532e-07,3.518684426325472,1
3.6618695182745262,0.0001028240562663,7.948070577078856,0.0004,0.0,4118.0,7.788193220559236e-05,-0.0026009806292615,0.5412824047559734,discharge,0.6469736356502803,-6.586037676057927e-07,3.518683479719305,1
3.661947400206732,5.4175622185596944e-05,7.945469596449596,0.0004,0.0,4119.0,7.788193220559236e-05,-0.0026009806292606,0.5412824122803654,discharge,0.6469736423185976,-6.527986119244039e-07,3.5186825046538224,1
3.662020645938712,1.2603355268712562e-05,7.943873169836466,0.0004,0.0,4120.0,7.32457319805313e-05,-0.0015964266131298,0.5412824140308314,discharge,0.6469736438699073,-6.266281591625147e-07,3.5186816479007414,1
3.6620938916706938,-2.896891164817182e-05,7.942276743223337,0.0004,0.0,4121.0,7.324573198097539e-05,-0.0015964266131289,0.5412824100073714,discharge,0.6469736403042096,-5.81104186840067e-07,3.5186807689484905,1
3.662167137402674,-7.05411785650562e-05,7.940680316610207,0.0004,0.0,4122.0,7.32457319805313e-05,-0.0015964266131298,0.5412824002099856,discharge,0.6469736316215043,-5.171882059011793e-07,3.5186798687585816,1
3.662240383134655,-0.0001121134454819,7.939083889997078,0.0004,0.0,4123.0,7.324573198097539e-05,-0.0015964266131289,0.5412823846386736,discharge,0.6469736178217916,-4.3579395803061767e-07,3.518678948244758,1
3.6623136288666354,-0.0001536857123988,7.937487463383948,0.0004,0.0,4124.0,7.32457319805313e-05,-0.0015964266131298,0.5412823632934358,discharge,0.6469735989050716,-3.377897888998713e-07,3.518678008275364,1
3.662386874598616,-0.0001952579793157,7.935891036770819,0.0004,0.0,4125.0,7.32457319805313e-05,-0.0015964266131289,0.541282336174272,discharge,0.646973574871344,-2.2400090350706165e-07,3.5186770496756083,1
3.662460120330597,-0.0002368302462325,7.934294610157689,0.0004,0.0,4126.0,7.324573198097539e-05,-0.0015964266131298,0.5412823032811823,discharge,0.646973545720609,-9.521150946823756e-08,3.518676073229699,1
3.6625333660625774,-0.0002784025131494,7.93269818354456,0.0004,0.0,4127.0,7.32457319805313e-05,-0.0015964266131289,0.5412822646141666,discharge,0.6469735114528664,4.783314617332309e-08,3.5186750796828874,1
3.662606611794558,-0.0003199747800663,7.93110175693143,0.0004,0.0,4128.0,7.32457319805313e-05,-0.0015964266131298,0.5412822201732249,discharge,0.6469734720681164,2.0442484132915649e-07,3.5186740697433856,1
3.662679857526539,-0.0003615470469832,7.929505330318301,0.0004,0.0,4129.0,7.324573198097539e-05,-0.0015964266131289,0.5412821699583572,discharge,0.6469734275663589,3.738905394121643e-07,3.5186730440842426,1
3.662753103258519,-0.0004031193139001,7.9279089037051715,0.0004,0.0,4130.0,7.32457319805313e-05,-0.0015964266131298,0.5412821139695636,discharge,0.646973377947594,5.555906412698327e-07,3.518672003345063,1
3.662826348990501,-0.000444691580817,7.926312477092043,0.0004,0.0,4131.0,7.324573198097539e-05,-0.0015964266131289,0.5412820522068441,discharge,0.6469733232118217,7.489173239639466e-07,3.518670948133655,1
3.662899594722481,-0.0004862638477339,7.924716050478913,0.0004,0.0,4132.0,7.32457319805313e-05,-0.0015964266131298,0.5412819846701986,discharge,0.6469732633590418,9.53292962082139e-07,3.518669879027656,1
3.662976049145756,-0.0005602754380958,7.922390969368682,0.0004,0.0,4133.0,7.64544232749742e-05,-0.0023250811102304,0.5412819068541654,discharge,0.646973194396394,1.1842849542372369e-06,3.51866812945272,1
3.6630525035690313,-0.0006342870284578,7.920065888258452,0.0004,0.0,4134.0,7.645442327541829e-05,-0.0023250811102304,0.5412818187587449,discharge,0.6469731163238783,1.4405709613261132e-06,3.51866634951765,1
3.6631289579923063,-0.0007082986188197,7.917740807148221,0.0004,0.0,4135.0,7.64544232749742e-05,-0.0023250811102304,0.5412817203839366,discharge,0.6469730291414947,1.7208943399716097e-06,3.5186645404790995,1
3.6632054124155817,-0.0007823102091817,7.91541572603799,0.0004,0.0,4136.0,7.64544232749742e-05,-0.0023250811102313,0.541281611729741,discharge,0.6469729328492432,2.0240608786637083e-06,3.51866270353128,1
3.6632818668388567,-0.0008563217995437,7.91309064492776,0.0004,0.0,4137.0,7.645442327541829e-05,-0.0023250811102304,0.5412814927961578,discharge,0.6469728274471237,2.3489356960536015e-06,3.5186608398090886,1
3.663358321262132,-0.0009303333899056,7.910765563817529,0.0004,0.0,4138.0,7.64544232749742e-05,-0.0023250811102304,0.5412813635831869,discharge,0.6469727129351364,2.694440293345163e-06,3.5186589503910275,1
3.663434775685407,-0.0010043449802676,7.908440482707299,0.0004,0.0,4139.0,7.645442327541829e-05,-0.0023250811102304,0.5412812240908285,discharge,0.646972589313281,3.0595497531280384e-06,3.51865703630202,1
3.663511230108682,-0.0010783565706296,7.906115401597068,0.0004,0.0,4140.0,7.64544232749742e-05,-0.0023250811102304,0.5412810743190826,discharge,0.6469724565815579,3.443290077376476e-06,3.5186550985160814,1
3.663587684531957,-0.0011523681609915,7.903790320486838,0.0004,0.0,4141.0,7.64544232749742e-05,-0.0023250811102304,0.5412809142679491,discharge,0.6469723147399667,3.844735657700388e-06,3.518653137958817,1
3.663664138955233,-0.0012263797513535,7.901465239376607,0.0004,0.0,4142.0,7.645442327541829e-05,-0.0023250811102304,0.5412807439374281,discharge,0.6469721637885077,4.2630068712781586e-06,3.5186511555098696,1
3.663740593378507,-0.0013003913417155,7.899140158266376,0.0004,0.0,4143.0,7.64544232749742e-05,-0.0023250811102313,0.5412805633275195,discharge,0.6469720037271808,4.697267796226709e-06,3.5186491520051697,1
3.6638170478017824,-0.0013744029320774,7.896815077156146,0.0004,0.0,4144.0,7.64544232749742e-05,-0.0023250811102304,0.5412803724382234,discharge,0.646971834555986,5.146724040475429e-06,3.518647128239121,1
3.663893502225058,-0.0014484145224394,7.894489996045915,0.0004,0.0,4145.0,7.645442327541829e-05,-0.0023250811102304,0.5412801712695396,discharge,0.6469716562749231,5.610620678504968e-06,3.5186450849666566,1
3.663969956648333,-0.0015224261128014,7.892164914935685,0.0004,0.0,4146.0,7.64544232749742e-05,-0.0023250811102304,0.5412799598214685,discharge,0.6469714688839925,6.0882402905915295e-06,3.5186430229052177,1
3.6640275701195666,-0.0014667020633778,7.889655995919171,0.0003846153846153,0.0,4147.0,5.761347123378613e-05,-0.0025089190165141,0.5412797561128486,discharge,0.6469712883519704,6.5144465504582375e-06,3.51864361078432,1
3.6640851835908,-0.0014109780139542,7.887147076902656,0.0003692307692307,0.0,4148.0,5.761347123334204e-05,-0.0025089190165141,0.54127956014368,discharge,0.6469711146788568,6.891793748071758e-06,3.5186442513368745,1
3.6641427970620337,-0.0013552539645306,7.884638157886142,0.0003538461538461,0.0,4149.0,5.761347123378613e-05,-0.0025089190165141,0.5412793719139627,discharge,0.6469709478646518,7.2227092725655665e-06,3.5186449421354764,1
3.664200410533267,-0.001299529915107,7.882129238869628,0.0003384615384615,0.0,4150.0,5.761347123334204e-05,-0.0025089190165141,0.5412791914236967,discharge,0.6469707879093554,7.509499916857543e-06,3.5186456808733353,1
3.664258024004501,-0.0012438058656835,7.879620319853114,0.0003230769230769,0.0,4151.0,5.761347123378613e-05,-0.0025089190165141,0.541279018672882,discharge,0.6469706348129675,7.75435786904506e-06,3.5186464653582377,1
3.664315637475734,-0.0011880818162599,7.8771114008366,0.0003076923076923,0.0,4152.0,5.761347123378613e-05,-0.0025089190165141,0.5412788536615187,discharge,0.6469704885754881,7.959366406138674e-06,3.518647293506911,1
3.664373250946968,-0.0011323577668363,7.874602481820086,0.0002923076923076,0.0,4153.0,5.761347123334204e-05,-0.0025089190165132,0.5412786963896066,discharge,0.6469703491969173,8.126505304923148e-06,3.518648163339564,1
3.6644308644182018,-0.0010766337174127,7.872093562803572,0.000276923076923,0.0,4154.0,5.761347123378613e-05,-0.0025089190165141,0.5412785468571459,discharge,0.6469702166772551,8.257655983998865e-06,3.5186490729747777,1
3.664488477889435,-0.0010209096679892,7.869584643787058,0.0002615384615384,0.0,4155.0,5.761347123378613e-05,-0.0025089190165141,0.5412784050641364,discharge,0.6469700910165014,8.354606390359236e-06,3.518650020624589,1
3.664546091360669,-0.0009651856185656,7.867075724770544,0.0002461538461538,0.0,4156.0,5.761347123334204e-05,-0.0025089190165141,0.5412782710105783,discharge,0.6469699722146562,8.419055643195674e-06,3.518651004589878,1
3.6646037048319022,-0.000909461569142,7.86456680575403,0.0002307692307692,0.0,4157.0,5.761347123378613e-05,-0.0025089190165141,0.5412781446964714,discharge,0.6469698602717197,8.452618446991873e-06,3.518652023255934,1
3.664661318303136,-0.0008537375197184,7.8620578867375155,0.0002153846153846,0.0,4158.0,5.761347123334204e-05,-0.0025089190165141,0.541278026121816,discharge,0.6469697551876916,8.456829285368979e-06,3.5186530750882574,1
3.66471893177437,-0.0007980134702949,7.859548967721001,0.0002,0.0,4159.0,5.761347123378613e-05,-0.0025089190165141,0.5412779152866117,discharge,0.6469696569625721,8.433146406574524e-06,3.5186541586286113,1
3.6647889988767552,-0.0008363280298011,7.858152340684634,0.0002142857142857,0.0,4160.0,7.006710238544045e-05,-0.0013966270363674,0.5412777991299409,discharge,0.6469695540214268,8.429675356887845e-06,3.5186533385623755,1
3.6648590659791407,-0.0008746425893073,7.856755713648266,0.0002285714285714,0.0,4161.0,7.006710238544045e-05,-0.0013966270363674,0.5412776776518036,discharge,0.6469694463642555,8.445411983300652e-06,3.5186524966658808,1
3.664929133081526,-0.0009129571488136,7.855359086611899,0.0002428571428571,0.0,4162.0,7.006710238544045e-05,-0.0013966270363674,0.5412775508521994,discharge,0.6469693339910583,8.479402020583716e-06,3.5186516338934117,1
3.664999200183912,-0.0009512717083198,7.8539624595755315,0.0002571428571428,0.0,4163.0,7.006710238588454e-05,-0.0013966270363674,0.5412774187311289,discharge,0.6469692169018352,8.530738612789455e-06,3.5186507511518146,1
3.6650692672862974,-0.000989586267826,7.852565832539164,0.0002714285714285,0.0,4164.0,7.006710238544045e-05,-0.0013966270363674,0.5412772812885918,discharge,0.6469690950965862,8.598559957890141e-06,3.518649849302901,1
3.665139334388683,-0.0010279008273323,7.851169205502797,0.0002857142857142,0.0,4165.0,7.006710238544045e-05,-0.0013966270363674,0.5412771385245878,discharge,0.6469689685753113,8.682047069433775e-06,3.5186489291656646,1
3.665209401491068,-0.0010662153868385,7.849772578466428,0.0003,0.0,4166.0,7.006710238544045e-05,-0.0013966270363683,0.5412769904391175,discharge,0.6469688373380105,8.780421649403981e-06,3.518647991518407,1
3.6652794685934538,-0.0011045299463447,7.848375951430061,0.0003142857142857,0.0,4167.0,7.006710238544045e-05,-0.0013966270363674,0.5412768370321805,discharge,0.6469687013846838,8.892944066759618e-06,3.5186470371007545,1
3.665349535695839,-0.001142844505851,7.846979324393693,0.0003285714285714,0.0,4168.0,7.006710238544045e-05,-0.0013966270363674,0.541276678303777,discharge,0.6469685607153313,9.018911436403315e-06,3.5186460666156116,1
3.6654196027982247,-0.0011811590653572,7.845582697357326,0.0003428571428571,0.0,4169.0,7.006710238544045e-05,-0.0013966270363674,0.5412765142539068,discharge,0.6469684153299529,9.157655793589507e-06,3.51864508073094,1
3.6654896699006105,-0.0012194736248634,7.8441860703209585,0.0003571428571428,0.0,4170.0,7.006710238588454e-05,-0.0013966270363674,0.5412763448825699,discharge,0.6469682652285486,9.308542359030814e-06,3.5186440800815264,1
3.665559737002996,-0.0012577881843697,7.842789443284591,0.0003714285714285,0.0,4171.0,7.006710238544045e-05,-0.0013966270363674,0.5412761701897666,discharge,0.6469681104111183,9.470967890196304e-06,3.5186430652706204,1
3.6656298041053814,-0.0012961027438759,7.841392816248224,0.0003857142857142,0.0,4172.0,7.006710238544045e-05,-0.0013966270363674,0.5412759901754967,discharge,0.6469679508776622,9.644359114519515e-06,3.5186420368715003,1
3.665699871207767,-0.0013344173033822,7.839996189211856,0.0004,0.0,4173.0,7.006710238544045e-05,-0.0013966270363674,0.54127580483976,discharge,0.6469677866281802,9.828171240447313e-06,3.518640995428956,1
3.665766570677491,-0.0013696020097541,7.838529719819091,0.0004,0.0,4174.0,6.669946972470697e-05,-0.0014664693927652,0.5412756146172586,discharge,0.6469676180479167,1.002033158599351e-05,3.5186400058269864,1
3.665833270147216,-0.001404786716126,7.837063250426326,0.0004,0.0,4175.0,6.669946972426288e-05,-0.0014664693927652,0.5412754195079925,discharge,0.6469674451368717,1.0220425399489713e-05,3.518639005883274,1
3.665899969616941,-0.0014399714224979,7.83559678103356,0.0004,0.0,4176.0,6.669946972470697e-05,-0.0014664693927652,0.5412752195119617,discharge,0.6469672678950451,1.0428058534732443e-05,3.518637995991978,1
3.665966669086665,-0.0014751561288698,7.834130311640796,0.0004,0.0,4177.0,6.669946972426288e-05,-0.0014664693927644,0.541275014629166,discharge,0.646967086322437,1.064285642727373e-05,3.5186369765276635,1
3.6660333685563895,-0.0015103408352417,7.832663842248031,0.0004,0.0,4178.0,6.669946972470697e-05,-0.0014664693927652,0.5412748048596054,discharge,0.6469669004190475,1.086446312157107e-05,3.518635947846298,1
3.6661000680261138,-0.0015455255416136,7.831197372855265,0.0004,0.0,4179.0,6.669946972426288e-05,-0.0014664693927652,0.5412745902032803,discharge,0.6469667101848764,1.1092540346469996e-05,3.5186349102861594,1
3.6661667674958385,-0.0015807102479855,7.8297309034625,0.0004,0.0,4180.0,6.669946972470697e-05,-0.0014664693927652,0.5412743706601902,discharge,0.6469665156199238,1.1326766636618005e-05,3.5186338641687076,1
3.666233466965563,-0.0016158949543574,7.828264434069735,0.0004,0.0,4181.0,6.669946972470697e-05,-0.0014664693927652,0.5412741462303354,discharge,0.6469663167241897,1.1566836497527927e-05,3.5186328097994615,1
3.666300166435287,-0.0016510796607293,7.826797964676969,0.0004,0.0,4182.0,6.669946972426288e-05,-0.0014664693927652,0.541273916913716,discharge,0.6469661134976741,1.1812459612122151e-05,3.518631747468731,1
3.666366865905012,-0.0016862643671012,7.825331495284204,0.0004,0.0,4183.0,6.669946972470697e-05,-0.0014664693927652,0.5412736827103316,discharge,0.6469659059403768,1.2063360086696888e-05,3.518630677452425,1
3.666433565374736,-0.0017214490734731,7.82386502589144,0.0004,0.0,4184.0,6.669946972426288e-05,-0.0014664693927644,0.5412734436201825,discharge,0.6469656940522981,1.2319275734348023e-05,3.518629600012729,1
3.666500264844461,-0.001756633779845,7.822398556498674,0.0004,0.0,4185.0,6.669946972470697e-05,-0.0014664693927652,0.5412731996432687,discharge,0.6469654778334378,1.2579957393997412e-05,3.5186285153988206,1
3.6665669643141854,-0.0017918184862169,7.820932087105909,0.0004,0.0,4186.0,6.669946972426288e-05,-0.0014664693927652,0.54127295077959,discharge,0.6469652572837961,1.2845168283250936e-05,3.518627423847485,1
3.66663366378391,-0.0018270031925888,7.819465617713144,0.0004,0.0,4187.0,6.669946972470697e-05,-0.0014664693927652,0.5412726970291466,discharge,0.6469650324033728,1.3114683383407519e-05,3.518626325583753,1
3.666707985744011,-0.00172843292533,7.818669102006483,0.0004,0.0,4188.0,7.43219601009315e-05,-0.0007965157066607,0.5412724569690182,discharge,0.6469648196556724,1.3321837442619094e-05,3.5186279715275823,1
3.666782307704112,-0.0016298626580712,7.817872586299822,0.0004,0.0,4189.0,7.43219601009315e-05,-0.0007965157066607,0.5412722305992046,discharge,0.6469646190406949,1.3469728647919167e-05,3.5186296834812905,1
3.666856629664213,-0.0015312923908123,7.817076070593162,0.0004,0.0,4190.0,7.432196010048742e-05,-0.0007965157066607,0.5412720179197059,discharge,0.6469644305584402,1.3561301263912237e-05,3.518631458500599,1
3.666930951624314,-0.0014327221235535,7.816279554886501,0.0004,0.0,4191.0,7.43219601009315e-05,-0.0007965157066607,0.5412718189305221,discharge,0.6469642542089085,1.3599353279863643e-05,3.518633293787498,1
3.6670052735844143,-0.0013341518562947,7.81548303917984,0.0004,0.0,4192.0,7.43219601009315e-05,-0.0007965157066607,0.5412716336316532,discharge,0.6469640899920995,1.358654367687059e-05,3.5186351866829955,1
3.6670795955445152,-0.0012355815890359,7.8146865234731795,0.0004,0.0,4193.0,7.43219601009315e-05,-0.0007965157066607,0.5412714620230992,discharge,0.6469639379080135,1.3525399333989758e-05,3.5186371346601892,1
3.667153917504616,-0.0011370113217771,7.813890007766518,0.0004,0.0,4194.0,7.432196010048742e-05,-0.0007965157066616,0.54127130410486,discharge,0.6469637979566504,1.3418321591258437e-05,3.5186391353177275,1
3.6672282394647167,-0.0010384410545184,7.813093492059857,0.0004,0.0,4195.0,7.43219601009315e-05,-0.0007965157066607,0.5412711598769359,discharge,0.64696367013801,1.3267592486655278e-05,3.5186411863735505,1
3.6673025614248176,-0.0009398707872595,7.812296976353196,0.0004,0.0,4196.0,7.43219601009315e-05,-0.0007965157066607,0.5412710293393266,discharge,0.6469635544520926,1.3075380683199542e-05,3.518643285659002,1
3.6673768833849185,-0.0008413005200007,7.811500460646536,0.0004,0.0,4197.0,7.43219601009315e-05,-0.0007965157066607,0.5412709124920321,discharge,0.6469634508988981,1.284374710158395e-05,3.518645431113131,1
3.667451205345019,-0.0007427302527419,7.810703944939875,0.0004,0.0,4198.0,7.432196010048742e-05,-0.0007965157066607,0.5412708093350526,discharge,0.6469633594784264,1.2574650272969652e-05,3.51864762077741,1
3.66752552730512,-0.0006441599854831,7.809907429233214,0.0004,0.0,4199.0,7.43219601009315e-05,-0.0007965157066607,0.5412707198683879,discharge,0.6469632801906776,1.2269951425846833e-05,3.518649852790594,1
3.667599849265221,-0.0005455897182244,7.8091109135265535,0.0004,0.0,4200.0,7.43219601009315e-05,-0.0007965157066607,0.5412706440920383,discharge,0.6469632130356517,1.1931419320172694e-05,3.5186521253839214,1
3.667665387244115,-0.0004652244898308,7.807090576016946,0.0004,0.0,4201.0,6.55379788940813e-05,-0.0020203375096077,0.5412705794775258,discharge,0.6469631557725443,1.156977936890335e-05,3.5186540624851026,1
3.667730925223009,-0.0003848592614373,7.805070238507339,0.0004,0.0,4202.0,6.55379788940813e-05,-0.0020203375096068,0.5412705260248505,discharge,0.6469631084013552,1.1186179603349916e-05,3.5186560270468847,1
3.6677964632019022,-0.0003044940330438,7.803049900997731,0.0004,0.0,4203.0,6.553797889363722e-05,-0.0020203375096077,0.5412704837340127,discharge,0.6469630709220846,1.0781711018961506e-05,3.5186580179782663,1
3.6678620011807967,-0.0002241288046503,7.801029563488124,0.0004,0.0,4204.0,6.55379788940813e-05,-0.0020203375096068,0.5412704526050119,discharge,0.6469630433347324,1.0357410408949707e-05,3.518660034242456,1
3.667927539159691,-0.0001437635762568,7.799009225978517,0.0004,0.0,4205.0,6.55379788940813e-05,-0.0020203375096077,0.5412704326378486,discharge,0.6469630256392987,9.914263057134407e-06,3.518662074854159,1
3.667993077138585,-6.339834786339994e-05,7.79698888846891,0.0004,0.0,4206.0,6.55379788940813e-05,-0.0020203375096068,0.5412704238325226,discharge,0.6469630178357835,9.453205297005198e-06,3.518664138877044,1
3.6680586151174785,1.696688053010006e-05,7.794968550959302,0.0004,0.0,4207.0,6.553797889363722e-05,-0.0020203375096077,0.5412704261890338,discharge,0.6469630199241867,8.975126943644684e-06,3.5186662254213052,1
3.6681241530963726,9.733210892360006e-05,7.792948213449694,0.0004,0.0,4208.0,6.55379788940813e-05,-0.0020203375096077,0.5412704397073822,discharge,0.6469630319045083,8.48087360483062e-06,3.5186683336413216,1
3.6681896910752663,0.0001776973373171,7.790927875940088,0.0004,0.0,4209.0,6.55379788940813e-05,-0.0020203375096068,0.5412704643875679,discharge,0.6469630537767483,7.971248877318926e-06,3.5186704627335024,1
3.668255229054161,0.0002580625657106,7.78890753843048,0.0004,0.0,4210.0,6.55379788940813e-05,-0.0020203375096077,0.541270500229591,discharge,0.6469630855409069,7.447016434012241e-06,3.5186726119341776,1
3.668320767033055,0.0003384277941041,7.786887200920873,0.0004,0.0,4211.0,6.55379788940813e-05,-0.0020203375096068,0.5412705472334512,discharge,0.6469631271969838,6.9089020074349e-06,3.518674780517614,1
3.668386305011949,0.0004187930224976,7.784866863411265,0.0004,0.0,4212.0,6.553797889363722e-05,-0.0020203375096077,0.5412706053991488,discharge,0.6469631787449792,6.357595274666002e-06,3.5186769677941427,1
3.6684518429908426,0.0004991582508911,7.782846525901658,0.0004,0.0,4213.0,6.55379788940813e-05,-0.0020203375096068,0.5412706747266837,discharge,0.646963240184893,5.793751648626264e-06,3.518679173108346,1
3.6685173809697367,0.0005795234792846,7.780826188392051,0.0004,0.0,4214.0,6.55379788940813e-05,-0.0020203375096077,0.5412707552160558,discharge,0.6469633115167254,5.2179939803711466e-06,3.5186813958373917,1
3.668574180050583,0.000382943765704,7.778830425657117,0.0003846153846153,0.0,4215.0,5.679908084621488e-05,-0.0019957627349338,0.5412708084026898,discharge,0.6469633586521417,4.7685044439426565e-06,3.5186779399441193,1
3.668630979131429,0.0001863640521234,7.776834662922183,0.0003692307692307,0.0,4216.0,5.679908084621488e-05,-0.0019957627349338,0.5412708342865861,discharge,0.6469633815911421,4.4390098552687805e-06,3.5186743506005564,1
3.668687778212275,-1.0215661457130737e-05,7.774838900187249,0.0003538461538461,0.0,4217.0,5.679908084577079e-05,-0.0019957627349338,0.5412708328677442,discharge,0.6469633803337265,4.223548691167926e-06,3.518670633768215,1
3.668744577293121,-0.0002067953750377,7.772843137452315,0.0003384615384615,0.0,4218.0,5.679908084621488e-05,-0.0019957627349338,0.5412708041461642,discharge,0.646963354879895,4.116455605583589e-06,3.518666795112442,1
3.6688013763739673,-0.0004033750886182,7.770847374717381,0.0003230769230769,0.0,4219.0,5.679908084621488e-05,-0.0019957627349338,0.5412707481218464,discharge,0.6469633052296475,4.112346715074756e-06,3.5186628400171256,1
3.6688581754548135,-0.0005999548021988,7.768851611982448,0.0003076923076923,0.0,4220.0,5.679908084621488e-05,-0.0019957627349338,0.5412706647947906,discharge,0.6469632313829841,4.206105615344756e-06,3.5186587735986836,1
3.6689149745356593,-0.0007965345157794,7.766855849247513,0.0002923076923076,0.0,4221.0,5.679908084577079e-05,-0.0019957627349347,0.5412705541649967,discharge,0.6469631333399046,4.3928700924889754e-06,3.5186546007193353,1
3.6689717736165055,-0.00099311422936,7.764860086512579,0.000276923076923,0.0,4222.0,5.679908084621488e-05,-0.0019957627349338,0.5412704162324649,discharge,0.6469630111004093,4.668019494447265e-06,3.518650325999762,1
3.669028572697352,-0.0011896939429405,7.762864323777645,0.0002615384615384,0.0,4223.0,5.679908084621488e-05,-0.0019957627349338,0.541270250997195,discharge,0.646962864664498,5.027162729860823e-06,3.518645953831067,1
3.669085371778198,-0.0013862736565211,7.760868561042711,0.0002461538461538,0.0,4224.0,5.679908084621488e-05,-0.0019957627349338,0.5412700584591872,discharge,0.6469626940321708,5.466126863163483e-06,3.5186414883862254,1
3.669142170859044,-0.0015828533701017,7.758872798307777,0.0002307692307692,0.0,4225.0,5.679908084577079e-05,-0.0019957627349338,0.5412698386184414,discharge,0.6469624992034275,5.980946276285126e-06,3.5186369336308805,1
3.66919896993989,-0.0017794330836823,7.756877035572844,0.0002153846153846,0.0,4226.0,5.679908084621488e-05,-0.0019957627349338,0.5412695914749575,discharge,0.6469622801782684,6.567852368817599e-06,3.5186322933336767,1
3.669255769020736,-0.0019760127972629,7.75488127283791,0.0002,0.0,4227.0,5.679908084621488e-05,-0.0019957627349338,0.5412693170287356,discharge,0.6469620369566933,7.223263769891288e-06,3.5186275710760246,1
3.669318476430692,-0.0018207588883495,7.753591145668544,0.0002142857142857,0.0,4228.0,6.270740995573121e-05,-0.0012901271693657,0.5412690641455566,discharge,0.646961812844863,7.768980985689598e-06,3.518630005811785,1
3.669381183840648,-0.0016655049794362,7.752301018499179,0.0002285714285714,0.0,4229.0,6.270740995573121e-05,-0.0012901271693648,0.5412688328254207,discharge,0.6469616078427775,8.210453782562229e-06,3.518632555418728,1
3.6694438912506033,-0.0015102510705228,7.751010891329813,0.0002428571428571,0.0,4230.0,6.270740995573121e-05,-0.0012901271693657,0.5412686230683275,discharge,0.6469614219504367,8.552861174555991e-06,3.5186352147178006,1
3.669506598660559,-0.0013549971616095,7.749720764160448,0.0002571428571428,0.0,4231.0,6.270740995573121e-05,-0.0012901271693657,0.5412684348742773,discharge,0.6469612551678408,8.80112487478242e-06,3.5186379787872593,1
3.669569306070515,-0.0011997432526962,7.748430636991082,0.0002714285714285,0.0,4232.0,6.270740995573121e-05,-0.0012901271693657,0.5412682682432699,discharge,0.6469611074949896,8.959922078501567e-06,3.5186408429498877,1
3.6696320134804705,-0.0010444893437828,7.747140509821717,0.0002857142857142,0.0,4233.0,6.270740995573121e-05,-0.0012901271693648,0.5412681231753056,discharge,0.6469609789318832,9.033697611123797e-06,3.5186438027608373,1
3.6696947208904263,-0.0008892354348695,7.745850382652352,0.0003,0.0,4234.0,6.27074099561753e-05,-0.0012901271693657,0.5412679996703841,discharge,0.6469608694785217,9.026675472681357e-06,3.518646853996086,1
3.6697574283003824,-0.0007339815259562,7.744560255482986,0.0003142857142857,0.0,4235.0,6.270740995573121e-05,-0.0012901271693657,0.5412678977285055,discharge,0.646960779134905,8.94286980875355e-06,3.5186499926414734,1
3.669820135710338,-0.0005787276170428,7.743270128313621,0.0003285714285714,0.0,4236.0,6.270740995573121e-05,-0.0012901271693648,0.5412678173496697,discharge,0.6469607079010331,8.78609533634057e-06,3.5186532148822662,1
3.669882843120294,-0.0004234737081295,7.741980001144255,0.0003428571428571,0.0,4237.0,6.270740995573121e-05,-0.0012901271693657,0.541267758533877,discharge,0.646960655776906,8.559977251764934e-06,3.518656517093267,1
3.6699455505302496,-0.0002682197992162,7.7406898739748895,0.0003571428571428,0.0,4238.0,6.270740995573121e-05,-0.0012901271693657,0.541267721281127,discharge,0.6469606227625236,8.267960646333705e-06,3.5186598958293636,1
3.670008257940206,-0.0001129658903028,7.739399746805524,0.0003714285714285,0.0,4239.0,6.270740995573121e-05,-0.0012901271693657,0.5412677055914201,discharge,0.6469606088578861,7.913319454217079e-06,3.51866334781662,1
3.670070965350161,4.228801861046397e-05,7.738109619636159,0.0003857142857142,0.0,4240.0,6.270740995573121e-05,-0.0012901271693648,0.5412677114647559,discharge,0.6469606140629933,7.4991649557835615e-06,3.5186668699437593,1
3.670133672760117,0.0001975419275238,7.736819492466793,0.0004,0.0,4241.0,6.270740995573121e-05,-0.0012901271693657,0.5412677389011348,discharge,0.6469606383778453,7.028453858476706e-06,3.518670459254075,1
3.670193872396656,6.362840823883077e-05,7.734404985412409,0.0003846153846153,0.0,4242.0,6.019963653924876e-05,-0.0024145070543841,0.5412677477384137,discharge,0.6469606462096781,6.647658551923708e-06,3.518668166134134,1
3.6702540720331953,-7.028511104613847e-05,7.731990478358025,0.0003692307692307,0.0,4243.0,6.019963653924876e-05,-0.0024145070543841,0.5412677379765927,discharge,0.6469606375584915,6.352311889123816e-06,3.5186657783996416,1
3.6703142716697346,-0.0002041986303311,7.729575971303641,0.0003538461538461,0.0,4244.0,6.019963653924876e-05,-0.0024145070543841,0.5412677096156717,discharge,0.6469606124242856,6.138168657423505e-06,3.5186633002958234,1
3.670374471306274,-0.000338112149616,7.727161464249257,0.0003384615384615,0.0,4245.0,6.019963653924876e-05,-0.0024145070543832,0.541267662655651,discharge,0.6469605708070604,6.001194552495929e-06,3.5186607358569817,1
3.670434670942813,-0.000472025668901,7.724746957194873,0.0003230769230769,0.0,4246.0,6.019963653924876e-05,-0.0024145070543841,0.5412675970965304,discharge,0.6469605127068159,5.937555700109227e-06,3.518658088916996,1
3.670494870579352,-0.000605939188186,7.722332450140489,0.0003076923076923,0.0,4247.0,6.019963653924876e-05,-0.0024145070543841,0.5412675129383098,discharge,0.6469604381235521,5.943608698468332e-06,3.518655363119272,1
3.670555070215891,-0.0007398527074709,7.719917943086105,0.0002923076923076,0.0,4248.0,6.019963653924876e-05,-0.0024145070543841,0.5412674101809893,discharge,0.646960347057269,6.015891155267844e-06,3.5186525619262174,1
3.670615269852431,-0.0008737662267559,7.717503436031721,0.000276923076923,0.0,4249.0,6.019963653924876e-05,-0.0024145070543841,0.5412672888245689,discharge,0.6469602395079666,6.151112694877982e-06,3.5186496886282157,1
3.67067546948897,-0.0010076797460409,7.715088928977337,0.0002615384615384,0.0,4250.0,6.019963653924876e-05,-0.0024145070543841,0.5412671488690486,discharge,0.6469601154756448,6.346146412306306e-06,3.518646746352187,1
3.6707356691255097,-0.0011415932653258,7.712674421922953,0.0002461538461538,0.0,4251.0,6.019963653924876e-05,-0.0024145070543832,0.5412669903144285,discharge,0.6469599749603038,6.598020751739169e-06,3.5186437380697067,1
3.670795868762049,-0.0012755067846108,7.710259914868569,0.0002307692307692,0.0,4252.0,6.019963653924876e-05,-0.0024145070543841,0.5412668131607083,discharge,0.6469598179619435,6.903911788569167e-06,3.5186406666047145,1
3.670856068398588,-0.0014094203038958,7.707845407814185,0.0002153846153846,0.0,4253.0,6.019963653924876e-05,-0.0024145070543841,0.5412666174078884,discharge,0.6469596444805638,7.261135894862377e-06,3.518637534640858,1
3.670916268035127,-0.0015433338231808,7.705430900759801,0.0002,0.0,4254.0,6.019963653924876e-05,-0.0024145070543841,0.5412664030559684,discharge,0.6469594545161648,7.667142769216015e-06,3.518634344728464,1
3.670970659648472,-0.0013538479542284,7.704470178752748,0.0002142857142857,0.0,4255.0,5.4391613344861867e-05,-0.0009607220070524,0.5412662150215304,discharge,0.6469592878750214,7.958839302564681e-06,3.518637750083816,1
3.6710250512618168,-0.0011643620852761,7.703509456745696,0.0002285714285714,0.0,4256.0,5.4391613344861867e-05,-0.0009607220070524,0.5412660533045741,discharge,0.6469591445571337,8.141904598575243e-06,3.51864127704001,1
3.671079442875161,-0.0009748762163238,7.702548734738644,0.0002428571428571,0.0,4257.0,5.439161334441778e-05,-0.0009607220070515,0.5412659179050996,discharge,0.6469590245625014,8.221735614800922e-06,3.5186449202000736,1
3.671133834488506,-0.0007853903473715,7.701588012731592,0.0002571428571428,0.0,4258.0,5.4391613344861867e-05,-0.0009607220070524,0.5412658088231069,discharge,0.6469589278911247,8.203461180109805e-06,3.5186486744351506,1
3.671188226101851,-0.0005959044784192,7.700627290724539,0.0002714285714285,0.0,4259.0,5.4391613344861867e-05,-0.0009607220070524,0.541265726058596,discharge,0.6469588545430037,8.091955315707135e-06,3.5186525348712037,1
3.671242617715196,-0.0004064186094669,7.699666568717487,0.0002857142857142,0.0,4260.0,5.4391613344861867e-05,-0.0009607220070524,0.541265669611567,discharge,0.6469588045181383,7.891849894349851e-06,3.5186564968763383,1
3.6712970093285406,-0.0002169327405146,7.698705846710435,0.0003,0.0,4261.0,5.4391613344861867e-05,-0.0009607220070524,0.5412656394820197,discharge,0.6469587778165283,7.607546670632997e-06,3.518660556048804,1
3.671351400941885,-2.7446871562285865e-05,7.697745124703383,0.0003142857142857,0.0,4262.0,5.439161334441778e-05,-0.0009607220070515,0.5412656356699541,discharge,0.6469587744381741,7.243228713594014e-06,3.518664708205518,1
3.67140579255523,0.00016203899739,7.696784402696331,0.0003285714285714,0.0,4263.0,5.4391613344861867e-05,-0.0009607220070524,0.5412656581753705,discharge,0.6469587943830754,6.8028712713287074e-06,3.518668949371228,1
3.671460184168575,0.0003515248663423,7.695823680689278,0.0003428571428571,0.0,4264.0,5.4391613344861867e-05,-0.0009607220070524,0.5412657069982686,discharge,0.6469588376512322,6.290252095837241e-06,3.518673275768197,1
3.67151457578192,0.0005410107352946,7.694862958682226,0.0003571428571428,0.0,4265.0,5.4391613344861867e-05,-0.0009607220070524,0.5412657821386484,discharge,0.6469589042426447,5.708961254916872e-06,3.5186776838063585,1
3.671568967395264,0.0007304966042469,7.693902236675174,0.0003714285714285,0.0,4266.0,5.439161334441778e-05,-0.0009607220070515,0.5412658835965102,discharge,0.6469589941573127,5.062410456585571e-06,3.518682170074017,1
3.671623359008609,0.0009199824731992,7.692941514668122,0.0003857142857142,0.0,4267.0,5.4391613344861867e-05,-0.0009607220070524,0.5412660113718537,discharge,0.6469591073952363,4.353841910254757e-06,3.5186867313289736,1
3.671677750621954,0.0011094683421516,7.691980792661069,0.0004,0.0,4268.0,5.4391613344861867e-05,-0.0009607220070524,0.541266165464679,discharge,0.6469592439564155,3.586336747666054e-06,3.5186913644901296,1
3.6717359323611274,0.0009234866016038,7.689392883088768,0.0003857142857142,0.0,4269.0,5.81817391736017e-05,-0.0025879095723011,0.541266293726707,discharge,0.6469593576256519,2.9493607839148598e-06,3.5186883450402333,1
3.6717941141003014,0.0007375048610561,7.686804973516468,0.0003714285714285,0.0,4270.0,5.818173917404579e-05,-0.0025879095723002,0.5412663961579377,discharge,0.6469594484029456,2.4364291389349144e-06,3.518685188816349,1
3.671852295839475,0.0005515231205084,7.684217063944167,0.0003571428571428,0.0,4271.0,5.81817391736017e-05,-0.0025879095723011,0.5412664727583711,discharge,0.6469595162882965,2.041379110914742e-06,3.518681901981141,1
3.6719104775786486,0.0003655413799607,7.6816291543718656,0.0003428571428571,0.0,4272.0,5.81817391736017e-05,-0.0025879095723011,0.5412665235280072,discharge,0.6469595612817046,1.7583541700142506e-06,3.5186784903911428,1
3.6719686593178222,0.000179559639413,7.679041244799565,0.0003285714285714,0.0,4273.0,5.818173917404579e-05,-0.0025879095723002,0.541266548466846,discharge,0.64695958338317,1.5817887472967743e-06,3.518674959611907,1
3.672026841056996,-6.422101134685764e-06,7.676453335227264,0.0003142857142857,0.0,4274.0,5.81817391736017e-05,-0.0025879095723011,0.5412665475748875,discharge,0.6469595825926925,1.5063937793690424e-06,3.5186713149324977,1
3.6720850227961703,-0.0001924038416824,7.673865425654963,0.0003,0.0,4275.0,5.818173917404579e-05,-0.0025879095723011,0.5412665208521317,discharge,0.6469595589102722,1.5271429711844546e-06,3.518667561379208,1
3.672143204535344,-0.0003783855822301,7.671277516082663,0.0002857142857142,0.0,4276.0,5.81817391736017e-05,-0.0025879095723002,0.5412664682985786,discharge,0.6469595123359092,1.639259741330158e-06,3.5186637037286204,1
3.6722013862745175,-0.0005643673227778,7.668689606510362,0.0002714285714285,0.0,4277.0,5.81817391736017e-05,-0.0025879095723011,0.5412663899142283,discharge,0.6469594428696034,1.8382048158912822e-06,3.518659746520022,1
3.672259568013691,-0.0007503490633255,7.666101696938061,0.0002571428571428,0.0,4278.0,5.818173917404579e-05,-0.0025879095723002,0.5412662856990806,discharge,0.6469593505113549,2.119664438669971e-06,3.518655694067184,1
3.672317749752865,-0.0009363308038732,7.66351378736576,0.0002428571428571,0.0,4279.0,5.81817391736017e-05,-0.0025879095723011,0.5412661556531355,discharge,0.6469592352611636,2.4795391671378546e-06,3.518651550469557,1
3.672375931492039,-0.0011223125444209,7.660925877793459,0.0002285714285714,0.0,4280.0,5.81817391736017e-05,-0.0025879095723011,0.5412659997763933,discharge,0.6469590971190295,2.913933225021866e-06,3.5186473196229415,1
3.672434113231213,-0.0013082942849686,7.658337968221159,0.0002142857142857,0.0,4281.0,5.818173917404579e-05,-0.0025879095723002,0.5412658180688537,discharge,0.6469589360849527,3.419144383869047e-06,3.5186430052295963,1
3.6724922949703864,-0.0014942760255164,7.655750058648858,0.0002,0.0,4282.0,5.81817391736017e-05,-0.0025879095723011,0.5412656105305169,discharge,0.6469587521589331,3.991654347309954e-06,3.5186386108078427,1
3.672527462052454,-0.0014467277030982,7.654635308749041,0.0002153846153846,0.0,4283.0,3.5167082067744104e-05,-0.0011147498998163,0.5412654095961136,discharge,0.6469585740854958,4.512098487988852e-06,3.5186389423077378,1
3.672562629134522,-0.0013991793806801,7.653520558849224,0.0002307692307692,0.0,4284.0,3.5167082067744104e-05,-0.0011147498998171,0.5412652152656441,discharge,0.6469584018646412,4.983063511556077e-06,3.518639326541319,1
3.6725977962165897,-0.001351631058262,7.652405808949408,0.0002461538461538,0.0,4285.0,3.5167082067744104e-05,-0.0011147498998163,0.5412650275391082,discharge,0.646958235496369,5.407007612370507e-06,3.5186397610503644,1
3.672632963298658,-0.0013040827358439,7.651291059049592,0.0002615384615384,0.0,4286.0,3.5167082068188193e-05,-0.0011147498998163,0.541264846416506,discharge,0.6469580749806793,5.78626685812711e-06,3.518640243498823,1
3.6726681303807256,-0.0012565344134258,7.650176309149774,0.000276923076923,0.0,4287.0,3.5167082067744104e-05,-0.0011147498998171,0.5412646718978374,discharge,0.646957920317572,6.12306125728688e-06,3.5186407716666595,1
3.672703297462794,-0.0012089860910077,7.649061559249958,0.0002923076923076,0.0,4288.0,3.5167082067744104e-05,-0.0011147498998163,0.5412645039831026,discharge,0.6469577715070473,6.419500525068045e-06,3.518641343444164,1
3.672738464544861,-0.0011614377685895,7.647946809350142,0.0003076923076923,0.0,4289.0,3.5167082067744104e-05,-0.0011147498998163,0.5412643426723014,discharge,0.646957628549105,6.677589562974411e-06,3.518641956826419,1
3.672773631626929,-0.0011138894461714,7.646832059450325,0.0003230769230769,0.0,4290.0,3.5167082067744104e-05,-0.0011147498998163,0.5412641879654339,discharge,0.6469574914437451,6.8992336660929855e-06,3.518642609908126,1
3.672808798708997,-0.0010663411237533,7.645717309550508,0.0003384615384615,0.0,4291.0,3.5167082067744104e-05,-0.0011147498998171,0.5412640398625,discharge,0.6469573601909678,7.086243471685198e-06,3.518643300878646,1
3.6728439657910648,-0.0010187928013352,7.644602559650692,0.0003538461538461,0.0,4292.0,3.5167082068188193e-05,-0.0011147498998163,0.5412638983634999,discharge,0.6469572347907729,7.240339661925123e-06,3.5186440280172855,1
3.672879132873133,-0.0009712444789171,7.643487809750876,0.0003692307692307,0.0,4293.0,3.5167082067744104e-05,-0.0011147498998163,0.5412637634684333,discharge,0.6469571152431606,7.363157432998794e-06,3.51864478968884,1
3.6729142999552,-0.000923696156499,7.642373059851058,0.0003846153846153,0.0,4294.0,3.5167082067744104e-05,-0.0011147498998171,0.5412636351773005,discharge,0.6469570015481306,7.456250742172172e-06,3.518645584339359,1
3.672949467037268,-0.0008761478340809,7.641258309951242,0.0004,0.0,4295.0,3.5167082067744104e-05,-0.0011147498998163,0.5412635134901014,discharge,0.6469568937056832,7.521096343858621e-06,3.518646410492064,1
3.6730177401878152,-0.0009961408130802,7.639883257728339,0.0003857142857142,0.0,4296.0,6.827315054724892e-05,-0.0013750522229027,0.5412633751372107,discharge,0.6469567710936547,7.642334575636853e-06,3.518643821213207,1
3.673086013338363,-0.0011161337920795,7.638508205505436,0.0003714285714285,0.0,4297.0,6.8273150547693e-05,-0.0013750522229036,0.5412632201186284,discharge,0.6469566337120449,7.817163769787917e-06,3.518641170130495,1
3.67315428648891,-0.0012361267710789,7.637133153282533,0.0003571428571428,0.0,4298.0,6.827315054724892e-05,-0.0013750522229027,0.5412630484343547,discharge,0.6469564815608541,8.042921449511918e-06,3.518638459906413,1
3.6732225596394574,-0.0013561197500782,7.635758101059629,0.0003428571428571,0.0,4299.0,6.827315054724892e-05,-0.0013750522229036,0.5412628600843894,discharge,0.6469563146400821,8.317077413720959e-06,3.51863569307119,1
3.6732908327900047,-0.0014761127290775,7.634383048836726,0.0003285714285714,0.0,4300.0,6.827315054724892e-05,-0.0013750522229027,0.5412626550687325,discharge,0.6469561329497289,8.637227165389922e-06,3.5186328720293347,1
3.673359105940552,-0.0015961057080769,7.633007996613823,0.0003142857142857,0.0,4301.0,6.8273150547693e-05,-0.0013750522229036,0.5412624333873842,discharge,0.6469559364897945,9.001085666396161e-06,3.5186299990659116,1
3.673427379091099,-0.0017160986870762,7.63163294439092,0.0003,0.0,4302.0,6.827315054724892e-05,-0.0013750522229027,0.5412621950403443,discharge,0.6469557252602791,9.406481402627686e-06,3.5186270763524514,1
3.673495652241647,-0.0018360916660755,7.630257892168017,0.0002857142857142,0.0,4303.0,6.827315054724892e-05,-0.0013750522229027,0.5412619400276129,discharge,0.6469554992611826,9.851350743945668e-06,3.518624105952618,1
3.6735639253921946,-0.0019560846450749,7.628882839945113,0.0002714285714285,0.0,4304.0,6.8273150547693e-05,-0.0013750522229036,0.54126166834919,discharge,0.6469552584925048,1.0333732584352064e-05,3.5186210898275387,1
3.673632198542742,-0.0020760776240742,7.627507787722211,0.0002571428571428,0.0,4305.0,6.827315054724892e-05,-0.0013750522229027,0.5412613800050756,discharge,0.6469550029542459,1.085176324844133e-05,3.518618029840914,1
3.673700471693289,-0.0021960706030735,7.626132735499307,0.0002428571428571,0.0,4306.0,6.827315054724892e-05,-0.0013750522229036,0.5412610749952695,discharge,0.6469547326464059,1.1403671650907316e-05,3.5186149277638665,1
3.673768744843836,-0.0023160635820729,7.624757683276404,0.0002285714285714,0.0,4307.0,6.827315054724892e-05,-0.0013750522229027,0.5412607533197721,discharge,0.6469544475689847,1.1987774696532724e-05,3.5186117852795196,1
3.673837017994384,-0.0024360565610722,7.6233826310535004,0.0002142857142857,0.0,4308.0,6.8273150547693e-05,-0.0013750522229036,0.541260414978583,discharge,0.6469541477219823,1.2602472908713626e-05,3.51860860398738,1
3.6739052911449313,-0.0025560495400716,7.622007578830598,0.0002,0.0,4309.0,6.827315054724892e-05,-0.0013750522229027,0.5412600599717025,discharge,0.6469538331053989,1.3246246275165581e-05,3.5186053854074983,1
3.673962175453312,-0.0023035715479639,7.620529081742737,0.0002153846153846,0.0,4310.0,5.688430838057812e-05,-0.0014784970878602,0.5412597400312097,discharge,0.6469535495655853,1.3732601315020719e-05,3.518609790946262,1
3.674019059761692,-0.0020510935558563,7.619050584654877,0.0002307692307692,0.0,4311.0,5.688430838013403e-05,-0.0014784970878602,0.5412594551571046,discharge,0.6469532971025415,1.4069358799242948e-05,3.5186143633634006,1
3.674075944070073,-0.0017986155637486,7.617572087567016,0.0002461538461538,0.0,4312.0,5.688430838057812e-05,-0.0014784970878611,0.5412592053493874,discharge,0.6469530757162675,1.426395095154245e-05,3.518619095226638,1
3.6741328283784527,-0.001546137571641,7.616093590479156,0.0002615384615384,0.0,4313.0,5.688430838013403e-05,-0.0014784970878602,0.5412589906080582,discharge,0.6469528854067634,1.4323440751967436e-05,3.518623979472935,1
3.6741897126868337,-0.0012936595795333,7.614615093391295,0.000276923076923,0.0,4314.0,5.688430838057812e-05,-0.0014784970878602,0.5412588109331166,discharge,0.6469527261740292,1.4254540281465049e-05,3.5186290093901613,1
3.6742465969952134,-0.0010411815874257,7.613136596303435,0.0002923076923076,0.0,4315.0,5.688430838013403e-05,-0.0014784970878602,0.5412586663245627,discharge,0.6469525980180648,1.4063628155058241e-05,3.518634178599668,1
3.674303481303594,-0.000788703595318,7.611658099215574,0.0003076923076923,0.0,4316.0,5.688430838057812e-05,-0.0014784970878611,0.5412585567823966,discharge,0.6469525009388702,1.3756766088916728e-05,3.5186394810397084,1
3.674360365611974,-0.0005362256032104,7.6101796021277135,0.0003230769230769,0.0,4317.0,5.688430838013403e-05,-0.0014784970878602,0.5412584823066184,discharge,0.6469524349364456,1.333971464435221e-05,3.5186449109496936,1
3.6744172499203542,-0.0002837476111027,7.608701105039853,0.0003384615384615,0.0,4318.0,5.688430838057812e-05,-0.0014784970878602,0.541258442897228,discharge,0.6469524000107908,1.2817948189628652e-05,3.5186504628552373,1
3.674474134228735,-3.126961899513846e-05,7.607222607951993,0.0003538461538461,0.0,4319.0,5.688430838013403e-05,-0.0014784970878602,0.5412584385542254,discharge,0.6469523961619058,1.2196669118448537e-05,3.518656131553944,1
3.6745310185371154,0.0002212083731125,7.605744110864132,0.0003692307692307,0.0,4320.0,5.688430838057812e-05,-0.0014784970878611,0.5412584692776106,discharge,0.6469524233897906,1.1480821362043636e-05,3.5186619121018707,1
3.674587902845495,0.0004736863652201,7.604265613776271,0.0003846153846153,0.0,4321.0,5.688430838013403e-05,-0.0014784970878602,0.5412585350673835,discharge,0.6469524816944453,1.0675103229965881e-05,3.5186677998007263,1
3.674644787153876,0.0007261643573278,7.602787116688411,0.0004,0.0,4322.0,5.688430838057812e-05,-0.0014784970878602,0.5412586359235443,discharge,0.6469525710758699,9.783979612928828e-06,3.518673790185627,1
3.6746926337281023,0.0005946951556605,7.602347647216372,0.0003857142857142,0.0,4323.0,4.784657422618466e-05,-0.0004394694720391,0.5412587185200937,discharge,0.646952644275139,9.00244411839753e-06,3.5186719830402935,1
3.674740480302328,0.0004632259539932,7.601908177744333,0.0003714285714285,0.0,4324.0,4.784657422574057e-05,-0.0004394694720391,0.5412587828570317,discharge,0.6469527012922526,8.325052249374682e-06,3.5186700627530865,1
3.674788326876554,0.0003317567523259,7.601468708272294,0.0003571428571428,0.0,4325.0,4.784657422618466e-05,-0.0004394694720391,0.5412588289343584,discharge,0.6469527421272107,7.746629999376699e-06,3.5186680344980146,1
3.674836173450781,0.0002002875506586,7.601029238800255,0.0003428571428571,0.0,4326.0,4.784657422618466e-05,-0.0004394694720391,0.5412588567520737,discharge,0.6469527667800133,7.262260414072361e-06,3.518665903192023,1
3.6748840200250066,6.881834899137148e-05,7.600589769328216,0.0003285714285714,0.0,4327.0,4.784657422618466e-05,-0.0004394694720391,0.5412588663101778,discharge,0.6469527752506605,6.867270820558727e-06,3.5186636735077816,1
3.674931866599232,-6.265085267591423e-05,7.600150299856176,0.0003142857142857,0.0,4328.0,4.784657422574057e-05,-0.0004394694720391,0.5412588576086705,discharge,0.6469527675391522,6.557220691105298e-06,3.5186613498858073,1
3.6749797131734585,-0.0001941200543431,7.599710830384137,0.0003,0.0,4329.0,4.784657422618466e-05,-0.0004394694720391,0.5412588306475519,discharge,0.6469527436454885,6.327890109844737e-06,3.5186589365460272,1
3.6750275597476847,-0.0003255892560104,7.599271360912097,0.0002857142857142,0.0,4330.0,4.784657422618466e-05,-0.0004394694720399,0.5412587854268218,discharge,0.6469527035696693,6.1752688124554665e-06,3.5186564374987066,1
3.6750754063219104,-0.0004570584576777,7.598831891440058,0.0002714285714285,0.0,4331.0,4.784657422574057e-05,-0.0004394694720391,0.5412587219464804,discharge,0.6469526473116946,6.095545770368396e-06,3.518653856554882,1
3.6751232528961366,-0.000588527659345,7.598392421968019,0.0002571428571428,0.0,4332.0,4.784657422618466e-05,-0.0004394694720391,0.5412586402065278,discharge,0.6469525748715643,6.085099292445597e-06,3.5186511973362458,1
3.675171099470363,-0.0007199968610123,7.59795295249598,0.0002428571428571,0.0,4333.0,4.784657422618466e-05,-0.0004394694720391,0.5412585402069638,discharge,0.6469524862492787,6.1404876184218915e-06,3.5186484632845705,1
3.675218946044589,-0.0008514660626796,7.597513483023941,0.0002285714285714,0.0,4334.0,4.784657422618466e-05,-0.0004394694720391,0.5412584219477884,discharge,0.6469523814448376,6.258439979677917e-06,3.5186456576706346,1
3.6752667926188143,-0.0009829352643469,7.597074013551902,0.0002142857142857,0.0,4335.0,4.784657422574057e-05,-0.0004394694720391,0.5412582854290017,discharge,0.646952260458241,6.435848104126964e-06,3.518642783602731,1
3.675314639193041,-0.0011144044660142,7.596634544079863,0.0002,0.0,4336.0,4.784657422618466e-05,-0.0004394694720391,0.5412581306506037,discharge,0.6469521232894888,6.669758143151362e-06,3.5186398440347117,1
3.67535780773923,-0.0014375081217858,7.595050584025691,0.0002153846153846,0.0,4337.0,4.316854618924282e-05,-0.0015839600541722,0.5412579309966978,discharge,0.6469519463508626,7.052569778064437e-06,3.5186329007616806,1
3.675400976285419,-0.0017606117775575,7.593466623971518,0.0002307692307692,0.0,4338.0,4.316854618879873e-05,-0.0015839600541722,0.5412576864672842,discharge,0.6469517296423624,7.57688536144631e-06,3.518625793870433,1
3.675444144831608,-0.0020837154333291,7.591882663917346,0.0002461538461538,0.0,4339.0,4.316854618924282e-05,-0.0015839600541722,0.5412573970623629,discharge,0.6469514731639882,8.235674771738785e-06,3.518618530391147,1
3.6754873133777974,-0.0024068190891008,7.590298703863175,0.0002615384615384,0.0,4340.0,4.316854618924282e-05,-0.0015839600541713,0.541257062781934,discharge,0.6469511769157399,9.022257154027252e-06,3.518611117004767,1
3.6755304819239862,-0.0027299227448725,7.588714743809002,0.000276923076923,0.0,4341.0,4.316854618879873e-05,-0.0015839600541722,0.5412566836259971,discharge,0.6469508408976176,9.930283567966724e-06,3.5186035600603205,1
3.675573650470175,-0.0030530264006441,7.58713078375483,0.0002923076923076,0.0,4342.0,4.316854618924282e-05,-0.0015839600541722,0.5412562595945525,discharge,0.6469504651096212,1.095372049778422e-05,3.518595865591427,1
3.6756168190163647,-0.0033761300564158,7.585546823700658,0.0003076923076923,0.0,4343.0,4.316854618924282e-05,-0.0015839600541722,0.5412557906876003,discharge,0.6469500495517507,1.2086834181528338e-05,3.5185880393319695,1
3.675659987562554,-0.0036992337121874,7.583962863646485,0.0003230769230769,0.0,4344.0,4.316854618924282e-05,-0.0015839600541722,0.5412552769051402,discharge,0.6469495942240062,1.3324175718864083e-05,3.518580086730992,1
3.6757031561087423,-0.0040223373679591,7.582378903592313,0.0003384615384615,0.0,4345.0,4.316854618879873e-05,-0.0015839600541722,0.5412547182471724,discharge,0.6469490991263877,1.4660566918734485e-05,3.518572012966802,1
3.675746324654932,-0.0043454410237308,7.580794943538142,0.0003538461538461,0.0,4346.0,4.316854618924282e-05,-0.0015839600541713,0.5412541147136969,discharge,0.646948564258895,1.609108685013057e-05,3.5185638229605085,1
3.6757894932011217,-0.0046685446795024,7.57921098348397,0.0003692307692307,0.0,4347.0,4.316854618924282e-05,-0.0015839600541722,0.5412534663047137,discharge,0.6469479896215283,1.7611059061038762e-05,3.518555521388719,1
3.67583266174731,-0.0049916483352741,7.577627023429797,0.0003846153846153,0.0,4348.0,4.316854618879873e-05,-0.0015839600541722,0.5412527730202226,discharge,0.6469473752142876,1.9216039432369645e-05,3.5185471126957446,1
3.6758758302934993,-0.0053147519910458,7.576043063375625,0.0004,0.0,4349.0,4.316854618924282e-05,-0.0015839600541722,0.5412520348602239,discharge,0.6469467210371728,2.090180463532093e-05,3.5185386011051003,1
3.6759275537303977,-0.0049083185530765,7.574272992572884,0.0004,0.0,4350.0,5.172343689796577e-05,-0.001770070802741,0.5412513531493137,discharge,0.6469461168867486,2.2301896544524068e-05,3.518544993747748,1
3.675979277167296,-0.0045018851151073,7.572502921770143,0.0004,0.0,4351.0,5.172343689840986e-05,-0.001770070802741,0.5412507278874921,discharge,0.6469455627630152,2.343050782387788e-05,3.518551685688907,1
3.6760310006041936,-0.004095451677138,7.570732850967402,0.0004,0.0,4352.0,5.172343689796577e-05,-0.001770070802741,0.5412501590747592,discharge,0.6469450586659724,2.4301126025137405e-05,3.518558663440819,1
3.676082724041092,-0.0036890182391688,7.568962780164661,0.0004,0.0,4353.0,5.172343689840986e-05,-0.001770070802741,0.5412496467111149,discharge,0.6469446045956203,2.4926568618908928e-05,3.5185659141857952,1
3.67613444747799,-0.0032825848011995,7.56719270936192,0.0004,0.0,4354.0,5.172343689796577e-05,-0.001770070802741,0.5412491907965591,discharge,0.6469442005519588,2.531901628525387e-05,3.518573425742995,1
3.676186170914888,-0.0028761513632303,7.565422638559179,0.0004,0.0,4355.0,5.172343689840986e-05,-0.001770070802741,0.541248791331092,discharge,0.6469438465349879,2.549004455036759e-05,3.5185811865367222,1
3.6762378943517864,-0.002469717925261,7.563652567756438,0.0004,0.0,4356.0,5.172343689796577e-05,-0.001770070802741,0.5412484483147135,discharge,0.6469435425447078,2.5450653851501668e-05,3.518589185566397,1
3.676289617788684,-0.0020632844872918,7.561882496953697,0.0004,0.0,4357.0,5.172343689796577e-05,-0.001770070802741,0.5412481617474236,discharge,0.6469432885811183,2.521129810821757e-05,3.5185974123779866,1
3.6763413412255823,-0.0016568510493226,7.560112426150956,0.0004,0.0,4358.0,5.172343689840986e-05,-0.001770070802741,0.5412479316292225,discharge,0.6469430846442195,2.4781911874178663e-05,3.5186058570368344,1
3.6763930646624807,-0.0012504176113533,7.5583423553482145,0.0004,0.0,4359.0,5.172343689796577e-05,-0.001770070802741,0.5412477579601097,discharge,0.6469429307340113,2.417193614000188e-05,3.51861451010187,1
3.676444788099379,-0.0008439841733841,7.5565722845454735,0.0004,0.0,4360.0,5.172343689840986e-05,-0.001770070802741,0.5412476407400857,discharge,0.6469428268504939,2.339034285418647e-05,3.518623362601076,1
3.676496511536277,-0.0004375507354148,7.554802213742732,0.0004,0.0,4361.0,5.172343689796577e-05,-0.001770070802741,0.5412475799691501,discharge,0.646942772993667,2.2445658225807013e-05,3.518632406008218,1
3.676548234973175,-3.111729744564271e-05,7.553032142939991,0.0004,0.0,4362.0,5.172343689840986e-05,-0.001770070802741,0.5412475756473032,discharge,0.6469427691635308,2.1345984869495283e-05,3.5186416322206444,1
3.6765999584100735,0.0003753161405236,7.55126207213725,0.0004,0.0,4363.0,5.172343689796577e-05,-0.001770070802741,0.5412476277745449,discharge,0.6469428153600852,2.0099022850226795e-05,3.5186510335383,1
3.676655608245711,0.0002338696852868,7.55158715670239,0.0004,0.0,4364.0,5.564983563743908e-05,0.0003250845651399,0.5412476602564458,discharge,0.6469428441464136,1.8984284366196385e-05,3.5186493353538704,1
3.676711258081349,9.24232300500308e-05,7.551912241267531,0.0004,0.0,4365.0,5.564983563743908e-05,0.0003250845651407,0.5412476730930054,discharge,0.6469428555225158,1.7995200360246057e-05,3.5186475018342747,1
3.676766907916986,-4.902322518675383e-05,7.552237325832671,0.0004,0.0,4366.0,5.564983563743908e-05,0.0003250845651399,0.5412476662842242,discharge,0.646942849488392,1.7125528135512675e-05,3.5186455392222133,1
3.6768225577526232,-0.0001904696804235,7.552562410397812,0.0004,0.0,4367.0,5.564983563743908e-05,0.0003250845651407,0.5412476398301018,discharge,0.646942826044042,1.636933514137474e-05,3.5186434534502378,1
3.6768782075882607,-0.0003319161356603,7.552887494962952,0.0004,0.0,4368.0,5.564983563743908e-05,0.0003250845651399,0.5412475937306386,discharge,0.6469427851894658,1.572098356493699e-05,3.5186412501561573,1
3.676933857423898,-0.0004733625908971,7.5532125795280916,0.0004,0.0,4369.0,5.564983563743908e-05,0.0003250845651399,0.5412475279858342,discharge,0.6469427269246635,1.5175115688032275e-05,3.518638934697698,1
3.676989507259536,-0.0006148090461338,7.553537664093232,0.0004,0.0,4370.0,5.564983563743908e-05,0.0003250845651407,0.541247442595689,discharge,0.646942651249635,1.472663997170886e-05,3.518636512166411,1
3.677045157095173,-0.0007562555013706,7.553862748658372,0.0004,0.0,4371.0,5.564983563743908e-05,0.0003250845651399,0.5412473375602027,discharge,0.6469425581643805,1.437071783206079e-05,3.518633987400885,1
3.6771008069308104,-0.0008977019566074,7.554187833223512,0.0004,0.0,4372.0,5.564983563743908e-05,0.0003250845651399,0.5412472128793754,discharge,0.6469424476688999,1.4102751073053892e-05,3.518631364999335,1
3.677156456766448,-0.0010391484118442,7.554512917788653,0.0004,0.0,4373.0,5.564983563743908e-05,0.0003250845651407,0.541247068553207,discharge,0.646942319763193,1.3918369943707419e-05,3.5186286493315246,1
3.6772121066020858,-0.001180594867081,7.554838002353793,0.0004,0.0,4374.0,5.564983563743908e-05,0.0003250845651399,0.5412469045816977,discharge,0.6469421744472601,1.3813421788612207e-05,3.518625844550123,1
3.6772677564377223,-0.0013220413223178,7.555163086918934,0.0004,0.0,4375.0,5.564983563743908e-05,0.0003250845651407,0.5412467209648474,discharge,0.646942011721101,1.3783960262307553e-05,3.5186229546014993,1
3.67732340627336,-0.0014634877775546,7.555488171484074,0.0004,0.0,4376.0,5.564983563743908e-05,0.0003250845651399,0.541246517702656,discharge,0.6469418315847159,1.3826235079503506e-05,3.518619983235965,1
3.677361959151044,-0.0013419905469198,7.554740888506227,0.0003857142857142,0.0,4377.0,3.855287768361748e-05,-0.0007472829778469,0.5412463313150802,discharge,0.6469416664030657,1.3806048034661058e-05,3.518622341521392,1
3.677400512028727,-0.0012204933162851,7.55399360552838,0.0003714285714285,0.0,4378.0,3.855287768317339e-05,-0.0007472829778469,0.5412461618021195,discharge,0.6469415161761506,1.3726502323752034e-05,3.518624767480858,1
3.6774390649064106,-0.0010989960856504,7.553246322550533,0.0003571428571428,0.0,4379.0,3.855287768361748e-05,-0.0007472829778469,0.5412460091637743,discharge,0.6469413809039705,1.359054697146792e-05,3.518627258165313,1
3.6774776177840938,-0.0009774988550157,7.5524990395726865,0.0003428571428571,0.0,4380.0,3.855287768317339e-05,-0.000747282977846,0.5412458734000445,discharge,0.6469412605865255,1.3400984490672916e-05,3.518629810772232,1
3.6775161706617774,-0.0008560016243809,7.55175175659484,0.0003285714285714,0.0,4381.0,3.855287768361748e-05,-0.0007472829778469,0.5412457545109299,discharge,0.6469411552238155,1.3160478161324122e-05,3.51863242263832,1
3.677554723539461,-0.0007345043937462,7.551004473616993,0.0003142857142857,0.0,4382.0,3.855287768317339e-05,-0.0007472829778469,0.5412456524964309,discharge,0.6469410648158405,1.2871558947764623e-05,3.518635091232603,1
3.677593276417144,-0.0006130071631115,7.550257190639146,0.0003,0.0,4383.0,3.855287768361748e-05,-0.0007472829778469,0.541245567356547,discharge,0.6469409893626005,1.25366320723551e-05,3.5186378141498436,1
3.677631829294828,-0.0004915099324768,7.549509907661299,0.0002857142857142,0.0,4384.0,3.855287768361748e-05,-0.0007472829778469,0.5412454990912786,discharge,0.6469409288640955,1.2157983262518085e-05,3.5186405891043098,1
3.677670382172511,-0.0003700127018421,7.548762624683452,0.0002714285714285,0.0,4385.0,3.855287768317339e-05,-0.0007472829778469,0.5412454477006257,discharge,0.6469408833203256,1.1737784687419943e-05,3.5186434139238187,1
3.6777089350501946,-0.0002485154712073,7.548015341705605,0.0002571428571428,0.0,4386.0,3.855287768361748e-05,-0.0007472829778469,0.5412454131845879,discharge,0.6469408527312908,1.127810059970982e-05,3.5186462865441195,1
3.6777474879278778,-0.0001270182405726,7.5472680587277585,0.0002428571428571,0.0,4387.0,3.855287768317339e-05,-0.000747282977846,0.5412453955431655,discharge,0.6469408370969909,1.078089269696901e-05,3.518649205003504,1
3.677786040805562,-5.521009937942915e-06,7.546520775749912,0.0002285714285714,0.0,4388.0,3.855287768361748e-05,-0.0007472829778469,0.5412453947763587,discharge,0.6469408364174261,1.0248025216795466e-05,3.5186521674377436,1
3.677824593683245,0.0001159762206967,7.545773492772064,0.0002142857142857,0.0,4389.0,3.855287768317339e-05,-0.0007472829778469,0.5412454108841671,discharge,0.6469408506925963,9.681269778757254e-06,3.518655172075205,1
3.677863146560928,0.0002374734513315,7.545026209794218,0.0002,0.0,4390.0,3.855287768361748e-05,-0.0007472829778469,0.5412454438665908,discharge,0.6469408799225016,9.082309985790631e-06,3.5186582172322955,1
3.67790803457549,0.0001866137037243,7.546138720251864,0.0002,0.0,4391.0,4.48880145618169e-05,0.0011125104576468,0.5412454697851607,discharge,0.6469409028922308,8.53837524561022e-06,3.51865775674393,1
3.6779529225900514,0.0001357539561171,7.547251230709511,0.0002,0.0,4392.0,4.488801456137281e-05,0.0011125104576468,0.541245488639877,discharge,0.646940919601784,8.046731833722699e-06,3.518657240483392,1
3.677997810604613,8.489420851003848e-05,7.548363741167157,0.0002,0.0,4393.0,4.48880145618169e-05,0.0011125104576459,0.5412455004307393,discharge,0.6469409300511613,7.604781841035609e-06,3.518656671048592,1
3.6780426986191745,3.403446090288463e-05,7.549476251624804,0.0002,0.0,4394.0,4.488801456137281e-05,0.0011125104576468,0.5412455051577477,discharge,0.6469409342403625,7.210056426351283e-06,3.5186560509083797,1
3.678087586633736,-1.6825286704269215e-05,7.550588762082451,0.0002,0.0,4395.0,4.48880145618169e-05,0.0011125104576468,0.5412455028209023,discharge,0.6469409321693876,6.86020940408632e-06,3.5186553824089217,1
3.678132474648298,-6.768503431142306e-05,7.551701272540098,0.0002,0.0,4396.0,4.48880145618169e-05,0.0011125104576468,0.5412454934202031,discharge,0.6469409238382368,6.553011150562678e-06,3.518654667779861,1
3.678177362662859,-0.0001185447819185,7.552813782997744,0.0002,0.0,4397.0,4.488801456137281e-05,0.0011125104576459,0.5412454769556501,discharge,0.64694090924691,6.286342813042984e-06,3.518653909140035,1
3.678222250677422,-0.0001694045295257,7.55392629345539,0.0002,0.0,4398.0,4.48880145618169e-05,0.0011125104576468,0.5412454534272432,discharge,0.6469408883954071,6.058190806469549e-06,3.5186531085030404,1
3.678267138691983,-0.0002202642771328,7.555038803913037,0.0002,0.0,4399.0,4.48880145618169e-05,0.0011125104576468,0.5412454228349824,discharge,0.6469408612837282,5.866641583613035e-06,3.5186522677824223,1
3.678312026706545,-0.00027112402474,7.556151314370684,0.0002,0.0,4400.0,4.488801456137281e-05,0.0011125104576468,0.5412453851788679,discharge,0.6469408279118732,5.7098766650481374e-06,3.5186513887966586,1
3.6783569147211064,-0.0003219837723471,7.55726382482833,0.0002,0.0,4401.0,4.48880145618169e-05,0.0011125104576459,0.5412453404588995,discharge,0.6469407882798424,5.586167916046895e-06,3.5186504732738904,1
3.678401802735668,-0.0003728435199543,7.558376335285977,0.0002,0.0,4402.0,4.488801456137281e-05,0.0011125104576468,0.5412452886750774,discharge,0.6469407423876354,5.493873058123182e-06,3.518649522856395,1
3.6784466907502296,-0.0004237032675615,7.559488845743624,0.0002,0.0,4403.0,4.48880145618169e-05,0.0011125104576468,0.5412452298274013,discharge,0.6469406902352525,5.43143140356984e-06,3.5186485391048636,1
3.67851105700018,-0.0003451730790238,7.5586894196435885,0.0002,0.0,4404.0,6.436624995043161e-05,-0.000799426100035,0.5412451818866959,discharge,0.6469406477489184,5.3330770034907975e-06,3.51865018443941,1
3.6785754232501304,-0.0002666428904861,7.5578899935435535,0.0002,0.0,4405.0,6.436624995043161e-05,-0.000799426100035,0.541245144852961,discharge,0.646940614928633,5.20059405521245e-06,3.518651869277107,1
3.678639789500081,-0.0001881127019484,7.5570905674435185,0.0002,0.0,4406.0,6.436624995043161e-05,-0.000799426100035,0.5412451187261968,discharge,0.6469405917743964,5.035678114548191e-06,3.5186535919224027,1
3.6787041557500313,-0.0001095825134107,7.556291141343483,0.0002,0.0,4407.0,6.436624995043161e-05,-0.0007994261000359,0.5412451035064034,discharge,0.6469405782862088,4.839940499637441e-06,3.518655350763963,1
3.6787685219999817,-3.105232487310715e-05,7.555491715243448,0.0002,0.0,4408.0,6.436624995043161e-05,-0.000799426100035,0.5412450991935804,discharge,0.6469405744640698,4.61491247599562e-06,3.518657144270544,1
3.678832888249932,4.7477863664571426e-05,7.5546922891434125,0.0002,0.0,4409.0,6.436624995043161e-05,-0.000799426100035,0.5412451057877281,discharge,0.6469405803079797,4.362049233644558e-06,3.518658970986933,1
3.678897254499883,0.0001260080522022,7.5538928630433775,0.0002,0.0,4410.0,6.43662499508757e-05,-0.000799426100035,0.5412451232888466,discharge,0.6469405958179385,4.082733666653606e-06,3.518660829530257,1
3.6789616207498335,0.0002045382407399,7.5530934369433425,0.0002,0.0,4411.0,6.436624995043161e-05,-0.000799426100035,0.5412451516969355,discharge,0.646940620993946,3.778279964907364e-06,3.5186627185863144,1
3.679025986999784,0.0002830684292776,7.552294010843307,0.0002,0.0,4412.0,6.436624995043161e-05,-0.000799426100035,0.5412451910119951,discharge,0.6469406558360024,3.44993702742941e-06,3.5186646369061987,1
3.6790903532497343,0.0003615986178152,7.551494584743272,0.0002,0.0,4413.0,6.436624995043161e-05,-0.000799426100035,0.5412452412340254,discharge,0.6469407003441076,3.098891706127054e-06,3.518666583303087,1
3.6791547194996848,0.0004401288063529,7.5506951586432365,0.0002,0.0,4414.0,6.436624995043161e-05,-0.0007994261000359,0.5412453023630264,discharge,0.6469407545182615,2.7262718883819934e-06,3.518668556649071,1
3.679219085749635,0.0005186589948906,7.5498957325432015,0.0002,0.0,4415.0,6.436624995043161e-05,-0.000799426100035,0.5412453743989978,discharge,0.6469408183584643,2.333149426493682e-06,3.518670555872318,1
3.6792834519995856,0.0005971891834283,7.549096306443166,0.0002,0.0,4416.0,6.436624995043161e-05,-0.000799426100035,0.5412454573419399,discharge,0.6469408918647159,1.9205429215835026e-06,3.518672579954222,1
3.679347818249536,0.000675719371966,7.548296880343131,0.0002,0.0,4417.0,6.436624995043161e-05,-0.000799426100035,0.5412455511918527,discharge,0.6469409750370163,1.4894203691905921e-06,3.518674627926798,1
3.6793871334484294,0.0007137193765101,7.546854910901671,0.0002142857142857,0.0,4418.0,3.931519889333046e-05,-0.0014419694414602,0.5412456503195439,discharge,0.646941062886625,1.0608376571492637e-06,3.5186758653565997,1
3.6794264486473223,0.0007517193810542,7.54541294146021,0.0002285714285714,0.0,4419.0,3.931519889333046e-05,-0.0014419694414611,0.5412457547250136,discharge,0.6469411554135419,6.346686025041782e-07,3.518677102973483,1
3.679465763846216,0.0007897193855984,7.54397097201875,0.0002428571428571,0.0,4420.0,3.931519889333046e-05,-0.0014419694414602,0.5412458644082615,discharge,0.646941252617767,2.1079329125232786e-07,3.5186783408973743,1
3.67950507904511,0.0008277193901425,7.542529002577289,0.0002571428571428,0.0,4421.0,3.931519889333046e-05,-0.0014419694414611,0.5412459793692879,discharge,0.6469413544993005,-2.1090223310746708e-07,3.5186795792422276,1
3.6795443942440023,0.0008657193946866,7.541087033135828,0.0002714285714285,0.0,4422.0,3.931519889333046e-05,-0.0014419694414602,0.5412460996080928,discharge,0.6469414610581421,-6.305262655520453e-07,3.5186808181163443,1
3.679583709442896,0.0009037193992308,7.539645063694367,0.0002857142857142,0.0,4423.0,3.931519889333046e-05,-0.0014419694414611,0.5412462251246759,discharge,0.646941572294292,-1.0481817208066517e-06,3.5186820576226467,1
3.67962302464179,0.0009417194037749,7.538203094252907,0.0003,0.0,4424.0,3.931519889333046e-05,-0.0014419694414602,0.5412463559190376,discharge,0.6469416882077502,-1.463966400643497e-06,3.518683297858931,1
3.6796623398406823,0.000979719408319,7.536761124811447,0.0003142857142857,0.0,4425.0,3.931519889288637e-05,-0.0014419694414602,0.5412464919911777,discharge,0.6469418087985166,-1.8779732479008353e-06,3.5186845389181536,1
3.679701655039576,0.0010177194128632,7.535319155369986,0.0003285714285714,0.0,4426.0,3.931519889333046e-05,-0.0014419694414611,0.5412466333410961,discharge,0.6469419340665913,-2.2902905878818563e-06,3.5186857808886423,1
3.679740970238469,0.0010557194174073,7.533877185928525,0.0003428571428571,0.0,4427.0,3.931519889333046e-05,-0.0014419694414602,0.541246779968793,discharge,0.6469420640119742,-2.70100235776038e-06,3.5186870238543366,1
3.6797802854373622,0.0010937194219514,7.532435216487064,0.0003571428571428,0.0,4428.0,3.931519889333046e-05,-0.0014419694414611,0.5412469318742682,discharge,0.6469421986346653,-3.1101883245896424e-06,3.518688267895008,1
3.679819600636256,0.0011317194264956,7.530993247045604,0.0003714285714285,0.0,4429.0,3.931519889333046e-05,-0.0014419694414602,0.541247089057522,discharge,0.6469423379346647,-3.51792429247994e-06,3.518689513086469,1
3.679858915835149,0.0011697194310397,7.529551277604143,0.0003857142857142,0.0,4430.0,3.931519889333046e-05,-0.0014419694414611,0.541247251518554,discharge,0.6469424819119723,-3.924282299483238e-06,3.5186907595007604,1
3.6798982310340422,0.0012077194355839,7.528109308162683,0.0004,0.0,4431.0,3.931519889333046e-05,-0.0014419694414602,0.5412474192573644,discharge,0.6469426305665883,-4.329330804696615e-06,3.518692007206347,1
3.679937682464117,0.0009278992536691,7.517508767132766,0.0003846153846153,0.0,4432.0,3.945143007477725e-05,-0.010600541029917,0.5412475481322608,discharge,0.6469427447789651,-4.575237184159307e-06,3.518686720215069,1
3.679977133894192,0.0006480790717544,7.506908226102849,0.0003692307692307,0.0,4433.0,3.945143007477725e-05,-0.010600541029917,0.541247638143243,discharge,0.6469428245491026,-4.669907849679345e-06,3.5186812628370365,1
3.6800165853242666,0.0003682588898397,7.4963076850729315,0.0003538461538461,0.0,4434.0,3.945143007477725e-05,-0.010600541029917,0.5412476892903111,discharge,0.6469428698770009,-4.620856411049636e-06,3.5186756425858357,1
3.680056036754342,8.843870792497681e-05,7.4857071440430145,0.0003384615384615,0.0,4435.0,3.945143007477725e-05,-0.010600541029917,0.5412477015734649,discharge,0.64694288076266,-4.4352231910222815e-06,3.5186698666017815,1
3.680095488184416,-0.0001913814739897,7.4751066030130975,0.0003230769230769,0.0,4436.0,3.945143007477725e-05,-0.010600541029917,0.5412476749927047,discharge,0.64694285720608,-4.119793770750651e-06,3.5186639416704484,1
3.680134939614491,-0.0004712016559044,7.4645060619831805,0.0003076923076923,0.0,4437.0,3.945143007477725e-05,-0.010600541029917,0.5412476095480303,discharge,0.6469427992072608,-3.6810166138668573e-06,3.5186578742403105,1
3.6801743910445657,-0.0007510218378192,7.4539055209532625,0.0002923076923076,0.0,4438.0,3.945143007477725e-05,-0.0106005410299179,0.5412475052394417,discharge,0.6469427067662025,-3.1250198149695493e-06,3.5186516704394695,1
3.680213842474641,-0.0010308420197339,7.4433049799233455,0.000276923076923,0.0,4439.0,3.945143007477725e-05,-0.010600541029917,0.5412473620669389,discharge,0.6469425798829049,-2.457627016022656e-06,3.5186453360916063,1
3.6802532939047152,-0.0013106622016486,7.4327044388934285,0.0002615384615384,0.0,4440.0,3.945143007477725e-05,-0.010600541029917,0.541247180030522,discharge,0.6469424185573682,-1.6843725320040592e-06,3.5186388767310537,1
3.68029274533479,-0.0015904823835634,7.422103897863511,0.0002461538461538,0.0,4441.0,3.945143007477725e-05,-0.010600541029917,0.5412469591301909,discharge,0.6469422227895923,-8.105157250902246e-07,3.518632297617236,1
3.680332196764865,-0.0018703025654781,7.411503356833594,0.0002307692307692,0.0,4442.0,3.945143007477725e-05,-0.010600541029917,0.5412466993659457,discharge,0.6469419925795773,1.5894533528936678e-07,3.5186256037482586,1
3.680371648194939,-0.0021501227473928,7.400902815803677,0.0002153846153846,0.0,4443.0,3.945143007477725e-05,-0.010600541029917,0.5412464007377864,discharge,0.646941727927323,1.2192608910494236e-06,3.518618799873951,1
3.6804110996250143,-0.0024299429293076,7.39030227477376,0.0002,0.0,4444.0,3.945143007477725e-05,-0.010600541029917,0.5412460632457129,discharge,0.6469414288328295,2.365917158980831e-06,3.518611890508175,1
3.680445667967202,-0.002484595370941,7.372957018171635,0.0002,0.0,4445.0,3.45683421882903e-05,-0.017345256602125,0.5412457181630226,discharge,0.6469411230113284,3.482758005411283e-06,3.518609510572437,1
3.680480236309391,-0.0025392478125745,7.35561176156951,0.0002,0.0,4446.0,3.45683421882903e-05,-0.017345256602125,0.5412453654897152,discharge,0.6469408104628199,4.571264703759186e-06,3.5186071552306815,1
3.680514804651579,-0.002593900254208,7.338266504967385,0.0002,0.0,4447.0,3.45683421882903e-05,-0.017345256602125,0.541245005225791,discharge,0.6469404911873039,5.632844935629343e-06,3.5186048230752465,1
3.680549372993767,-0.0026485526958415,7.320921248365261,0.0002,0.0,4448.0,3.456834218784621e-05,-0.0173452566021241,0.5412446373712498,discharge,0.6469401651847804,6.668836446961134e-06,3.5186025127683944,1
3.6805839413359553,-0.0027032051374749,7.303575991763136,0.0002,0.0,4449.0,3.45683421882903e-05,-0.017345256602125,0.541244261926092,discharge,0.6469398324552493,7.680510522533828e-06,3.5186002230388693,1
3.680618509678144,-0.0027578575791084,7.286230735161011,0.0002,0.0,4450.0,3.45683421882903e-05,-0.017345256602125,0.5412438788903171,discharge,0.6469394929987108,8.669075287853647e-06,3.518597952678554,1
3.680653078020332,-0.0028125100207419,7.268885478558886,0.0002,0.0,4451.0,3.45683421882903e-05,-0.017345256602125,0.5412434882639252,discharge,0.6469391468151647,9.635678846997971e-06,3.518595700539364,1
3.68068764636252,-0.0028671624623754,7.251540221956761,0.0002,0.0,4452.0,3.45683421882903e-05,-0.017345256602125,0.5412430900469166,discharge,0.6469387939046112,1.0581412264567103e-05,3.5185934655302513,1
3.680722214704709,-0.0029218149040089,7.234194965354636,0.0002,0.0,4453.0,3.45683421882903e-05,-0.017345256602125,0.541242684239291,discharge,0.6469384342670501,1.1507312399488284e-05,3.5185912466143843,1
3.680756783046897,-0.0029764673456423,7.216849708752511,0.0002,0.0,4454.0,3.45683421882903e-05,-0.017345256602125,0.5412422708410487,discharge,0.6469380679024815,1.2414364598032155e-05,3.5185890428064357,1
3.6807913513890846,-0.0030311197872758,7.199504452150387,0.0002,0.0,4455.0,3.456834218784621e-05,-0.0173452566021241,0.5412418498521893,discharge,0.6469376948109055,1.3303505253036469e-05,3.518586853170017,1
3.680825919731273,-0.0030857722289093,7.1821591955482615,0.0002,0.0,4456.0,3.45683421882903e-05,-0.017345256602125,0.541241421272713,discharge,0.6469373149923218,1.417562423598354e-05,3.5185846768152924,1
3.680860488073461,-0.0031404246705428,7.1648139389461365,0.0002,0.0,4457.0,3.45683421882903e-05,-0.017345256602125,0.5412409851026199,discharge,0.6469369284467306,1.5031567208248756e-05,3.5185825128966126,1
3.6808950564156495,-0.0031950771121763,7.1474686823440114,0.0002,0.0,4458.0,3.45683421882903e-05,-0.017345256602125,0.5412405413419099,discharge,0.6469365351741319,1.5872137817522873e-05,3.5185803606103505,1
3.680957981735419,-0.0029138124410807,7.131945687302884,0.0002153846153846,0.0,4459.0,6.292531976992422e-05,-0.0155229950411275,0.5412401366457376,discharge,0.6469361765215703,1.6531211287547796e-05,3.5185851274132225,1
3.68102090705519,-0.0026325477699852,7.116422692261756,0.0002307692307692,0.0,4460.0,6.29253197703683e-05,-0.0155229950411275,0.5412397710141028,discharge,0.6469358524890458,1.7017804659651295e-05,3.5185900859458243,1
3.68108383237496,-0.0023512830988896,7.100899697220628,0.0002461538461538,0.0,4461.0,6.292531976992422e-05,-0.0155229950411284,0.5412394444470057,discharge,0.6469355630765584,1.7340486995459296e-05,3.5185952276390147,1
3.68114675769473,-0.0020700184277941,7.0853767021795,0.0002615384615384,0.0,4462.0,6.29253197703683e-05,-0.0155229950411275,0.5412391569444464,discharge,0.6469353082841081,1.750740163317795e-05,3.5186005443493618,1
3.6812096830145,-0.0017887537566985,7.069853707138373,0.000276923076923,0.0,4463.0,6.292531976992422e-05,-0.0155229950411275,0.5412389085064245,discharge,0.6469350881116949,1.752628733815086e-05,3.518606028338052,1
3.68127260833427,-0.001507489085603,7.054330712097245,0.0002923076923076,0.0,4464.0,6.292531976992422e-05,-0.0155229950411275,0.5412386991329404,discharge,0.6469349025593187,1.7404498402626365e-05,3.518611672250715,1
3.68133553365404,-0.0012262244145074,7.038807717056117,0.0003076923076923,0.0,4465.0,6.29253197703683e-05,-0.0155229950411284,0.5412385288239939,discharge,0.6469347516269797,1.7149023746938773e-05,3.5186174690983862,1
3.6813984589738102,-0.0009449597434119,7.023284722014989,0.0003230769230769,0.0,4466.0,6.292531976992422e-05,-0.0155229950411275,0.5412383975795851,discharge,0.6469346353146777,1.6766505071715606e-05,3.5186234122393216,1
3.68146138429358,-0.0006636950723163,7.007761726973862,0.0003384615384615,0.0,4467.0,6.292531976992422e-05,-0.0155229950411275,0.541238305399714,discharge,0.6469345536224127,1.626325410825644e-05,3.5186294953617665,1
3.6815243096133505,-0.0003824304012208,6.992238731932734,0.0003538461538461,0.0,4468.0,6.29253197703683e-05,-0.0155229950411275,0.5412382522843805,discharge,0.6469345065501849,1.5645269011888273e-05,3.5186357124675265,1
3.681587234933121,-0.0001011657301252,6.976715736891606,0.0003692307692307,0.0,4469.0,6.292531976992422e-05,-0.0155229950411284,0.5412382382335846,discharge,0.6469344940979942,1.4918249940874814e-05,3.5186420578564435,1
3.681650160252891,0.0001800989409702,6.961192741850478,0.0003846153846153,0.0,4470.0,6.29253197703683e-05,-0.0155229950411275,0.5412382632473265,discharge,0.6469345162658405,1.4087613861343392e-05,3.5186485261115448,1
3.6817130855726607,0.0004613636120658,6.945669746809351,0.0004,0.0,4471.0,6.292531976992422e-05,-0.0155229950411275,0.5412383273256058,discharge,0.6469345730537239,1.3158508616681005e-05,3.5186551120849994,1
3.681747573225324,0.0003077689347996,6.932411601769853,0.0004,0.0,4472.0,3.4487652663450774e-05,-0.0132581450394981,0.5412383700712913,discharge,0.6469346109360925,1.2351870734353539e-05,3.5186528678924165,1
3.681782060877987,0.0001541742575334,6.919153456730355,0.0004,0.0,4473.0,3.4487652663006685e-05,-0.0132581450394972,0.5412383914843826,discharge,0.6469346299129461,1.1661615858034284e-05,3.518650496805123,1
3.68181654853065,5.79580267328581e-07,6.905895311690857,0.0004,0.0,4474.0,3.4487652663450774e-05,-0.0132581450394981,0.5412383915648797,discharge,0.646934629984285,1.1081961911050447e-05,3.518648004605192,1
3.681851036183314,-0.0001530150969988,6.89263716665136,0.0004,0.0,4475.0,3.4487652663450774e-05,-0.0132581450394972,0.541238370312783,discharge,0.6469346111501089,1.0607414078691332e-05,3.518645396787437,1
3.681885523835977,-0.0003066097742649,6.879379021611862,0.0004,0.0,4476.0,3.4487652663006685e-05,-0.0132581450394981,0.5412383277280921,discharge,0.6469345734104179,1.0232750536616952e-05,3.5186426785736744,1
3.681920011488641,-0.0004602044515311,6.8661208765723645,0.0004,0.0,4477.0,3.4487652663450774e-05,-0.0132581450394972,0.5412382638108072,discharge,0.6469345167652122,9.953008888300268e-06,3.5186398549263274,1
3.681954499141304,-0.0006137991287973,6.852862731532866,0.0004,0.0,4478.0,3.4487652663006685e-05,-0.0132581450394981,0.5412381785609282,discharge,0.6469344412144915,9.763473276276753e-06,3.5186369305612497,1
3.681988986793967,-0.0007673938060634,6.839604586493368,0.0004,0.0,4479.0,3.4487652663450774e-05,-0.0132581450394981,0.5412380719784551,discharge,0.646934346758256,9.659662133725914e-06,3.5186339099600197,1
3.6820234744466305,-0.0009209884833296,6.826346441453871,0.0004,0.0,4480.0,3.4487652663450774e-05,-0.0132581450394972,0.541237944063388,discharge,0.6469342333965056,9.637316544572156e-06,3.518630797381572,1
3.6820579620992935,-0.0010745831605957,6.813088296414373,0.0004,0.0,4481.0,3.4487652663006685e-05,-0.0132581450394981,0.5412377948157268,discharge,0.6469341011292403,9.692389181872398e-06,3.5186275968732423,1
3.682092449751957,-0.0012281778378619,6.799830151374875,0.0004,0.0,4482.0,3.4487652663450774e-05,-0.0132581450394972,0.5412376242354716,discharge,0.6469339499564601,9.821033795761032e-06,3.5186243122813057,1
3.682126937404621,-0.001381772515128,6.786572006335377,0.0004,0.0,4483.0,3.4487652663450774e-05,-0.0132581450394981,0.5412374323226222,discharge,0.6469337798781651,1.001959522364865e-05,3.5186209472609487,1
3.6821614250572834,-0.0015353671923942,6.77331386129588,0.0004,0.0,4484.0,3.4487652663006685e-05,-0.0132581450394972,0.5412372190771788,discharge,0.6469335908943552,1.0284599896728989e-05,3.5186175052857664,1
3.682195912709947,-0.0016889618696604,6.760055716256382,0.0004,0.0,4485.0,3.4487652663450774e-05,-0.0132581450394981,0.5412369844991414,discharge,0.6469333830050304,1.0612746818136046e-05,3.51861398965678,1
3.682250481004435,-0.0015195827353899,6.748044080349441,0.0003846153846153,0.0,4486.0,5.456829448791112e-05,-0.0120116359069406,0.5412367734459838,discharge,0.6469331959640827,1.0840440911663785e-05,3.518617045548851,1
3.682305049298922,-0.0013502036011194,6.7360324444425,0.0003692307692307,0.0,4487.0,5.456829448746703e-05,-0.0120116359069406,0.5412365859177057,discharge,0.646933029771512,1.097267281961225e-05,3.518620208495083,1
3.68235961759341,-0.001180824466849,6.72402080853556,0.0003538461538461,0.0,4488.0,5.456829448791112e-05,-0.0120116359069406,0.5412364219143075,discharge,0.6469328844273183,1.1014185241927962e-05,3.5186234737527373,1
3.682414185887898,-0.0010114453325785,6.712009172628619,0.0003384615384615,0.0,4489.0,5.456829448791112e-05,-0.0120116359069406,0.5412362814357892,discharge,0.6469327599315017,1.09694852543398e-05,3.518626836814721,1
3.6824687541823855,-0.0008420661983081,6.699997536721678,0.0003230769230769,0.0,4490.0,5.456829448746703e-05,-0.0120116359069406,0.5412361644821505,discharge,0.646932656284062,1.0842856014512343e-05,3.51863029339786,1
3.6825233224768734,-0.0006726870640376,6.687985900814738,0.0003076923076923,0.0,4491.0,5.456829448791112e-05,-0.0120116359069406,0.5412360710533917,discharge,0.6469325734849994,1.063836788662013e-05,3.5186338394317658,1
3.6825778907713618,-0.0005033079297672,6.675974264907798,0.0002923076923076,0.0,4492.0,5.456829448791112e-05,-0.0120116359069397,0.5412360011495125,discharge,0.6469325115343139,1.0359889013237325e-05,3.518637471048286,1
3.6826324590658497,-0.0003339287954967,6.663962629000857,0.000276923076923,0.0,4493.0,5.456829448791112e-05,-0.0120116359069406,0.5412359547705131,discharge,0.6469324704320053,1.0011095362000158e-05,3.5186411845714347,1
3.6826870273603367,-0.0001645496612263,6.651950993093917,0.0002615384615384,0.0,4494.0,5.456829448746703e-05,-0.0120116359069406,0.5412359319163935,discharge,0.6469324501780739,9.595480273136987e-06,3.5186449765078818,1
3.6827415956548246,4.829473044138505e-06,6.639939357186976,0.0002461538461538,0.0,4495.0,5.456829448791112e-05,-0.0120116359069406,0.5412359325871536,discharge,0.6469324507725195,9.11636353266284e-06,3.518648843537822,1
3.682796163949313,0.0001742086073145,6.627927721280035,0.0002307692307692,0.0,4496.0,5.456829448791112e-05,-0.0120116359069406,0.5412359567827936,discharge,0.6469324722153421,8.576899994804789e-06,3.518652782506412,1
3.6828507322438,0.000343587741585,6.615916085373095,0.0002153846153846,0.0,4497.0,5.456829448746703e-05,-0.0120116359069406,0.5412360045033132,discharge,0.6469325145065418,7.980087776052404e-06,3.5186567904155273,1
3.682905300538288,0.0005129668758555,6.603904449466154,0.0002,0.0,4498.0,5.456829448791112e-05,-0.0120116359069406,0.5412360757487127,discharge,0.6469325776461184,7.328776042116253e-06,3.518660864416023,1
3.6829380143764294,0.0003793630078635,6.5960090941814125,0.0002142857142857,0.0,4499.0,3.271383814151818e-05,-0.0078953552847416,0.5412361284380194,discharge,0.6469326243407899,6.776198761453161e-06,3.518658770878532,1
3.6829707282145714,0.0002457591398715,6.588113738896671,0.0002285714285714,0.0,4500.0,3.271383814196227e-05,-0.0078953552847416,0.5412361625712332,discharge,0.646932654590556,6.317450663107809e-06,3.5186565743683733,1
3.683003442052713,0.0001121552718795,6.580218383611928,0.0002428571428571,0.0,4501.0,3.271383814151818e-05,-0.0078953552847425,0.5412361781483543,discharge,0.646932668395417,5.947870177106121e-06,3.518654279547107,1
3.683036155890855,-2.144859611249994e-05,6.572323028327187,0.0002571428571428,0.0,4502.0,3.271383814196227e-05,-0.0078953552847416,0.5412361751693826,discharge,0.6469326657553727,5.6630273270367735e-06,3.5186518908447115,1
3.683068869728997,-0.0001550524641044,6.564427673042445,0.0002714285714285,0.0,4503.0,3.271383814151818e-05,-0.0078953552847416,0.5412361536343182,discharge,0.6469326466704232,5.458712224146783e-06,3.5186494124710777,1
3.6831015835671383,-0.0002886563320964,6.5565323177577035,0.0002857142857142,0.0,4504.0,3.271383814196227e-05,-0.0078953552847416,0.5412361135431609,discharge,0.6469326111405683,5.330924133067324e-06,3.518646848426936,1
3.68313429740528,-0.0004222602000884,6.548636962472961,0.0003,0.0,4505.0,3.271383814151818e-05,-0.0078953552847425,0.5412360548959109,discharge,0.6469325591658083,5.275861080769859e-06,3.5186442025142712,1
3.6831670112434214,-0.0005558640680804,6.540741607188219,0.0003142857142857,0.0,4506.0,3.271383814151818e-05,-0.0078953552847416,0.5412359776925681,discharge,0.646932490746143,5.289909981764611e-06,3.5186414783461712,1
3.6831997250815633,-0.0006894679360724,6.532846251903478,0.0003285714285714,0.0,4507.0,3.271383814196227e-05,-0.0078953552847416,0.5412358819331325,discharge,0.6469324058815725,5.369637253893466e-06,3.518638679356234,1
3.683232438919705,-0.0008230718040644,6.524950896618736,0.0003428571428571,0.0,4508.0,3.271383814151818e-05,-0.0078953552847416,0.5412357676176043,discharge,0.6469323045720967,5.511779900343894e-06,3.518635808807457,1
3.683265152757847,-0.0009566756720564,6.517055541333995,0.0003571428571428,0.0,4509.0,3.271383814196227e-05,-0.0078953552847416,0.541235634745983,discharge,0.6469321868177157,5.713237034721375e-06,3.518632869800751,1
3.683297866595988,-0.0010902795400484,6.509160186049252,0.0003714285714285,0.0,4510.0,3.271383814151818e-05,-0.0078953552847425,0.5412354833182691,discharge,0.6469320526184295,5.971061827168517e-06,3.5186298652829477,1
3.6833305804341303,-0.0012238834080404,6.5012648307645104,0.0003857142857142,0.0,4511.0,3.271383814196227e-05,-0.0078953552847416,0.5412353133344625,discharge,0.646931901974238,6.282453850612677e-06,3.5186267980545063,1
3.683363294272272,-0.0013574872760325,6.493369475479769,0.0004,0.0,4512.0,3.271383814151818e-05,-0.0078953552847416,0.541235124794563,discharge,0.6469317348851412,6.644751807263155e-06,3.5186236707767358,1
3.683414690229611,-0.0013829343856704,6.479405415236515,0.0004,0.0,4513.0,5.139595733893998e-05,-0.0139640602432535,0.5412349327203428,discharge,0.646931564663835,7.001692768980668e-06,3.518622710249678,1
3.6834660861869497,-0.0014083814953084,6.465441354993261,0.0004,0.0,4514.0,5.139595733849589e-05,-0.0139640602432544,0.5412347371118018,discharge,0.6469313913103192,7.35354287904941e-06,3.518621753072022,1
3.683517482144288,-0.0014338286049463,6.451477294750007,0.0004,0.0,4515.0,5.139595733893998e-05,-0.0139640602432535,0.54123453796894,discharge,0.6469312148245939,7.700555058368804e-06,3.518620798990854,1
3.6835688781016263,-0.0014592757145843,6.437513234506753,0.0004,0.0,4516.0,5.139595733849589e-05,-0.0139640602432544,0.5412343352917575,discharge,0.6469310352066591,8.04296966236096e-06,3.518619847765829,1
3.6836202740589656,-0.0014847228242223,6.423549174263499,0.0004,0.0,4517.0,5.139595733893998e-05,-0.0139640602432535,0.541234129080254,discharge,0.6469308524565147,8.381015105241688e-06,3.5186188991685308,1
3.683671670016305,-0.0015101699338602,6.409585114020245,0.0004,0.0,4518.0,5.139595733893998e-05,-0.0139640602432544,0.5412339193344299,discharge,0.6469306665741609,8.714908453276953e-06,3.518617952981901,1
3.683723065973643,-0.0015356170434982,6.395621053776991,0.0004,0.0,4519.0,5.139595733849589e-05,-0.0139640602432535,0.5412337060542849,discharge,0.6469304775595975,9.044855988565646e-06,3.5186170089996547,1
3.683774461930982,-0.0015610641531361,6.381656993533737,0.0004,0.0,4520.0,5.139595733893998e-05,-0.0139640602432544,0.5412334892398192,discharge,0.6469302854128247,9.371053744812461e-06,3.5186160670257722,1
3.683825857888321,-0.0015865112627741,6.367692933290483,0.0004,0.0,4521.0,5.139595733893998e-05,-0.0139640602432535,0.5412332688910327,discharge,0.6469300901338423,9.693688016483192e-06,3.5186151268739647,1
3.683877253845659,-0.0016119583724121,6.3537288730472286,0.0004,0.0,4522.0,5.139595733849589e-05,-0.0139640602432544,0.5412330450079255,discharge,0.6469298917226504,1.0012935842664107e-05,3.5186141883671866,1
3.6839286498029984,-0.00163740548205,6.339764812803975,0.0004,0.0,4523.0,5.139595733893998e-05,-0.0139640602432535,0.5412328175904975,discharge,0.646929690179249,1.0328965466882641e-05,3.518613251337205,1
3.683980045760337,-0.001662852591688,6.3258007525607205,0.0004,0.0,4524.0,5.139595733849589e-05,-0.0139640602432544,0.5412325866387485,discharge,0.646929485503638,1.0641936774083675e-05,3.5186123156241482,1
3.684031441717676,-0.001688299701326,6.311836692317467,0.0004,0.0,4525.0,5.139595733893998e-05,-0.0139640602432535,0.541232352152679,discharge,0.6469292776958175,1.09520017058959e-05,3.518611381076068,1
3.684079962227808,-0.0017657970767112,6.299893085322987,0.0004,0.0,4526.0,4.852051013193304e-05,-0.01194360699448,0.541232106903085,discharge,0.6469290603490742,1.1285163982819424e-05,3.518609377121817,1
3.68412848273794,-0.0018432944520964,6.287949478328506,0.0004,0.0,4527.0,4.852051013193304e-05,-0.0119436069944809,0.5412318508899665,discharge,0.6469288334634079,1.1640276095222465e-05,3.5186073459142353,1
3.684177003248072,-0.0019207918274817,6.276005871334026,0.0004,0.0,4528.0,4.8520510132377126e-05,-0.01194360699448,0.5412315841133238,discharge,0.6469285970388188,1.2016247543417454e-05,3.518605288543844,1
3.684225523758204,-0.0019982892028669,6.264062264339546,0.0004,0.0,4529.0,4.852051013193304e-05,-0.01194360699448,0.5412313065731569,discharge,0.6469283510753068,1.2412042005324099e-05,3.5186032060469805,1
3.684274044268336,-0.0020757865782521,6.252118657345065,0.0004,0.0,4530.0,4.852051013193304e-05,-0.0119436069944809,0.5412310182694654,discharge,0.6469280955728719,1.2826674644847368e-05,3.5186010994084906,1
3.684322564778468,-0.0021532839536374,6.240175050350585,0.0004,0.0,4531.0,4.852051013193304e-05,-0.01194360699448,0.5412307192022496,discharge,0.646927830531514,1.3259209553979002e-05,3.518598969564322,1
3.6843710852886,-0.0022307813290226,6.228231443356104,0.0004,0.0,4532.0,4.852051013193304e-05,-0.0119436069944809,0.5412304093715095,discharge,0.6469275559512333,1.3708757321979001e-05,3.518596817403883,1
3.684419605798732,-0.0023082787044078,6.216287836361624,0.0004,0.0,4533.0,4.8520510132377126e-05,-0.01194360699448,0.541230088777245,discharge,0.6469272718320297,1.4174472725323992e-05,3.5185946437724342,1
3.684468126308864,-0.0023857760797931,6.204344229367144,0.0004,0.0,4534.0,4.852051013193304e-05,-0.01194360699448,0.541229757419456,discharge,0.6469269781739032,1.4655552532422164e-05,3.51859244947322,1
3.684516646818996,-0.0024632734551783,6.192400622372663,0.0004,0.0,4535.0,4.852051013193304e-05,-0.0119436069944809,0.5412294152981428,discharge,0.6469266749768539,1.5151233417393007e-05,3.518590235269587,1
3.684565167329128,-0.0025407708305635,6.180457015378183,0.0004,0.0,4536.0,4.852051013193304e-05,-0.01194360699448,0.5412290624133053,discharge,0.6469263622408816,1.5660789977493803e-05,3.5185880018869735,1
3.684613687839261,-0.0026182682059488,6.168513408383703,0.0004,0.0,4537.0,4.8520510132377126e-05,-0.01194360699448,0.5412286987649433,discharge,0.6469260399659864,1.618353284904309e-05,3.518585750014752,1
3.684662208349392,-0.002695765581334,6.156569801389222,0.0004,0.0,4538.0,4.852051013193304e-05,-0.0119436069944809,0.5412283243530571,discharge,0.6469257081521683,1.671880691694764e-05,3.5185834803080644,1
3.684710728859524,-0.0027732629567193,6.144626194394742,0.0004,0.0,4539.0,4.852051013193304e-05,-0.01194360699448,0.5412279391776464,discharge,0.6469253667994274,1.7265989613183075e-05,3.518581193389515,1
3.684762987049207,-0.0030312071759063,6.134607215689992,0.0004,0.0,4540.0,5.2258189682685696e-05,-0.0100189787047497,0.5412275181766497,discharge,0.6469249936970948,1.7914137911061513e-05,3.5185751789164135,1
3.6848152452388896,-0.0032891513950934,6.124588236985241,0.0004,0.0,4541.0,5.2258189682685696e-05,-0.0100189787047506,0.5412270613500672,discharge,0.6469245888451707,1.8658235692938074e-05,3.518569050841851,1
3.6848675034285727,-0.0035470956142805,6.114569258280492,0.0004,0.0,4542.0,5.2258189683129785e-05,-0.0100189787047497,0.5412265686978985,discharge,0.646924152243655,1.94935160491735e-05,3.5185628139328355,1
3.6849197616182554,-0.0038050398334676,6.104550279575742,0.0004,0.0,4543.0,5.2258189682685696e-05,-0.0100189787047497,0.5412260402201439,discharge,0.6469236838925476,2.041544889711877e-05,3.5185564727195677,1
3.684972019807938,-0.0040629840526546,6.094531300870992,0.0004,0.0,4544.0,5.2258189682685696e-05,-0.0100189787047497,0.5412254759168031,discharge,0.6469231837918488,2.1419729215206383e-05,3.5185500315071776,1
3.685024277997621,-0.0043209282718417,6.084512322166241,0.0004,0.0,4545.0,5.2258189682685696e-05,-0.0100189787047506,0.5412248757878766,discharge,0.6469226519415583,2.2502265861589317e-05,3.5185434943869343,1
3.685076536187303,-0.0045788724910288,6.074493343461492,0.0004,0.0,4546.0,5.2258189682685696e-05,-0.0100189787047497,0.5412242398333639,discharge,0.6469220883416762,2.3659170948285907e-05,3.5185368652468703,1
3.6851287943769866,-0.0048368167102159,6.064474364756742,0.0004,0.0,4547.0,5.2258189683129785e-05,-0.0100189787047497,0.5412235680532652,discharge,0.6469214929922026,2.488674974323282e-05,3.518530147781841,1
3.6851810525666697,-0.005094760929403,6.054455386051991,0.0004,0.0,4548.0,5.2258189682685696e-05,-0.0100189787047506,0.5412228604475806,discharge,0.6469208658931374,2.6181491074018684e-05,3.518523345503187,1
3.685233310756352,-0.00535270514859,6.044436407347241,0.0004,0.0,4549.0,5.2258189682685696e-05,-0.0100189787047497,0.54122211701631,discharge,0.6469202070444806,2.7540058208374055e-05,3.5185164617477804,1
3.685285568946034,-0.0056106493677771,6.034417428642492,0.0004,0.0,4550.0,5.2258189682685696e-05,-0.0100189787047497,0.5412213377594534,discharge,0.6469195164462322,2.895928018773214e-05,3.518509499686753,1
3.685337827135718,-0.0058685935869642,6.024398449937742,0.0004,0.0,4551.0,5.2258189683129785e-05,-0.0100189787047497,0.5412205226770107,discharge,0.6469187940983923,3.043614359135045e-05,3.518502462333701,1
3.685390085325401,-0.0061265378061513,6.014379471232991,0.0004,0.0,4552.0,5.2258189682685696e-05,-0.0100189787047506,0.5412196717689821,discharge,0.6469180400009608,3.196778470960308e-05,3.5184953525525127,1
3.685442343515083,-0.0063844820253384,6.0043604925282414,0.0004,0.0,4553.0,5.2258189682685696e-05,-0.0100189787047497,0.5412187850353675,discharge,0.6469172541539376,3.3551482106115105e-05,3.518488173064812,1
3.6854888971841446,-0.0059391921346205,5.991414661780844,0.0003846153846153,0.0,4554.0,4.655366906147762e-05,-0.0129458307473973,0.5412179601475711,discharge,0.6469165231163311,3.483527263591679e-05,3.518495388639933,1
3.6855354508532066,-0.0054939022439027,5.978468831033447,0.0003692307692307,0.0,4555.0,4.655366906192171e-05,-0.0129458307473973,0.5412171971055927,discharge,0.6469158468881411,3.583405610747226e-05,3.5185029196955386,1
3.685582004522268,-0.0050486123531849,5.9655230002860495,0.0003538461538461,0.0,4556.0,4.655366906147762e-05,-0.0129458307473973,0.5412164959094325,discharge,0.6469152254693677,3.65619920851335e-05,3.518510752071784,1
3.6856285581913295,-0.004603322462467,5.952577169538653,0.0003384615384615,0.0,4557.0,4.655366906147762e-05,-0.0129458307473964,0.5412158565590905,discharge,0.646914658860011,3.7032536665542274e-05,3.5185188723122973,1
3.685675111860391,-0.0041580325717492,5.939631338791256,0.0003230769230769,0.0,4558.0,4.655366906192171e-05,-0.0129458307473973,0.5412152790545666,discharge,0.6469141470600708,3.725847742692728e-05,3.518527267629255,1
3.685721665529453,-0.0037127426810314,5.9266855080438585,0.0003076923076923,0.0,4559.0,4.655366906147762e-05,-0.0129458307473973,0.5412147633958609,discharge,0.6469136900695472,3.725196664206911e-05,3.5185359258701667,1
3.6857682191985144,-0.0032674527903135,5.913739677296461,0.0002923076923076,0.0,4560.0,4.655366906147762e-05,-0.0129458307473973,0.5412143095829733,discharge,0.6469132878884403,3.702455284119711e-05,3.518544835486299,1
3.685814772867576,-0.0028221628995957,5.900793846549064,0.000276923076923,0.0,4561.0,4.655366906147762e-05,-0.0129458307473973,0.5412139176159041,discharge,0.6469129405167499,3.658721080679579e-05,3.5185539855027006,1
3.685861326536638,-0.0023768730088779,5.887848015801667,0.0002615384615384,0.0,4562.0,4.655366906192171e-05,-0.0129458307473973,0.5412135874946529,discharge,0.646912647954476,3.595037007822548e-05,3.5185633654896744,1
3.6859078802056993,-0.00193158311816,5.87490218505427,0.0002461538461538,0.0,4563.0,4.655366906147762e-05,-0.0129458307473964,0.5412133192192197,discharge,0.6469124102016188,3.512394204019221e-05,3.518572965535717,1
3.6859544338747607,-0.0014862932274422,5.861956354306873,0.0002307692307692,0.0,4564.0,4.655366906147762e-05,-0.0129458307473973,0.5412131127896047,discharge,0.6469122272581782,3.411734566542313e-05,3.518582776221741,1
3.686000987543822,-0.0010410033367244,5.849010523559476,0.0002153846153846,0.0,4565.0,4.655366906192171e-05,-0.0129458307473973,0.541212968205808,discharge,0.6469120991241541,3.293953197840828e-05,3.518592788596664,1
3.686047541212884,-0.0005957134460066,5.836064692812078,0.0002,0.0,4566.0,4.655366906147762e-05,-0.0129458307473973,0.5412128854678294,discharge,0.6469120257995468,3.159900730374831e-05,3.5186029941540813,1
3.686104869981598,-0.0007929327570357,5.8260815401696755,0.0002,0.0,4567.0,5.7328768714004497e-05,-0.0099831526424027,0.5412127753382798,discharge,0.6469119281997973,3.0423063257177186e-05,3.5186001714510122,1
3.686162198750312,-0.0009901520680648,5.816098387527274,0.0002,0.0,4568.0,5.7328768714004497e-05,-0.0099831526424019,0.5412126378171592,discharge,0.6469118063249056,2.940352323419658e-05,3.518597178848111,1
3.686219527519026,-0.001187371379094,5.806115234884871,0.0002,0.0,4569.0,5.7328768714004497e-05,-0.0099831526424027,0.5412124729044676,discharge,0.6469116601748719,2.8532616855888337e-05,3.518594024115782,1
3.68627685628774,-0.0013845906901231,5.796132082242469,0.0002,0.0,4570.0,5.732876871356041e-05,-0.0099831526424019,0.5412122806002051,discharge,0.646911489749696,2.7802959787037847e-05,3.518590714638388,1
3.6863341850564537,-0.0015818100011522,5.786148929600066,0.0002,0.0,4571.0,5.7328768714004497e-05,-0.0099831526424027,0.5412120609043717,discharge,0.646911295049378,2.7207534556922648e-05,3.5185872574334263,1
3.686391513825168,-0.0017790293121814,5.776165776957664,0.0002,0.0,4572.0,5.7328768714004497e-05,-0.0099831526424019,0.5412118138169673,discharge,0.646911076073918,2.673967233295194e-05,3.5185836591697774,1
3.6864488425938817,-0.0019762486232105,5.766182624315261,0.0002,0.0,4573.0,5.7328768714004497e-05,-0.0099831526424027,0.5412115393379917,discharge,0.6469108328233157,2.6393035599817984e-05,3.518579926184989,1
3.686506171362596,-0.0021734679342396,5.756199471672859,0.0002,0.0,4574.0,5.7328768714004497e-05,-0.0099831526424027,0.5412112374674454,discharge,0.6469105652975714,2.6161601699172728e-05,3.51857606450177,1
3.6865635001313097,-0.0023706872452688,5.746216319030457,0.0002,0.0,4575.0,5.7328768714004497e-05,-0.0099831526424019,0.5412109082053279,discharge,0.646910273496685,2.6039647187077004e-05,3.5185720798436213,1
3.686620828900024,-0.0025679065562979,5.736233166388054,0.0002,0.0,4576.0,5.7328768714004497e-05,-0.0099831526424027,0.5412105515516397,discharge,0.6469099574206564,2.602173296859424e-05,3.5185679776496817,1
3.6866781576687377,-0.002765125867327,5.726250013745652,0.0002,0.0,4577.0,5.732876871356041e-05,-0.0099831526424019,0.5412101675063803,discharge,0.6469096170694857,2.610269017091941e-05,3.5185637630888893,1
3.6867354864374513,-0.0029623451783562,5.716266861103249,0.0002,0.0,4578.0,5.7328768714004497e-05,-0.0099831526424027,0.5412097560695499,discharge,0.6469092524431729,2.6277606718351292e-05,3.5185594410733954,1
3.6867928152061658,-0.0031595644893853,5.706283708460847,0.0002,0.0,4579.0,5.7328768714004497e-05,-0.0099831526424019,0.5412093172411485,discharge,0.646908863541718,2.6541814574239473e-05,3.51855501627129,1
3.6868501439748793,-0.0033567838004145,5.6963005558184445,0.0002,0.0,4580.0,5.7328768714004497e-05,-0.0099831526424027,0.5412088510211763,discharge,0.6469084503651209,2.689087761677025e-05,3.518550493118784,1
3.6868819071803385,-0.0029075507364317,5.687244616457978,0.0002,0.0,4581.0,3.1763205459167665e-05,-0.0090559393604667,0.5412084471946852,discharge,0.6469080924832941,2.699941319369931e-05,3.518559170282429,1
3.686913670385798,-0.0024583176724489,5.678188677097511,0.0002,0.0,4582.0,3.1763205459611754e-05,-0.0090559393604667,0.5412081057616751,discharge,0.6469077898962373,2.687937105865227e-05,3.518568106764809,1
3.6869454335912577,-0.0020090846084661,5.669132737737044,0.0002,0.0,4583.0,3.1763205459167665e-05,-0.0090559393604667,0.5412078267221461,discharge,0.6469075426039507,2.6542107284149115e-05,3.518577291209733,1
3.686977196796717,-0.0015598515444833,5.660076798376578,0.0002,0.0,4584.0,3.1763205459167665e-05,-0.0090559393604658,0.5412076100760983,discharge,0.6469073506064342,2.599841375654327e-05,3.51858671282519,1
3.687008960002176,-0.0011106184805005,5.6510208590161115,0.0002,0.0,4585.0,3.1763205459611754e-05,-0.0090559393604667,0.5412074558235316,discharge,0.6469072139036879,2.52585462056093e-05,3.5185963613553795,1
3.687040723207635,-0.0006613854165177,5.641964919655645,0.0002,0.0,4586.0,3.1763205459167665e-05,-0.0090559393604667,0.5412073639644459,discharge,0.6469071324957117,2.433225084158001e-05,3.5186062270540304,1
3.6870724864130944,-0.000212152352535,5.632908980295178,0.0002,0.0,4587.0,3.1763205459167665e-05,-0.0090559393604667,0.5412073344988413,discharge,0.6469071063825057,2.3228789668816897e-05,3.518616300659091,1
3.6871042496185535,0.0002370807114477,5.623853040934711,0.0002,0.0,4588.0,3.1763205459167665e-05,-0.0090559393604667,0.5412073674267179,discharge,0.6469071355640698,2.195696454186058e-05,3.5186265733687097,1
3.687136012824013,0.0006863137754305,5.614797101574244,0.0002,0.0,4589.0,3.1763205459611754e-05,-0.0090559393604667,0.5412074627480756,discharge,0.646907220040404,2.052514002634184e-05,3.518637036818329,1
3.687167776029472,0.0011355468394133,5.6057411622137785,0.0002,0.0,4590.0,3.1763205459167665e-05,-0.0090559393604658,0.5412076204629145,discharge,0.6469073598115084,1.8941265124129496e-05,3.518647683058981,1
3.687199539234931,0.0015847799033961,5.596685222853312,0.0002,0.0,4591.0,3.1763205459167665e-05,-0.0090559393604667,0.5412078405712344,discharge,0.6469075548773828,1.7212893919141248e-05,3.518658504536643,1
3.687231302440391,0.0020340129673789,5.587629283492845,0.0002,0.0,4592.0,3.1763205459611754e-05,-0.0090559393604667,0.5412081230730355,discharge,0.6469078052380275,1.534720519744074e-05,3.518669494072616,1
3.6872630656458503,0.0024832460313617,5.578573344132378,0.0002,0.0,4593.0,3.1763205459167665e-05,-0.0090559393604667,0.5412084679683176,discharge,0.6469081108934422,1.3351021092579687e-05,3.518680644844879,1
3.6872786352833886,0.0021048148997547,5.580826427692409,0.0002,0.0,4594.0,1.5569637538348502e-05,0.0022530835600305,0.5412087603037202,discharge,0.6469083699688875,1.1642020390833553e-05,3.518674929254223,1
3.6872942049209274,0.0017263837681477,5.58307951125244,0.0002,0.0,4595.0,1.556963753879259e-05,0.0022530835600313,0.5412090000792436,discharge,0.6469085824643631,1.0205935403878248e-05,3.518668914852166,1
3.6873097745584658,0.0013479526365407,5.585332594812471,0.0002,0.0,4596.0,1.5569637538348502e-05,0.0022530835600305,0.5412091872948875,discharge,0.6469087483798692,9.029207282855703e-06,3.518662615197463,1
3.687325344196004,0.0009695215049337,5.587585678372502,0.0002,0.0,4597.0,1.5569637538348502e-05,0.0022530835600313,0.5412093219506521,discharge,0.6469088677154058,8.098950802200286e-06,3.5186560431752945,1
3.6873409138335425,0.0005910903733268,5.5898387619325325,0.0002,0.0,4598.0,1.5569637538348502e-05,0.0022530835600305,0.5412094040465373,discharge,0.6469089404709729,7.402920893055801e-06,3.518649211030674,1
3.6873564834710817,0.0002126592417198,5.592091845492564,0.0002,0.0,4599.0,1.556963753879259e-05,0.0022530835600313,0.541209433582543,discharge,0.6469089666465705,6.929480839361096e-06,3.5186421304002913,1
3.687372053108619,-0.0001657718898871,5.594344929052594,0.0002,0.0,4600.0,1.5569637538348502e-05,0.0022530835600305,0.5412094105586694,discharge,0.6469089462421985,6.667572053999963e-06,3.5186348123427305,1
3.687387622746158,-0.0005442030214941,5.596598012612625,0.0002,0.0,4601.0,1.5569637538348502e-05,0.0022530835600305,0.5412093349749165,discharge,0.646908879257857,6.606685356516172e-06,3.5186272673671795,1
3.6874031923836967,-0.0009226341531011,5.598851096172656,0.0002,0.0,4602.0,1.556963753879259e-05,0.0022530835600313,0.5412092068312842,discharge,0.6469087656935459,6.736833677792977e-06,3.5186195054607277,1
3.687418762021235,-0.001301065284708,5.601104179732687,0.0002,0.0,4603.0,1.5569637538348502e-05,0.0022530835600305,0.5412090261277723,discharge,0.6469086055492653,7.0485261208039e-06,3.5186115361143075,1
3.6874343316587734,-0.001679496416315,5.603357263292718,0.0002,0.0,4604.0,1.5569637538348502e-05,0.0022530835600313,0.5412087928643812,discharge,0.6469083988250152,7.532743310063228e-06,3.5186033683473643,1
3.687449901296312,-0.002057927547922,5.605610346852749,0.0002,0.0,4605.0,1.5569637538348502e-05,0.0022530835600305,0.5412085070411107,discharge,0.6469081455207955,8.180913965751285e-06,3.5185950107312536,1
3.6874654709338506,-0.002436358679529,5.60786343041278,0.0002,0.0,4606.0,1.556963753879259e-05,0.0022530835600313,0.5412081686579607,discharge,0.6469078456366063,8.984892641671369e-06,3.518586471411514,1
3.687481040571389,-0.002814789811136,5.610116513972811,0.0002,0.0,4607.0,1.5569637538348502e-05,0.0022530835600305,0.5412077777149314,discharge,0.6469074991724476,9.93693856921724e-06,3.518577758129017,1
3.6875415390416304,-0.0025022822417654,5.616064419765025,0.0002153846153846,0.0,4608.0,6.049847024147681e-05,0.0059479057922144,0.5412074301757311,discharge,0.6469071911739219,1.0686427176526376e-05,3.5185830875627833,1
3.687602037511872,-0.0021897746723948,5.622012325557239,0.0002307692307692,0.0,4609.0,6.04984702419209e-05,0.0059479057922136,0.5412071260403599,discharge,0.6469069216410294,1.1243421805287583e-05,3.5185886308753593,1
3.687662535982114,-0.0018772671030242,5.627960231349453,0.0002461538461538,0.0,4610.0,6.049847024147681e-05,0.0059479057922144,0.541206865308818,discharge,0.6469066905737699,1.1617485835767257e-05,3.5185943785032747,1
3.687723034452356,-0.0015647595336536,5.633908137141667,0.0002615384615384,0.0,4611.0,6.04984702419209e-05,0.0059479057922136,0.5412066479811048,discharge,0.6469064979721436,1.181770752561856e-05,3.518600321358207,1
3.687783532922597,-0.001252251964283,5.639856042933881,0.000276923076923,0.0,4612.0,6.049847024147681e-05,0.0059479057922144,0.541206474057221,discharge,0.6469063438361503,1.1852723614662501e-05,3.518606450803362,1
3.6878440313928382,-0.0009397443949124,5.645803948726095,0.0002923076923076,0.0,4613.0,6.049847024147681e-05,0.0059479057922136,0.5412063435371661,discharge,0.6469062281657901,1.1730741756949235e-05,3.5186127586310314,1
3.6879045298630806,-0.0006272368255418,5.651751854518309,0.0003076923076923,0.0,4614.0,6.04984702419209e-05,0.0059479057922144,0.5412062564209403,discharge,0.6469061509610631,1.1459561838361989e-05,3.518619237041297,1
3.687965028333322,-0.0003147292561712,5.657699760310523,0.0003230769230769,0.0,4615.0,6.049847024147681e-05,0.0059479057922136,0.5412062127085436,discharge,0.6469061122219691,1.1046596235131492e-05,3.518625878621765,1
3.688025526803563,-2.2216868006690754e-06,5.6636476661027375,0.0003384615384615,0.0,4616.0,6.049847024147681e-05,0.0059479057922144,0.541206212399976,discharge,0.6469061119485083,1.0498889065878023e-05,3.5186326763282896,1
3.6880860252738055,0.0003102858825699,5.669595571894951,0.0003538461538461,0.0,4617.0,6.04984702419209e-05,0.0059479057922136,0.5412062554952375,discharge,0.6469061501406805,9.823134487183955e-06,3.518639623466728,1
3.688146523744047,0.0006227934519405,5.675543477687166,0.0003692307692307,0.0,4618.0,6.049847024147681e-05,0.0059479057922144,0.541206341994328,discharge,0.6469062267984859,9.025694080215837e-06,3.5186467136755133,1
3.688207022214289,0.0009353010213111,5.681491383479379,0.0003846153846153,0.0,4619.0,6.04984702419209e-05,0.0059479057922136,0.5412064718972477,discharge,0.6469063419219243,8.112613373553806e-06,3.5186539409091226,1
3.6882675206845303,0.0012478085906817,5.687439289271594,0.0004,0.0,4620.0,6.049847024147681e-05,0.0059479057922144,0.5412066452039963,discharge,0.6469064955109959,7.0896375451428335e-06,3.5186612994224284,1
3.6882900983073696,0.0010339148976347,5.689170794828561,0.0004,0.0,4621.0,2.2577622839303757e-05,0.0017315055569673,0.5412067888032877,discharge,0.6469066227725249,6.223750132226472e-06,3.5186579581856225,1
3.688312675930209,0.0008200212045878,5.690902300385529,0.0004,0.0,4622.0,2.2577622839303757e-05,0.0017315055569682,0.5412069026951216,discharge,0.6469067237065114,5.507146754303251e-06,3.518654453028303,1
3.688335253553048,0.0006061275115409,5.692633805942497,0.0004,0.0,4623.0,2.2577622839303757e-05,0.0017315055569673,0.5412069868794983,discharge,0.6469067983129554,4.932410763823407e-06,3.518650791367101,1
3.688357831175888,0.000392233818494,5.694365311499464,0.0004,0.0,4624.0,2.2577622839303757e-05,0.0017315055569673,0.5412070413564175,discharge,0.6469068465918568,4.492493983052992e-06,3.5186469802501765,1
3.688380408798727,0.0001783401254471,5.696096817056432,0.0004,0.0,4625.0,2.2577622839303757e-05,0.0017315055569682,0.5412070661258794,discharge,0.6469068685432158,4.180698397958566e-06,3.518643026375534,1
3.688402986421566,-3.5553567599785766e-05,5.697828322613399,0.0004,0.0,4626.0,2.2577622839303757e-05,0.0017315055569673,0.5412070611878839,discharge,0.6469068641670322,3.990658761566282e-06,3.5186389361084136,1
3.6884255640444055,-0.0002494472606467,5.699559828170368,0.0004,0.0,4627.0,2.2577622839303757e-05,0.0017315055569682,0.541207026542431,discharge,0.6469068334633061,3.916326061611365e-06,3.5186347154978326,1
3.688448141667244,-0.0004633409536936,5.701291333727335,0.0004,0.0,4628.0,2.2577622838859668e-05,0.0017315055569673,0.5412069621895208,discharge,0.6469067764320375,3.9519518095387e-06,3.518630370292281,1
3.688470719290083,-0.0006772346467405,5.703022839284302,0.0004,0.0,4629.0,2.2577622839303757e-05,0.0017315055569673,0.5412068681291532,discharge,0.6469066930732265,4.092073110048738e-06,3.5186259059546714,1
3.688493296912923,-0.0008911283397874,5.7047543448412705,0.0004,0.0,4630.0,2.2577622839303757e-05,0.0017315055569682,0.5412067443613282,discharge,0.6469065833868729,4.331498472410008e-06,3.5186213276765086,1
3.6885158745357622,-0.0011050220328343,5.706485850398238,0.0004,0.0,4631.0,2.2577622839303757e-05,0.0017315055569673,0.5412065908860458,discharge,0.6469064473729768,4.66529432668622e-06,3.518616640391389,1
3.6885384521586015,-0.0013189157258812,5.708217355955205,0.0004,0.0,4632.0,2.2577622839303757e-05,0.0017315055569673,0.5412064077033062,discharge,0.6469062850315381,5.088772209856778e-06,3.518611848787802,1
3.688561029781441,-0.0015328094189281,5.709948861512173,0.0004,0.0,4633.0,2.2577622839303757e-05,0.0017315055569682,0.541206194813109,discharge,0.646906096362557,5.597476588549426e-06,3.5186069573213072,1
3.68858360740428,-0.0017467031119751,5.711680367069141,0.0004,0.0,4634.0,2.2577622839303757e-05,0.0017315055569673,0.5412059522154546,discharge,0.6469058813660333,6.187173286757263e-06,3.5186019702261313,1
3.6886545183812425,-0.0016653298150347,5.71414942929276,0.0003846153846153,0.0,4635.0,7.091097696232396e-05,0.0024690622236196,0.541205720919647,discharge,0.6469056763855083,6.707145561948035e-06,3.5186029637635574,1
3.688725429358205,-0.0015839565180943,5.71661849151638,0.0003692307692307,0.0,4636.0,7.091097696232396e-05,0.0024690622236196,0.5412055009256862,discharge,0.6469054814209819,7.16085742466481e-06,3.5186040291297633,1
3.688796340335167,-0.0015025832211539,5.71908755374,0.0003538461538461,0.0,4637.0,7.091097696232396e-05,0.0024690622236196,0.5412052922335722,discharge,0.6469052964724541,7.551600788378738e-06,3.5186051630328183,1
3.68886725131213,-0.0014212099242135,5.721556615963619,0.0003384615384615,0.0,4638.0,7.091097696276805e-05,0.0024690622236196,0.5412050948433049,discharge,0.646905121539925,7.882504019521388e-06,3.518606362344344,1
3.688938162289092,-0.0013398366272731,5.724025678187239,0.0003230769230769,0.0,4639.0,7.091097696232396e-05,0.0024690622236196,0.5412049087548845,discharge,0.6469049566233944,8.156540062739066e-06,3.518607624091373,1
3.6890090732660545,-0.0012584633303327,5.726494740410859,0.0003076923076923,0.0,4640.0,7.091097696232396e-05,0.0024690622236196,0.5412047339683108,discharge,0.6469048017228625,8.376534162472715e-06,3.5186089454486655,1
3.689079984243017,-0.0011770900333923,5.728963802634479,0.0002923076923076,0.0,4641.0,7.091097696232396e-05,0.0024690622236205,0.541204570483584,discharge,0.6469046568383291,8.545171200918504e-06,3.5186103237313016,1
3.689150895219979,-0.0010957167364519,5.731432864858099,0.000276923076923,0.0,4642.0,7.091097696232396e-05,0.0024690622236196,0.5412044183007039,discharge,0.6469045219697944,8.665002671427886e-06,3.518611756387801,1
3.6892218061969415,-0.0010143434395115,5.733901927081718,0.0002615384615384,0.0,4643.0,7.091097696232396e-05,0.0024690622236196,0.5412042774196706,discharge,0.6469043971172583,8.738453305459031e-06,3.5186132409934108,1
3.689292717173904,-0.0009329701425711,5.736370989305338,0.0002461538461538,0.0,4644.0,7.091097696276805e-05,0.0024690622236196,0.5412041478404841,discharge,0.6469042822807208,8.767827370291681e-06,3.518614775243853,1
3.6893636281508666,-0.0008515968456307,5.738840051528958,0.0002307692307692,0.0,4645.0,7.091097696232396e-05,0.0024690622236196,0.5412040295631444,discharge,0.646904177460182,8.755314653862387e-06,3.5186163569493285,1
3.689434539127829,-0.0007702235486903,5.741309113752577,0.0002153846153846,0.0,4646.0,7.091097696232396e-05,0.0024690622236196,0.5412039225876515,discharge,0.6469040826556418,8.702996152264454e-06,3.5186179840288387,1
3.6895054501047913,-0.00068885025175,5.743778175976197,0.0002,0.0,4647.0,7.091097696232396e-05,0.0024690622236196,0.5412038269140054,discharge,0.6469039978671002,8.612849474684683e-06,3.5186196545047665,1
3.689502987723568,-0.0007642499276108,5.744676465203529,0.0002142857142857,0.0,4648.0,-2.462381223367061e-06,0.0008982892273321,0.5412037207681821,discharge,0.6469039037978354,8.564641068320165e-06,3.5186181424235348,1
3.689500525342345,-0.0008396496034717,5.745574754430861,0.0002285714285714,0.0,4649.0,-2.462381223367061e-06,0.0008982892273321,0.5412036041501816,discharge,0.6469038004478472,8.556287378982018e-06,3.518616585328159,1
3.689498062961121,-0.0009150492793325,5.746473043658193,0.0002428571428571,0.0,4650.0,-2.462381223367061e-06,0.0008982892273312,0.541203477060004,discharge,0.6469036878171359,8.585808366477731e-06,3.518614985198691,1
3.689495600579898,-0.0009904489551934,5.747371332885525,0.0002571428571428,0.0,4651.0,-2.4623812238111498e-06,0.0008982892273321,0.5412033394976491,discharge,0.6469035659057013,8.651322361885748e-06,3.5186133439168037,1
3.689493138198674,-0.0010658486310543,5.748269622112857,0.0002714285714285,0.0,4652.0,-2.462381223367061e-06,0.0008982892273321,0.541203191463117,discharge,0.6469034347135434,8.751041180327806e-06,3.5186116632706996,1
3.6894906758174506,-0.0011412483069151,5.749167911340189,0.0002857142857142,0.0,4653.0,-2.462381223367061e-06,0.0008982892273321,0.5412030329564077,discharge,0.6469032942406623,8.883265476545955e-06,3.5186099449597177,1
3.6894882134362272,-0.001216647982776,5.750066200567521,0.0003,0.0,4654.0,-2.462381223367061e-06,0.0008982892273321,0.5412028639775213,discharge,0.6469031444870579,9.046380331221425e-06,3.518608190598805,1
3.689485751055004,-0.0012920476586369,5.750964489794852,0.0003142857142857,0.0,4655.0,-2.462381223367061e-06,0.0008982892273312,0.5412026845264575,discharge,0.6469029854527303,9.238851056571267e-06,3.518606401722645,1
3.689483288673781,-0.0013674473344977,5.751862779022185,0.0003285714285714,0.0,4656.0,-2.462381223367061e-06,0.0008982892273321,0.5412024946032166,discharge,0.6469028171376794,9.459219210329195e-06,3.518604579789702,1
3.689480826292557,-0.0014428470103586,5.752761068249517,0.0003428571428571,0.0,4657.0,-2.462381223367061e-06,0.0008982892273321,0.5412022942077985,discharge,0.6469026395419052,9.706098807757796e-06,3.5186027261859727,1
3.6894783639113338,-0.0015182466862195,5.753659357476849,0.0003571428571428,0.0,4658.0,-2.4623812238111498e-06,0.0008982892273321,0.5412020833402031,discharge,0.6469024526654078,9.978172721853169e-06,3.5186008422285933,1
3.68947590153011,-0.0015936463620803,5.75455764670418,0.0003714285714285,0.0,4659.0,-2.462381223367061e-06,0.0008982892273312,0.5412018620004306,discharge,0.6469022565081871,1.0274189262392778e-05,3.518598929169271,1
3.6894734391488866,-0.0016690460379412,5.755455935931512,0.0003857142857142,0.0,4660.0,-2.462381223367061e-06,0.0008982892273321,0.541201630188481,discharge,0.6469020510702431,1.0592958924941312e-05,3.518596988197519,1
3.6894709767676632,-0.0017444457138021,5.756354225158844,0.0004,0.0,4661.0,-2.462381223367061e-06,0.0008982892273321,0.541201387904354,discharge,0.6469018363515759,1.0933351301370369e-05,3.5185950204437693,1
3.689494508593791,-0.001626091696524,5.7586416666234195,0.0004,0.0,4662.0,2.353182612768734e-05,0.002287441464575,0.5412011620582851,discharge,0.6469016362007549,1.1198032496710169e-05,3.518597011573822,1
3.6895180404199186,-0.0015077376792459,5.760929108087995,0.0004,0.0,4663.0,2.353182612768734e-05,0.0022874414645759,0.5412009526502741,discharge,0.6469014506177801,1.1390763952334806e-05,3.51859908275236,1
3.6895415722460463,-0.0013893836619678,5.7632165495525705,0.0004,0.0,4664.0,2.353182612768734e-05,0.002287441464575,0.541200759680321,discharge,0.6469012796026515,1.1515120235751042e-05,3.518601230404794,1
3.689565104072174,-0.0012710296446897,5.765503991017146,0.0004,0.0,4665.0,2.353182612768734e-05,0.0022874414645759,0.5412005831484259,discharge,0.6469011231553691,1.1574498324763283e-05,3.518603451134118,1
3.6895886358983017,-0.0011526756274116,5.767791432481721,0.0004,0.0,4666.0,2.353182612768734e-05,0.002287441464575,0.5412004230545887,discharge,0.6469009812759329,1.1572126430387773e-05,3.518605741712111,1
3.68961216772443,-0.0010343216101335,5.7700788739462965,0.0004,0.0,4667.0,2.353182612768734e-05,0.002287441464575,0.5412002793988095,discharge,0.6469008539643428,1.1511072381431602e-05,3.5186080990709248,1
3.689635699550557,-0.0009159675928554,5.772366315410872,0.0004,0.0,4668.0,2.353182612768734e-05,0.0022874414645759,0.5412001521810883,discharge,0.6469007412205989,1.1394251592513656e-05,3.518610520295128,1
3.6896592313766847,-0.0007976135755773,5.7746537568754475,0.0004,0.0,4669.0,2.353182612768734e-05,0.002287441464575,0.5412000414014251,discharge,0.6469006430447013,1.1224434636222723e-05,3.5186130026141433,1
3.689682763202813,-0.0006792595582992,5.7769411983400225,0.0004,0.0,4670.0,2.353182612768734e-05,0.002287441464575,0.5411999470598197,discharge,0.6469005594366498,1.1004254439079796e-05,3.518615543395028,1
3.68970629502894,-0.0005609055410211,5.7792286398045984,0.0004,0.0,4671.0,2.353182612768734e-05,0.0022874414645759,0.5411998691562724,discharge,0.6469004903964445,1.0736213119994505e-05,3.51861814013565,1
3.689729826855068,-0.000442551523743,5.7815160812691735,0.0004,0.0,4672.0,2.353182612768734e-05,0.002287441464575,0.541199807690783,discharge,0.6469004359240854,1.042268848897714e-05,3.518620790458196,1
3.689753358681195,-0.0003241975064649,5.783803522733749,0.0004,0.0,4673.0,2.353182612768734e-05,0.0022874414645759,0.5411997626633516,discharge,0.6469003960195725,1.0065940222985195e-05,3.51862349210298,1
3.689776890507323,-0.0002058434891869,5.7860909641983245,0.0004,0.0,4674.0,2.353182612768734e-05,0.002287441464575,0.541199734073978,discharge,0.6469003706829057,9.668115734944965e-06,3.5186262429225836,1
3.689821085640472,-0.0001592473354951,5.785200950510765,0.0004,0.0,4675.0,4.419513314868339e-05,-0.0008900136875595,0.5411997119562926,discharge,0.6469003510816219,9.266906099413037e-06,3.5186275651584946,1
3.689865280773621,-0.0001126511818034,5.784310936823206,0.0004,0.0,4676.0,4.419513314868339e-05,-0.0008900136875586,0.5411996963102951,discharge,0.6469003372157209,8.862479495430517e-06,3.5186288937998085,1
3.689909475906769,-6.60550281118e-05,5.783420923135647,0.0004,0.0,4677.0,4.419513314868339e-05,-0.0008900136875595,0.5411996871359857,discharge,0.6469003290852028,8.45499574665963e-06,3.5186302286866917,1
3.6899536710399183,-1.9458874420099997e-05,5.782530909448087,0.0004,0.0,4678.0,4.4195133149127486e-05,-0.0008900136875595,0.5411996844333642,discharge,0.6469003266900675,8.04460673649097e-06,3.518631569667268,1
3.689997866173067,2.71372792716e-05,5.781640895760527,0.0004,0.0,4679.0,4.419513314868339e-05,-0.0008900136875595,0.5411996882024307,discharge,0.646900330030315,7.631456802527874e-06,3.518632916597191,1
3.690042061306216,7.37334329633e-05,5.780750882072969,0.0004,0.0,4680.0,4.419513314868339e-05,-0.0008900136875586,0.5411996984431853,discharge,0.6469003391059454,7.21568311147203e-06,3.518634269339306,1
3.690086256439365,0.0001203295866549,5.779860868385409,0.0004,0.0,4681.0,4.419513314868339e-05,-0.0008900136875595,0.5411997151556278,discharge,0.6469003539169585,6.7974160153843375e-06,3.518635627763249,1
3.690130451572513,0.0001669257403467,5.7789708546978495,0.0004,0.0,4682.0,4.419513314868339e-05,-0.0008900136875595,0.5411997383397584,discharge,0.6469003744633546,6.376779390245949e-06,3.5186369917451574,1
3.6901746467056618,0.0002135218940384,5.778080841010291,0.0004,0.0,4683.0,4.419513314868339e-05,-0.0008900136875586,0.5411997679955771,discharge,0.6469004007451334,5.953890957699613e-06,3.518638361167301,1
3.6902188418388104,0.0002601180477301,5.777190827322731,0.0004,0.0,4684.0,4.419513314868339e-05,-0.0008900136875595,0.5411998041230838,discharge,0.6469004327622951,5.528862590805936e-06,3.518639735917812,1
3.69026303697196,0.0003067142014218,5.776300813635172,0.0004,0.0,4685.0,4.4195133149127486e-05,-0.0008900136875595,0.5411998467222784,discharge,0.6469004705148397,5.10180060460949e-06,3.518641115890376,1
3.690307232105108,0.0003533103551135,5.775410799947612,0.0004,0.0,4686.0,4.419513314868339e-05,-0.0008900136875595,0.541199895793161,discharge,0.646900514002767,4.6728060322691085e-06,3.5186425009839573,1
3.690351427238257,0.0003999065088051,5.774520786260053,0.0004,0.0,4687.0,4.419513314868339e-05,-0.0008900136875586,0.5411999513357317,discharge,0.6469005632260773,4.241974887469694e-06,3.5186438911025477,1
3.6903956223714056,0.0004465026624969,5.773630772572494,0.0004,0.0,4688.0,4.419513314868339e-05,-0.0008900136875595,0.5412000133499903,discharge,0.6469006181847703,3.8093984137967624e-06,3.5186452861549107,1
3.690426121247465,0.0004278952162604,5.773894940961196,0.0004,0.0,4689.0,3.0498876059326108e-05,0.0002641683887025,0.5412000727798815,discharge,0.6469006708531279,3.4075574166209276e-06,3.5186453451265587,1
3.690456620123524,0.000409287770024,5.774159109349898,0.0004,0.0,4690.0,3.0498876059326108e-05,0.0002641683887016,0.541200129625405,discharge,0.6469007212311498,3.0349249128560828e-06,3.518645373616462,1
3.690487118999584,0.0003906803237875,5.774423277738601,0.0004,0.0,4691.0,3.0498876059326108e-05,0.0002641683887025,0.5412001838865611,discharge,0.6469007693188362,2.69004978215241e-06,3.51864537307575,1
3.6905176178756434,0.0003720728775511,5.774687446127303,0.0004,0.0,4692.0,3.0498876059770197e-05,0.0002641683887025,0.5412002355633496,discharge,0.646900815116187,2.3715529979253263e-06,3.518645344883444,1
3.6905481167517022,0.0003534654313147,5.774951614516005,0.0004,0.0,4693.0,3.0498876059326108e-05,0.0002641683887016,0.5412002846557706,discharge,0.6469008586232023,2.0781240456327285e-06,3.5186452903500647,1
3.690578615627762,0.0003348579850782,5.7752157829047075,0.0004,0.0,4694.0,3.0498876059326108e-05,0.0002641683887025,0.541200331163824,discharge,0.6469008998398821,1.8085175189972747e-06,3.5186452107210053,1
3.690609114503822,0.0003162505388418,5.77547995129341,0.0004,0.0,4695.0,3.0498876059326108e-05,0.0002641683887025,0.5412003750875101,discharge,0.6469009387662262,1.5615498853331357e-06,3.5186451071798066,1
3.6906396133798807,0.0002976430926053,5.775744119682113,0.0004,0.0,4696.0,3.0498876059326108e-05,0.0002641683887025,0.5412004164268284,discharge,0.6469009754022348,1.3360964115763555e-06,3.5186449808511955,1
3.69067011225594,0.0002790356463689,5.776008288070814,0.0004,0.0,4697.0,3.0498876059326108e-05,0.0002641683887016,0.5412004551817793,discharge,0.6469010097479078,1.1310882430340874e-06,3.5186448328040374,1
3.690700611132,0.0002604282001325,5.776272456459517,0.0004,0.0,4698.0,3.0498876059770197e-05,0.0002641683887025,0.5412004913523625,discharge,0.6469010418032453,9.455096272661571e-07,3.518644664054066,1
3.690731110008059,0.000241820753896,5.7765366248482195,0.0004,0.0,4699.0,3.0498876059326108e-05,0.0002641683887025,0.5412005249385783,discharge,0.6469010715682472,7.783952758880699e-07,3.518644475566588,1
3.6907616088841184,0.0002232133076596,5.776800793236921,0.0004,0.0,4700.0,3.0498876059326108e-05,0.0002641683887016,0.5412005559404266,discharge,0.6469010990429135,6.288278574433258e-07,3.5186442682589263,1
3.6907921077601777,0.0002046058614232,5.777064961625624,0.0004,0.0,4701.0,3.0498876059326108e-05,0.0002641683887025,0.5412005843579073,discharge,0.6469011242272442,4.959356148337735e-07,3.518644043002831,1
3.69081569429024,1.9611314770421424e-05,5.7778726668583005,0.0003857142857142,0.0,4702.0,2.3586530061958655e-05,0.0008077052326767,0.5412005870817009,discharge,0.646901126641143,4.615536277764919e-07,3.51864037883583,1
3.6908392808203017,-0.0001653832318823,5.778680372090976,0.0003714285714285,0.0,4703.0,2.3586530061958655e-05,0.0008077052326758,0.5412005641118076,discharge,0.6469011062846097,5.207877637843336e-07,3.518636608394062,1
3.690862867350363,-0.0003503777785351,5.779488077323653,0.0003571428571428,0.0,4704.0,2.3586530061958655e-05,0.0008077052326767,0.5412005154482273,discharge,0.6469010631576445,6.689870379761945e-07,3.5186327363285153,1
3.6908864538804256,-0.0005353723251879,5.78029578255633,0.0003428571428571,0.0,4705.0,2.3586530061958655e-05,0.0008077052326767,0.54120044109096,discharge,0.6469009972602473,9.017315331509017e-07,3.518628767059119,1
3.690910040410487,-0.0007203668718406,5.7811034877890055,0.0003285714285714,0.0,4706.0,2.3586530061958655e-05,0.0008077052326758,0.5412003410400056,discharge,0.6469009085924181,1.21482092000946e-06,3.518624704786212,1
3.6909336269405495,-0.0009053614184934,5.781911193021682,0.0003142857142857,0.0,4707.0,2.3586530061958655e-05,0.0008077052326767,0.5412002152953641,discharge,0.6469007971541569,1.604263547709481e-06,3.5186205535014516,1
3.690957213470611,-0.0010903559651462,5.782718898254358,0.0003,0.0,4708.0,2.3586530061958655e-05,0.0008077052326758,0.5412000638570356,discharge,0.6469006629454638,2.066266076416406e-06,3.518616316998212,1
3.690980800000673,-0.001275350511799,5.783526603487035,0.0002857142857142,0.0,4709.0,2.358653006151457e-05,0.0008077052326767,0.5411998867250201,discharge,0.6469005059663386,2.597223624924829e-06,3.5186119988813944,1
3.691004386530735,-0.0014603450584518,5.784334308719711,0.0002714285714285,0.0,4710.0,2.3586530061958655e-05,0.0008077052326767,0.5411996838993176,discharge,0.6469003262167814,3.193710407760249e-06,3.518607602576803,1
3.691027973060797,-0.0016453396051045,5.785142013952387,0.0002571428571428,0.0,4711.0,2.3586530061958655e-05,0.0008077052326758,0.541199455379928,discharge,0.6469001236967922,3.852470837443142e-06,3.518603131340073,1
3.691051559590859,-0.0018303341517573,5.785949719185064,0.0002428571428571,0.0,4712.0,2.3586530061958655e-05,0.0008077052326767,0.5411992011668514,discharge,0.646899898406371,4.570411068805672e-06,3.5185985882650734,1
3.691075146120921,-0.0020153286984101,5.786757424417741,0.0002285714285714,0.0,4713.0,2.3586530061958655e-05,0.0008077052326767,0.5411989212600876,discharge,0.6468996503455178,5.34459096339872e-06,3.518593976291985,1
3.6910987326509823,-0.0022003232450629,5.7875651296504165,0.0002142857142857,0.0,4714.0,2.3586530061958655e-05,0.0008077052326758,0.5411986156596369,discharge,0.6468993795142326,6.172216453119044e-06,3.518589298214926,1
3.6911223191810447,-0.0023853177917157,5.788372834883093,0.0002,0.0,4715.0,2.3586530061958655e-05,0.0008077052326767,0.5411982843654992,discharge,0.6468990859125154,7.050632283222459e-06,3.5185845566891993,1
3.6911702671356825,-0.0023403570949987,5.787732470325341,0.0002153846153846,0.0,4716.0,4.794795463780588e-05,-0.0006403645577517,0.5411979593159026,discharge,0.6468987978448776,7.863070013083085e-06,3.5185844833231616,1
3.69121821509032,-0.0022953963982817,5.78709210576759,0.0002307692307692,0.0,4717.0,4.794795463780588e-05,-0.0006403645577517,0.5411976405108474,discharge,0.6468985153113189,8.612807530490639e-06,3.5185844757340523,1
3.6912661630449577,-0.0022504357015647,5.786451741209838,0.0002461538461538,0.0,4718.0,4.794795463736179e-05,-0.0006403645577517,0.5411973279503333,discharge,0.6468982383118396,9.302959873011466e-06,3.5185845308068133,1
3.691314110999595,-0.0022054750048477,5.785811376652086,0.0002615384615384,0.0,4719.0,4.794795463780588e-05,-0.0006403645577517,0.5411970216343603,discharge,0.6468979668464395,9.93648731862403e-06,3.5185846455811602,1
3.6913620589542337,-0.0021605143081308,5.7851710120943345,0.000276923076923,0.0,4720.0,4.794795463780588e-05,-0.0006403645577517,0.5411967215629286,discharge,0.6468977009151188,1.0516203074399914e-05,3.518584817243866,1
3.691410006908871,-0.0021155536114138,5.784530647536583,0.0002923076923076,0.0,4721.0,4.794795463780588e-05,-0.0006403645577517,0.5411964277360382,discharge,0.6468974405178772,1.1044780583199814e-05,3.5185850431214907,1
3.691457954863509,-0.0020705929146968,5.783890282978832,0.0003076923076923,0.0,4722.0,4.794795463736179e-05,-0.0006403645577508,0.5411961401536889,discharge,0.646897185654715,1.1524760467362557e-05,3.5185853206733904,1
3.6915059028181463,-0.0020256322179798,5.78324991842108,0.0003230769230769,0.0,4723.0,4.794795463780588e-05,-0.0006403645577517,0.5411958588158807,discharge,0.646896936325632,1.1958557127421367e-05,3.5185856474851485,1
3.691553850772784,-0.0019806715212629,5.782609553863328,0.0003384615384615,0.0,4724.0,4.794795463780588e-05,-0.0006403645577517,0.5411955837226139,discharge,0.6468966925306284,1.2348465012986434e-05,3.51858602126232,1
3.691601798727422,-0.0019357108245459,5.781969189305577,0.0003538461538461,0.0,4725.0,4.794795463780588e-05,-0.0006403645577517,0.5411953148738884,discharge,0.646896454269704,1.2696664582080741e-05,3.5185864398244227,1
3.6916497466820593,-0.0018907501278289,5.781328824747825,0.0003692307692307,0.0,4726.0,4.794795463736179e-05,-0.0006403645577517,0.5411950522697039,discharge,0.6468962215428589,1.300522796440772e-05,3.5185869010993227,1
3.691697694636697,-0.0018457894311119,5.780688460190073,0.0003846153846153,0.0,4727.0,4.794795463780588e-05,-0.0006403645577517,0.5411947959100607,discharge,0.646895994350093,1.3276124343259364e-05,3.5185874031178273,1
3.691745642591335,-0.001800828734395,5.7800480956323215,0.0004,0.0,4728.0,4.794795463780588e-05,-0.0006403645577517,0.5411945457949587,discharge,0.6468957726914065,1.3511225070043428e-05,3.5185879440085657,1
3.691763153751314,-0.0016090610924623,5.780358648004887,0.0004,0.0,4729.0,1.751115997894459e-05,0.0003105523725652,0.5411943223142515,discharge,0.6468955746368322,1.3639372703372982e-05,3.5185915411131963,1
3.691780664911292,-0.0014172934505296,5.780669200377451,0.0004,0.0,4730.0,1.75111599785005e-05,0.0003105523725643,0.5411941254679388,discharge,0.6468954001863703,1.3665880828177222e-05,3.518595252979193,1
3.691798176071271,-0.0012255258085969,5.780979752750016,0.0004,0.0,4731.0,1.75111599785005e-05,0.0003105523725652,0.541193955256021,discharge,0.6468952493400205,1.3595799042773195e-05,3.5185990745569145,1
3.6918156872312498,-0.0010337581666643,5.781290305122582,0.0004,0.0,4732.0,1.751115997894459e-05,0.0003105523725652,0.5411938116784978,discharge,0.6468951220977831,1.3433926074103927e-05,3.5186030010476164,1
3.6918331983912287,-0.0008419905247316,5.781600857495147,0.0004,0.0,4733.0,1.751115997894459e-05,0.0003105523725652,0.5411936947353694,discharge,0.6468950184596579,1.3184822241392284e-05,3.5186070278909582,1
3.691850709551207,-0.0006502228827989,5.781911409867711,0.0004,0.0,4734.0,1.75111599785005e-05,0.0003105523725643,0.5411936044266357,discharge,0.646894938425645,1.2852821300582719e-05,3.518611150753151,1
3.6918682207111857,-0.0004584552408662,5.782221962240277,0.0004,0.0,4735.0,1.75111599785005e-05,0.0003105523725652,0.5411935407522966,discharge,0.6468948819957444,1.2442041700333759e-05,3.518615365515741,1
3.6918857318711646,-0.0002666875989336,5.782532514612842,0.0004,0.0,4736.0,1.751115997894459e-05,0.0003105523725652,0.5411935037123523,discharge,0.6468948491699561,1.1956397278796542e-05,3.5186196682648783,1
3.691903243031144,-7.491995700095697e-05,5.782843066985406,0.0004,0.0,4737.0,1.751115997894459e-05,0.0003105523725643,0.5411934933068028,discharge,0.64689483994828,1.1399607428961707e-05,3.5186240552811636,1
3.691920754191122,0.0001168476849317,5.783153619357972,0.0004,0.0,4738.0,1.75111599785005e-05,0.0003105523725652,0.5411935095356479,discharge,0.6468948543307163,1.0775206758977294e-05,3.5186285230299825,1
3.6919382653511006,0.0003086153268643,5.783464171730537,0.0004,0.0,4739.0,1.75111599785005e-05,0.0003105523725652,0.5411935523988878,discharge,0.6468948923172647,1.0086554272527972e-05,3.5186330681523414,1
3.691955776511079,0.000500382968797,5.783774724103102,0.0004,0.0,4740.0,1.751115997894459e-05,0.0003105523725652,0.5411936218965223,discharge,0.6468949539079255,9.336842093119558e-06,3.5186376874561223,1
3.6919732876710585,0.0006921506107297,5.7840852764756665,0.0004,0.0,4741.0,1.751115997894459e-05,0.0003105523725643,0.5411937180285515,discharge,0.6468950391026985,8.529103754928664e-06,3.5186423779077938,1
3.691990798831037,0.0008839182526624,5.784395828848232,0.0004,0.0,4742.0,1.75111599785005e-05,0.0003105523725652,0.5411938407949756,discharge,0.6468951479015839,7.666222081750719e-06,3.5186471366245597,1
3.6920144060722073,0.0009828980139401,5.785168966894083,0.0003857142857142,0.0,4743.0,2.360724117034252e-05,0.0007731380458508,0.5411939773085885,discharge,0.6468952688835955,6.797035040470308e-06,3.51865005266182,1
3.6920380133133777,0.0010818777752178,5.785942104939933,0.0003714285714285,0.0,4744.0,2.360724117034252e-05,0.0007731380458499,0.5411941275693907,discharge,0.6468954020487333,5.9218558909272375e-06,3.5186529814639487,1
3.692061620554548,0.0011808575364956,5.7867152429857835,0.0003571428571428,0.0,4745.0,2.360724117034252e-05,0.0007731380458508,0.5411942915773817,discharge,0.6468955473969974,5.0409823297577144e-06,3.5186559227332546,1
3.6920852277957183,0.0012798372977733,5.7874883810316335,0.0003428571428571,0.0,4746.0,2.360724117034252e-05,0.0007731380458499,0.5411944693325621,discharge,0.6468957049283878,4.154697263597039e-06,3.5186588761868434,1
3.6921088350368887,0.001378817059051,5.788261519077484,0.0003285714285714,0.0,4747.0,2.360724117034252e-05,0.0007731380458508,0.5411946608349314,discharge,0.6468958746429044,3.2632695438681723e-06,3.518661841555886,1
3.692132442278059,0.0014777968203288,5.789034657123334,0.0003142857142857,0.0,4748.0,2.360724117034252e-05,0.0007731380458499,0.5411948660844897,discharge,0.6468960565405474,2.3669546650650836e-06,3.518664818584897,1
3.69215604951923,0.0015767765816065,5.789807795169185,0.0003,0.0,4749.0,2.360724117034252e-05,0.0007731380458508,0.5411950850812373,discharge,0.6468962506213166,1.4659954283445226e-06,3.518667807031098,1
3.6921796567604,0.0016757563428842,5.790580933215036,0.0002857142857142,0.0,4750.0,2.360724117034252e-05,0.0007731380458508,0.5411953178251738,discharge,0.6468964568852121,5.606225721492865e-07,3.518670806663776,1
3.69220326400157,0.001774736104162,5.791354071260886,0.0002714285714285,0.0,4751.0,2.360724117034252e-05,0.0007731380458499,0.5411955643162993,discharge,0.6468966753322339,-3.489446284986404e-07,3.5186738172636587,1
3.692226871242741,0.0018737158654397,5.792127209306737,0.0002571428571428,0.0,4752.0,2.360724117034252e-05,0.0007731380458508,0.541195824554614,discharge,0.646896905962382,-1.2624977924785525e-06,3.518676838622399,1
3.6922504784839103,0.0019726956267174,5.792900347352587,0.0002428571428571,0.0,4753.0,2.360724117034252e-05,0.0007731380458499,0.5411960985401176,discharge,0.6468971487756564,-2.1798388913463437e-06,3.518679870541982,1
3.692274085725081,0.0020716753879952,5.793673485398438,0.0002285714285714,0.0,4754.0,2.360724117034252e-05,0.0007731380458508,0.5411963862728104,discharge,0.6468974037720571,-3.1007797349985057e-06,3.5186829128342527,1
3.692297692966251,0.0021706551492729,5.794446623444288,0.0002142857142857,0.0,4755.0,2.360724117034252e-05,0.0007731380458499,0.5411966877526924,discharge,0.646897670951584,-4.025141482888938e-06,3.518685965320377,1
3.6923213002074218,0.0022696349105507,5.795219761490139,0.0002,0.0,4756.0,2.360724117034252e-05,0.0007731380458508,0.5411970029797633,discharge,0.6468979503142372,-4.952754179529565e-06,3.5186890278304452,1
3.69235821891919,0.0018652686593292,5.795321112974054,0.0002153846153846,0.0,4757.0,3.691871176814132e-05,0.0001013514839147,0.5411972620448549,discharge,0.6468981799046437,-5.633386707804272e-06,3.518681748771058,1
3.6923951376309576,0.0014609024081077,5.795422464457969,0.0002307692307692,0.0,4758.0,3.691871176769723e-05,0.0001013514839156,0.541197464947967,discharge,0.6468983597228034,-6.079309400978333e-06,3.5186742073327215,1
3.6924320563427258,0.0010565361568862,5.795523815941884,0.0002461538461538,0.0,4759.0,3.691871176814132e-05,0.0001013514839147,0.5411976116891,discharge,0.6468984897687163,-6.3021829843495625e-06,3.518666415176081,1
3.6924689750544935,0.0006521699056647,5.795625167425799,0.0002615384615384,0.0,4760.0,3.691871176769723e-05,0.0001013514839147,0.5411977022682535,discharge,0.6468985700423825,-6.313088861457003e-06,3.5186583833824967,1
3.6925058937662616,0.0002478036544433,5.7957265189097145,0.000276923076923,0.0,4761.0,3.691871176814132e-05,0.0001013514839156,0.5411977366854277,discharge,0.6468986005438019,-6.122557895626862e-06,3.518650122482795,1
3.6925428124780297,-0.0001565625967781,5.795827870393629,0.0002923076923076,0.0,4762.0,3.691871176814132e-05,0.0001013514839147,0.5411977149406226,discharge,0.6468985812729746,-5.74059776160931e-06,3.5186416424846336,1
3.6925797311897974,-0.0005609288479996,5.795929221877544,0.0003076923076923,0.0,4763.0,3.691871176769723e-05,0.0001013514839147,0.5411976370338383,discharge,0.6468985122299006,-5.176718938346374e-06,3.5186329528985105,1
3.6926166499015656,-0.0009652950992211,5.796030573361459,0.0003230769230769,0.0,4764.0,3.691871176814132e-05,0.0001013514839147,0.5411975029650744,discharge,0.6468983934145798,-4.439959410381472e-06,3.5186240627624303,1
3.6926535686133337,-0.0013696613504425,5.796131924845374,0.0003384615384615,0.0,4765.0,3.691871176814132e-05,0.0001013514839156,0.5411973127343312,discharge,0.6468982248270122,-3.5389081420669916e-06,3.5186149806654026,1
3.6926904873251014,-0.001774027601664,5.796233276329289,0.0003538461538461,0.0,4766.0,3.691871176769723e-05,0.0001013514839147,0.5411970663416088,discharge,0.6468980064671979,-2.4817273855389925e-06,3.5186057147697567,1
3.6927274060368696,-0.0021783938528855,5.796334627813204,0.0003692307692307,0.0,4767.0,3.691871176814132e-05,0.0001013514839147,0.5411967637869071,discharge,0.6468977383351368,-1.2761738803996524e-06,3.518596272832306,1
3.6927643247486377,-0.002582760104107,5.79643597929712,0.0003846153846153,0.0,4768.0,3.691871176769723e-05,0.0001013514839156,0.541196405070226,discharge,0.6468974204308289,7.038099983147994e-08,3.5185866622245325,1
3.6928012434604054,-0.0029871263553285,5.796537330781034,0.0004,0.0,4769.0,3.691871176814132e-05,0.0001013514839147,0.5411959901915655,discharge,0.6468970527542742,1.5509321021711297e-06,3.5185768899517145,1
3.6928320652097497,-0.0029549609352693,5.794822669430394,0.0004,0.0,4770.0,3.0821749343878935e-05,-0.0017146613506406,0.5411955797803245,discharge,0.6468966890368661,2.941947029093431e-06,3.5185759400497942,1
3.6928628869590927,-0.0029227955152102,5.793108008079752,0.0004,0.0,4771.0,3.0821749343434846e-05,-0.0017146613506415,0.5411951738365028,discharge,0.6468963292786045,4.24787406775824e-06,3.518575077437047,1
3.6928937087084366,-0.0028906300951511,5.7913933467291105,0.0004,0.0,4772.0,3.0821749343878935e-05,-0.0017146613506415,0.5411947723601008,discharge,0.6468959734794894,5.472940507962408e-06,3.5185742978861763,1
3.692924530457781,-0.0028584646750919,5.78967868537847,0.0004,0.0,4773.0,3.0821749343878935e-05,-0.0017146613506406,0.5411943753511181,discharge,0.6468956216395207,6.6211636216095625e-06,3.518573597379894,1
3.692955352207124,-0.0028262992550328,5.787964024027829,0.0004,0.0,4774.0,3.0821749343878935e-05,-0.0017146613506406,0.541193982809555,discharge,0.6468952737586986,7.696361096704037e-06,3.5185729721005012,1
3.692986173956468,-0.0027941338349737,5.786249362677188,0.0004,0.0,4775.0,3.0821749343434846e-05,-0.0017146613506415,0.5411935947354112,discharge,0.6468949298370229,8.702160952968546e-06,3.5185724184199705,1
3.693016995705812,-0.0027619684149146,5.784534701326546,0.0004,0.0,4776.0,3.0821749343878935e-05,-0.0017146613506415,0.541193211128687,discharge,0.6468945898744938,9.642010964839776e-06,3.518571932890513,1
3.693047817455155,-0.0027298029948554,5.782820039975905,0.0004,0.0,4777.0,3.0821749343878935e-05,-0.0017146613506406,0.5411928319893822,discharge,0.6468942538711111,1.0519187616315776e-05,3.5185715122356296,1
3.693078639204499,-0.0026976375747963,5.781105378625265,0.0004,0.0,4778.0,3.0821749343434846e-05,-0.0017146613506406,0.5411924573174967,discharge,0.6468939218268749,1.1336804610913732e-05,3.5185711533416217,1
3.693109460953843,-0.0026654721547372,5.779390717274623,0.0004,0.0,4779.0,3.0821749343878935e-05,-0.0017146613506415,0.5411920871130308,discharge,0.6468935937417851,1.2097820958840391e-05,3.5185708532494537,1
3.6931402827031863,-0.002633306734678,5.7776760559239815,0.0004,0.0,4780.0,3.0821749343878935e-05,-0.0017146613506415,0.5411917213759843,discharge,0.6468932696158419,1.2805048662380268e-05,3.5185706091471216,1
3.6931711044525306,-0.0026011413146189,5.775961394573341,0.0004,0.0,4781.0,3.0821749343878935e-05,-0.0017146613506406,0.5411913601063573,discharge,0.6468929494490452,1.3461160019462755e-05,3.51857041836231,1
3.693201926201874,-0.0025689758945598,5.7742467332227,0.0004,0.0,4782.0,3.0821749343434846e-05,-0.0017146613506406,0.5411910033041497,discharge,0.6468926332413949,1.4068694564377124e-05,3.5185702783554875,1
3.693232747951218,-0.0025368104745007,5.7725320718720585,0.0004,0.0,4783.0,3.0821749343878935e-05,-0.0017146613506415,0.5411906509693616,discharge,0.6468923209928912,1.4630065663662932e-05,3.518570186713261,1
3.6932509034797207,-0.0025363564541358,5.7729028991553255,0.0004,0.0,4784.0,1.8155528502816765e-05,0.0003708272832669,0.5411902986976318,discharge,0.6468920088002714,1.5163321467977735e-05,3.5185694889896624,1
3.693269059008224,-0.002535902433771,5.773273726438592,0.0004,0.0,4785.0,1.8155528502816765e-05,0.000370827283266,0.5411899464889605,discharge,0.6468916966635357,1.5669858785986133e-05,3.518568818015868,1
3.6932872145367264,-0.0025354484134061,5.773644553721859,0.0004,0.0,4786.0,1.8155528502816765e-05,0.0003708272832669,0.5411895943433476,discharge,0.646891384582684,1.6151005030870653e-05,3.5185681724644775,1
3.693305370065229,-0.0025349943930413,5.774015381005125,0.0004,0.0,4787.0,1.8155528502816765e-05,0.000370827283266,0.5411892422607929,discharge,0.6468910725577164,1.660802166800022e-05,3.5185675510740095,1
3.693323525593732,-0.0025345403726765,5.774386208288392,0.0004,0.0,4788.0,1.8155528502816765e-05,0.0003708272832669,0.5411888902412967,discharge,0.6468907605886327,1.704210749131312e-05,3.51856695264568,1
3.693341681122235,-0.0025340863523116,5.774757035571659,0.0004,0.0,4789.0,1.8155528502816765e-05,0.0003708272832669,0.5411885382848589,discharge,0.6468904486754331,1.7454401736924637e-05,3.518566376040251,1
3.693359836650738,-0.0025336323319468,5.775127862854925,0.0004,0.0,4790.0,1.8155528503260857e-05,0.000370827283266,0.5411881863914795,discharge,0.6468901368181176,1.784598704204631e-05,3.5185658201750813,1
3.693377992179241,-0.0025331783115819,5.775498690138192,0.0004,0.0,4791.0,1.8155528502816765e-05,0.0003708272832669,0.5411878345611584,discharge,0.646889825016686,1.8217892256901422e-05,3.5185652840213275,1
3.693396147707744,-0.0025327242912171,5.775869517421459,0.0004,0.0,4792.0,1.8155528502816765e-05,0.0003708272832669,0.5411874827938957,discharge,0.6468895132711385,1.8571095116940836e-05,3.51856476660125,1
3.6934143032362465,-0.0025322702708523,5.776240344704725,0.0004,0.0,4793.0,1.8155528502816765e-05,0.000370827283266,0.5411871310896914,discharge,0.646889201581475,1.890652478229896e-05,3.518564266985686,1
3.69343245876475,-0.0025318162504874,5.776611171987992,0.0004,0.0,4794.0,1.8155528502816765e-05,0.0003708272832669,0.5411867794485455,discharge,0.6468888899476956,1.9225064251085965e-05,3.5185637842916404,1
3.693450614293252,-0.0025313622301226,5.776981999271258,0.0004,0.0,4795.0,1.8155528502816765e-05,0.000370827283266,0.541186427870458,discharge,0.6468885783698001,1.9527552652784296e-05,3.5185633176799853,1
3.693468769821755,-0.0025309082097578,5.777352826554525,0.0004,0.0,4796.0,1.8155528502816765e-05,0.0003708272832669,0.5411860763554288,discharge,0.6468882668477887,1.9814787427705634e-05,3.518562866353273,1
3.6935095985120214,-0.0026134736641758,5.778357665442743,0.0003857142857142,0.0,4797.0,4.0828690266447865e-05,0.0010048388882184,0.5411857133729756,discharge,0.6468879451630395,2.0128771678299966e-05,3.518560722238483,1
3.693550427202288,-0.0026960391185938,5.779362504330962,0.0003714285714285,0.0,4798.0,4.0828690266891954e-05,0.0010048388882184,0.541185338923098,discharge,0.6468876133155526,2.0468176451788007e-05,3.5185585470540914,1
3.693591255892555,-0.0027786045730119,5.78036734321918,0.0003571428571428,0.0,4799.0,4.0828690266447865e-05,0.0010048388882184,0.5411849530057962,discharge,0.6468872713053279,2.0831738819693614e-05,3.5185563420630475,1
3.6936320845828217,-0.0028611700274299,5.781372182107398,0.0003428571428571,0.0,4800.0,4.0828690266891954e-05,0.0010048388882175,0.5411845556210702,discharge,0.6468869191323654,2.121825859766043e-05,3.518554108465563,1
3.693672913273088,-0.002943735481848,5.782377020995616,0.0003285714285714,0.0,4801.0,4.0828690266447865e-05,0.0010048388882184,0.5411841467689198,discharge,0.6468865567966652,2.1626595228233133e-05,3.518551847402232,1
3.693713741963355,-0.003026300936266,5.783381859883835,0.0003142857142857,0.0,4802.0,4.0828690266891954e-05,0.0010048388882184,0.5411837264493453,discharge,0.6468861842982272,2.2055664818506244e-05,3.518549559956961,1
3.6937545706536214,-0.003108866390684,5.784386698772053,0.0003,0.0,4803.0,4.0828690266447865e-05,0.0010048388882184,0.5411832946623467,discharge,0.6468858016370514,2.250443732494719e-05,3.5185472471598405,1
3.693795399343888,-0.0031914318451021,5.785391537660272,0.0002857142857142,0.0,4804.0,4.0828690266447865e-05,0.0010048388882184,0.5411828514079238,discharge,0.6468854088131379,2.2971933878081292e-05,3.5185449099897568,1
3.693836228034155,-0.0032739972995201,5.78639637654849,0.0002714285714285,0.0,4805.0,4.0828690266891954e-05,0.0010048388882184,0.5411823966860766,discharge,0.6468850058264867,2.3457224240090132e-05,3.5185425493769893,1
3.693877056724421,-0.0033565627539382,5.7874012154367085,0.0002571428571428,0.0,4806.0,4.0828690266447865e-05,0.0010048388882184,0.5411819304968052,discharge,0.6468845926770976,2.3959424388720494e-05,3.518540166205589,1
3.693917885414688,-0.0034391282083562,5.788406054324926,0.0002428571428571,0.0,4807.0,4.0828690266891954e-05,0.0010048388882175,0.5411814528401095,discharge,0.6468841693649708,2.447769422122779e-05,3.5185377613156894,1
3.6939587141049546,-0.0035216936627743,5.7894108932131445,0.0002285714285714,0.0,4808.0,4.0828690266447865e-05,0.0010048388882184,0.5411809637159898,discharge,0.6468837358901063,2.501123537239132e-05,3.518535335505692,1
3.6939995427952215,-0.0036042591171923,5.790415732101363,0.0002142857142857,0.0,4809.0,4.0828690266891954e-05,0.0010048388882184,0.5411804631244457,discharge,0.646883292252504,2.5559289140933314e-05,3.5185328895343364,1
3.694040371485488,-0.0036868245716104,5.791420570989581,0.0002,0.0,4810.0,4.0828690266447865e-05,0.0010048388882184,0.5411799510654773,discharge,0.6468828384521639,2.6121134518956852e-05,3.51853042412266,1
3.6940611802811407,-0.003462482295171,5.7926639601038845,0.0002153846153846,0.0,4811.0,2.080879565280469e-05,0.0012433891143031,0.5411794701651587,discharge,0.6468824122654515,2.6543610103714544e-05,3.518534251585669,1
3.694081989076793,-0.0032381400187316,5.793907349218188,0.0002307692307692,0.0,4812.0,2.08087956523606e-05,0.0012433891143031,0.5411790204234894,discharge,0.646882013692367,2.6833639988836254e-05,3.518538226844558,1
3.694102797872446,-0.0030137977422922,5.79515073833249,0.0002461538461538,0.0,4813.0,2.080879565280469e-05,0.0012433891143022,0.5411786018404696,discharge,0.6468816427329102,2.6997804268929727e-05,3.518542343319154,1
3.6941236066680982,-0.0027894554658528,5.796394127446793,0.0002615384615384,0.0,4814.0,2.08087956523606e-05,0.0012433891143031,0.5411782144160993,discharge,0.6468812993870812,2.704235612995135e-05,3.518546594756185,1
3.694144415463751,-0.0025651131894134,5.797637516561096,0.000276923076923,0.0,4815.0,2.080879565280469e-05,0.0012433891143031,0.5411778581503786,discharge,0.6468809836548799,2.697323809050247e-05,3.5185509752130577,1
3.694165224259404,-0.002340770912974,5.798880905675399,0.0002923076923076,0.0,4816.0,2.080879565280469e-05,0.0012433891143031,0.5411775330433073,discharge,0.6468806955363063,2.679609743623453e-05,3.5185554790424147,1
3.694186033055056,-0.0021164286365347,5.800124294789701,0.0003076923076923,0.0,4817.0,2.08087956523606e-05,0.0012433891143022,0.5411772390948856,discharge,0.6468804350313606,2.651630088745061e-05,3.5185601008774765,1
3.694206841850709,-0.0018920863600953,5.8013676839040045,0.0003230769230769,0.0,4818.0,2.080879565280469e-05,0.0012433891143031,0.5411769763051133,discharge,0.6468802021400426,2.613894853799905e-05,3.5185648356180845,1
3.694227650646362,-0.0016677440836559,5.802611073018308,0.0003384615384615,0.0,4819.0,2.080879565280469e-05,0.0012433891143031,0.5411767446739906,discharge,0.6468799968623524,2.566888710166287e-05,3.518569678417493,1
3.694248459442014,-0.0014434018072165,5.803854462132611,0.0003538461538461,0.0,4820.0,2.08087956523606e-05,0.0012433891143031,0.5411765442015174,discharge,0.64687981919829,2.5110722500449173e-05,3.5185746246697174,1
3.694269268237667,-0.0012190595307771,5.805097851246913,0.0003692307692307,0.0,4821.0,2.080879565280469e-05,0.0012433891143022,0.5411763748876937,discharge,0.6468796691478552,2.4468831827474072e-05,3.518579669997635,1
3.6942900770333194,-0.0009947172543377,5.806341240361216,0.0003846153846153,0.0,4822.0,2.08087956523606e-05,0.0012433891143031,0.5411762367325195,discharge,0.6468795467110483,2.374737471551417e-05,3.518584810241573,1
3.694310885828972,-0.0007703749778984,5.807584629475519,0.0004,0.0,4823.0,2.080879565280469e-05,0.0012433891143031,0.5411761297359947,discharge,0.6468794518878691,2.2950304140751916e-05,3.518590041448534,1
3.694320768840329,-0.0008933060698671,5.808581451752936,0.0004,0.0,4824.0,9.883011356848216e-06,0.0009968222774165,0.5411760056657073,discharge,0.6468793419334652,2.2253907140001644e-05,3.5185882181036248,1
3.6943306518516863,-0.0010162371618358,5.809578274030353,0.0004,0.0,4825.0,9.883011357292304e-06,0.0009968222774174,0.5411758645216571,discharge,0.6468792168478364,2.165318210397502e-05,3.518586290675829,1
3.694340534863043,-0.0011391682538046,5.81057509630777,0.0004,0.0,4826.0,9.883011356848216e-06,0.0009968222774165,0.541175706303844,discharge,0.6468790766309829,2.114337591059323e-05,3.518584263918294,1
3.6943504178744,-0.0012620993457733,5.811571918585187,0.0004,0.0,4827.0,9.883011356848216e-06,0.0009968222774174,0.5411755310122682,discharge,0.6468789212829046,2.0719971579781552e-05,3.5185821423480115,1
3.694360300885757,-0.0013850304377421,5.812568740862604,0.0004,0.0,4828.0,9.883011356848216e-06,0.0009968222774165,0.5411753386469297,discharge,0.6468787508036015,2.037867654159206e-05,3.51857993025757,1
3.694370183897114,-0.0015079615297108,5.813565563140021,0.0004,0.0,4829.0,9.883011357292304e-06,0.0009968222774174,0.5411751292078284,discharge,0.6468785651930735,2.0115411487182557e-05,3.518577631726298,1
3.694380066908471,-0.0016308926216796,5.814562385417438,0.0004,0.0,4830.0,9.883011356848216e-06,0.0009968222774165,0.5411749026949643,discharge,0.6468783644513209,1.992629977369549e-05,3.518575250630867,1
3.694389949919828,-0.0017538237136483,5.815559207694855,0.0004,0.0,4831.0,9.883011356848216e-06,0.0009968222774165,0.5411746591083374,discharge,0.6468781485783434,1.9807657355517464e-05,3.518572790655333,1
3.694399832931185,-0.001876754805617,5.816556029972272,0.0004,0.0,4832.0,9.883011357292304e-06,0.0009968222774174,0.5411743984479477,discharge,0.6468779175741411,1.9755983215768733e-05,3.518570255300747,1
3.694409715942542,-0.0019996858975858,5.817552852249689,0.0004,0.0,4833.0,9.883011356848216e-06,0.0009968222774165,0.5411741207137952,discharge,0.6468776714387141,1.976795027317005e-05,3.518567647894226,1
3.694419598953899,-0.0021226169895545,5.818549674527106,0.0004,0.0,4834.0,9.883011356848216e-06,0.0009968222774174,0.54117382590588,discharge,0.6468774101720622,1.9840396740669393e-05,3.51856497159757,1
3.694429481965256,-0.0022455480815233,5.819546496804523,0.0004,0.0,4835.0,9.883011356848216e-06,0.0009968222774165,0.541173514024202,discharge,0.6468771337741857,1.9970317913385044e-05,3.518562229415531,1
3.694439364976613,-0.002368479173492,5.82054331908194,0.0004,0.0,4836.0,9.883011357292304e-06,0.0009968222774174,0.5411731850687611,discharge,0.6468768422450842,2.015485836453514e-05,3.518559424203553,1
3.69444924798797,-0.0024914102654608,5.821540141359357,0.0004,0.0,4837.0,9.883011356848216e-06,0.0009968222774165,0.5411728390395576,discharge,0.646876535584758,2.0391304529085205e-05,3.5185565586752467,1
3.694486897043276,-0.0027263029838661,5.821046462854936,0.0004,0.0,4838.0,3.7649055306232526e-05,-0.0004936785044211,0.5411724603863655,discharge,0.6468762000121813,2.073270181702857e-05,3.518551332892406,1
3.6945245460985823,-0.0029611957022715,5.820552784350515,0.0004,0.0,4839.0,3.7649055306232526e-05,-0.0004936785044202,0.5411720491091845,discharge,0.6468758355273541,2.1173836104214657e-05,3.5185459913017456,1
3.694562195153889,-0.0031960884206769,5.820059105846094,0.0004,0.0,4840.0,3.7649055306676615e-05,-0.0004936785044211,0.541171605208015,discharge,0.6468754421302764,2.170975231174915e-05,3.5185405388584363,1
3.694599844209195,-0.0034309811390823,5.819565427341674,0.0004,0.0,4841.0,3.7649055306232526e-05,-0.0004936785044202,0.5411711286828569,discharge,0.6468750198209482,2.233574153624967e-05,3.5185349802714705,1
3.6946374932645014,-0.0036658738574877,5.819071748837253,0.0004,0.0,4842.0,3.7649055306232526e-05,-0.0004936785044211,0.5411706195337099,discharge,0.6468745685993695,2.304732881948903e-05,3.518529320015906,1
3.694675142319808,-0.0039007665758931,5.8185780703328325,0.0004,0.0,4843.0,3.7649055306232526e-05,-0.0004936785044202,0.5411700777605744,discharge,0.6468740884655404,2.3840261525660335e-05,3.5185235623444786,1
3.6947127913751143,-0.0041356592942985,5.818084391828411,0.0004,0.0,4844.0,3.7649055306676615e-05,-0.0004936785044211,0.5411695033634502,discharge,0.6468735794194608,2.4710498296076428e-05,3.5185177112986596,1
3.694750440430421,-0.0043705520127039,5.817590713323991,0.0004,0.0,4845.0,3.7649055306232526e-05,-0.0004936785044202,0.5411688963423373,discharge,0.6468730414611307,2.565419855261592e-05,3.5185117707191393,1
3.694788089485727,-0.0046054447311093,5.81709703481957,0.0004,0.0,4846.0,3.7649055306232526e-05,-0.0004936785044211,0.5411682566972358,discharge,0.6468724745905501,2.6667712522653232e-05,3.518505744255812,1
3.694825738541033,-0.0048403374495147,5.81660335631515,0.0004,0.0,4847.0,3.7649055306232526e-05,-0.0004936785044202,0.5411675844281455,discharge,0.646871878807719,2.7747571759564604e-05,3.5184996353772577,1
3.69486338759634,-0.0050752301679201,5.816109677810728,0.0004,0.0,4848.0,3.7649055306676615e-05,-0.0004936785044211,0.5411668795350666,discharge,0.6468712541126375,2.8890480134189117e-05,3.5184934473797407,1
3.694901036651646,-0.0053101228863255,5.815615999306308,0.0004,0.0,4849.0,3.7649055306232526e-05,-0.0004936785044202,0.5411661420179991,discharge,0.6468706005053054,3.009330527384703e-05,3.5184871833957736,1
3.694938685706952,-0.0055450156047309,5.815122320801887,0.0004,0.0,4850.0,3.7649055306232526e-05,-0.0004936785044211,0.5411653718769429,discharge,0.6468699179857229,3.135307042668008e-05,3.5184808464022623,1
3.6949579520016544,-0.0052416296505024,5.815752305637329,0.0004,0.0,4851.0,1.926629470228036e-05,0.0006299848354416,0.5411646438728248,discharge,0.6468692728090208,3.2399522072304495e-05,3.518485509053629,1
3.6949772182963567,-0.0049382436962739,5.816382290472769,0.0004,0.0,4852.0,1.926629470228036e-05,0.0006299848354407,0.5411639580056447,discharge,0.6468686649751992,3.3243257935390853e-05,3.518490395178505,1
3.694996484591059,-0.0046348577420454,5.817012275308211,0.0004,0.0,4853.0,1.926629470272445e-05,0.0006299848354416,0.5411633142754028,discharge,0.6468680944842581,3.3894349230265106e-05,3.5184954947055016,1
3.6950157508857617,-0.004331471787817,5.817642260143652,0.0004,0.0,4854.0,1.926629470228036e-05,0.0006299848354407,0.5411627126820988,discharge,0.6468675613361974,3.43623668187068e-05,3.518500798063592,1
3.695035017180464,-0.0040280858335885,5.818272244979093,0.0004,0.0,4855.0,1.926629470228036e-05,0.0006299848354416,0.5411621532257331,discharge,0.6468670655310171,3.4656406068189715e-05,3.518506296157241,1
3.6950542834751663,-0.00372469987936,5.818902229814534,0.0004,0.0,4856.0,1.926629470228036e-05,0.0006299848354407,0.5411616359063054,discharge,0.6468666070687173,3.478511047512933e-05,3.518511980342814,1
3.695073549769869,-0.0034213139251316,5.819532214649976,0.0004,0.0,4857.0,1.926629470272445e-05,0.0006299848354416,0.5411611607238158,discharge,0.646866185949298,3.4756694114492883e-05,3.518517842406096,1
3.6950928160645713,-0.0031179279709031,5.820162199485417,0.0004,0.0,4858.0,1.926629470228036e-05,0.0006299848354416,0.5411607276782644,discharge,0.6468658021727591,3.4578962974080115e-05,3.5185238745409846,1
3.6951120823592736,-0.0028145420166746,5.820792184320858,0.0004,0.0,4859.0,1.926629470228036e-05,0.0006299848354407,0.5411603367696509,discharge,0.6468654557391007,3.425933522888624e-05,3.518530069329179,1
3.695131348653976,-0.0025111560624461,5.8214221691563,0.0004,0.0,4860.0,1.926629470228036e-05,0.0006299848354416,0.5411599879979756,discharge,0.6468651466483227,3.380486050820496e-05,3.5185364197209528,1
3.695150614948678,-0.0022077701082177,5.8220521539917405,0.0004,0.0,4861.0,1.926629470228036e-05,0.0006299848354407,0.5411596813632382,discharge,0.6468648749004252,3.322223820551391e-05,3.5185429190168187,1
3.695169881243381,-0.0019043841539892,5.822682138827182,0.0004,0.0,4862.0,1.926629470272445e-05,0.0006299848354416,0.5411594168654391,discharge,0.6468646404954081,3.251783487869825e-05,3.518549560850149,1
3.695189147538083,-0.0016009981997607,5.823312123662623,0.0004,0.0,4863.0,1.926629470228036e-05,0.0006299848354407,0.5411591945045781,discharge,0.6468644434332715,3.169770078580616e-05,3.518556339170606,1
3.6952084138327854,-0.0012976122455323,5.8239421084980645,0.0004,0.0,4864.0,1.926629470228036e-05,0.0006299848354416,0.541159014280655,discharge,0.6468642837140154,3.0767585599283846e-05,3.518563248228464,1
3.695248495240523,-0.0014471990831196,5.82432121771477,0.0004,0.0,4865.0,4.008140773814617e-05,0.0003791092167055,0.5411588132807824,discharge,0.6468641055825575,2.995799679754627e-05,3.518560967070165,1
3.6952885766482617,-0.0015967859207069,5.824700326931476,0.0004,0.0,4866.0,4.008140773814617e-05,0.0003791092167055,0.5411585915049602,discharge,0.6468639090388978,2.926294645484881e-05,3.518558561139494,1
3.695328658056,-0.0017463727582942,5.825079436148181,0.0004,0.0,4867.0,4.008140773814617e-05,0.0003791092167055,0.5411583489531882,discharge,0.6468636940830363,2.8676744134289552e-05,3.518556036126925,1
3.695368739463738,-0.0018959595958815,5.825458545364887,0.0004,0.0,4868.0,4.008140773814617e-05,0.0003791092167055,0.5411580856254665,discharge,0.6468634607149732,2.8193982108131727e-05,3.5185533974402077,1
3.695408820871476,-0.0020455464334688,5.825837654581592,0.0004,0.0,4869.0,4.008140773814617e-05,0.0003791092167055,0.541157801521795,discharge,0.6468632089347084,2.780952131240206e-05,3.5185506502184487,1
3.6954489022792143,-0.0021951332710561,5.826216763798298,0.0004,0.0,4870.0,4.008140773814617e-05,0.0003791092167055,0.5411574966421742,discharge,0.6468629387422418,2.7518477999285007e-05,3.518547799345424,1
3.695488983686953,-0.0023447201086435,5.8265958730150045,0.0004,0.0,4871.0,4.008140773859026e-05,0.0003791092167064,0.5411571709866034,discharge,0.6468626501375734,2.7316211052645484e-05,3.518544849462297,1
3.695529065094691,-0.0024943069462308,5.82697498223171,0.0004,0.0,4872.0,4.008140773814617e-05,0.0003791092167055,0.5411568245550832,discharge,0.6468623431207033,2.719830993373466e-05,3.5185418049796398,1
3.695569146502429,-0.0026438937838181,5.827354091448416,0.0004,0.0,4873.0,4.008140773814617e-05,0.0003791092167055,0.5411564573476132,discharge,0.6468620176916315,2.7160583225770847e-05,3.518538670088916,1
3.6956092279101673,-0.0027934806214054,5.827733200665121,0.0004,0.0,4874.0,4.008140773814617e-05,0.0003791092167055,0.5411560693641936,discharge,0.646861673850358,2.719904774764208e-05,3.518535448773361,1
3.6956493093179055,-0.0029430674589927,5.828112309881827,0.0004,0.0,4875.0,4.008140773814617e-05,0.0003791092167055,0.5411556606048242,discharge,0.6468613115968826,2.7309918208455757e-05,3.5185321448183062,1
3.695689390725643,-0.00309265429658,5.828491419098532,0.0004,0.0,4876.0,4.008140773814617e-05,0.0003791092167055,0.5411552310695054,discharge,0.6468609309312057,2.7489597376065322e-05,3.5185287618210452,1
3.6957294721333818,-0.0032422411341674,5.828870528315238,0.0004,0.0,4877.0,4.008140773814617e-05,0.0003791092167055,0.5411547807582366,discharge,0.6468605318533269,2.7734666734038817e-05,3.5185253032001396,1
3.695746343836161,-0.0033192308900633,5.829166690087947,0.0004,0.0,4878.0,1.6871702779308606e-05,0.0002961617727086,0.5411543197539463,discharge,0.6468601232990067,2.800581031884483e-05,3.5185232651799025,1
3.695763215538941,-0.0033962206459593,5.829462851860656,0.0004,0.0,4879.0,1.6871702779308606e-05,0.0002961617727095,0.5411538480566345,discharge,0.6468597052682449,2.830173272504667e-05,3.518521197114128,1
3.69578008724172,-0.0034732104018552,5.829759013633365,0.0004,0.0,4880.0,1.6871702779308606e-05,0.0002961617727086,0.5411533656663008,discharge,0.6468592777610416,2.8621202904829958e-05,3.51851910023389,1
3.6957969589444986,-0.0035502001577512,5.830055175406073,0.0004,0.0,4881.0,1.6871702778864517e-05,0.0002961617727086,0.5411528725829455,discharge,0.6468588407773967,2.896305097062276e-05,3.518516975709116,1
3.695813830647278,-0.0036271899136472,5.830351337178783,0.0004,0.0,4882.0,1.6871702779308606e-05,0.0002961617727095,0.5411523688065687,discharge,0.6468583943173104,2.932616515656579e-05,3.518514824651606,1
3.695830702350057,-0.0037041796695431,5.830647498951492,0.0004,0.0,4883.0,1.6871702779308606e-05,0.0002961617727086,0.5411518543371702,discharge,0.6468579383807826,2.970948893094138e-05,3.518512648117917,1
3.695847574052837,-0.0037811694254391,5.8309436607242,0.0004,0.0,4884.0,1.6871702779308606e-05,0.0002961617727086,0.54115132917475,discharge,0.6468574729678134,3.011201825206128e-05,3.5185104471121393,1
3.695864445755616,-0.0038581591813351,5.83123982249691,0.0004,0.0,4885.0,1.6871702779308606e-05,0.0002961617727095,0.5411507933193082,discharge,0.6468569980784026,3.053279896048567e-05,3.5185082225884448,1
3.695881317458395,-0.003935148937231,5.831535984269618,0.0004,0.0,4886.0,1.6871702779308606e-05,0.0002961617727086,0.5411502467708447,discharge,0.6468565137125503,3.0970924300800655e-05,3.518505975453648,1
3.6958981891611744,-0.004012138693127,5.831832146042328,0.0004,0.0,4887.0,1.6871702779308606e-05,0.0002961617727095,0.5411496895293595,discharge,0.6468560198702564,3.142553256651758e-05,3.518503706569478,1
3.6959150608639537,-0.004089128449023,5.8321283078150365,0.0004,0.0,4888.0,1.6871702778864517e-05,0.0002961617727086,0.5411491215948527,discharge,0.6468555165515211,3.18958048619769e-05,3.5185014167548654,1
3.6959319325667326,-0.0041661182049189,5.832424469587745,0.0004,0.0,4889.0,1.6871702779308606e-05,0.0002961617727086,0.5411485429673242,discharge,0.6468550037563442,3.238096297544404e-05,3.5184991067880675,1
3.695948804269512,-0.0042431079608149,5.832720631360455,0.0004,0.0,4890.0,1.6871702779308606e-05,0.0002961617727095,0.541147953646774,discharge,0.6468544814847258,3.2880267357873115e-05,3.5184967774086666,1
3.695965675972291,-0.0043200977167109,5.833016793133163,0.0004,0.0,4891.0,1.6871702779308606e-05,0.0002961617727086,0.5411473536332023,discharge,0.6468539497366659,3.3393015202088256e-05,3.518494429319513,1
3.695974939143453,-0.004201349993905,5.834452724245685,0.0004,0.0,4892.0,9.26317116167752e-06,0.001435931112522,0.5411467701123699,discharge,0.6468534326049122,3.382129339677319e-05,3.5184960885740564,1
3.6959842023146146,-0.0040826022710992,5.835888655358207,0.0004,0.0,4893.0,9.26317116167752e-06,0.0014359311125211,0.5411462030842766,discharge,0.6468529300894649,3.416929851672746e-05,3.518497836226087,1
3.695993465485776,-0.0039638545482934,5.837324586470729,0.0004,0.0,4894.0,9.26317116167752e-06,0.001435931112522,0.5411456525489228,discharge,0.6468524421903237,3.444101864482301e-05,3.5184996682874647,1
3.6960027286569384,-0.0038451068254875,5.83876051758325,0.0004,0.0,4895.0,9.263171162121608e-06,0.0014359311125211,0.5411451185063081,discharge,0.6468519689074888,3.4640243730185835e-05,3.518501580968188,1
3.6960119918281,-0.0037263591026817,5.840196448695772,0.0004,0.0,4896.0,9.26317116167752e-06,0.001435931112522,0.5411446009564328,discharge,0.6468515102409601,3.4770575431768174e-05,3.518503570666538,1
3.6960212549992617,-0.0036076113798759,5.841632379808294,0.0004,0.0,4897.0,9.26317116167752e-06,0.001435931112522,0.5411440998992967,discharge,0.6468510661907376,3.483543647287754e-05,3.51850563395974,1
3.6960305181704234,-0.00348886365707,5.843068310920815,0.0004,0.0,4898.0,9.26317116167752e-06,0.0014359311125211,0.5411436153348999,discharge,0.6468506367568214,3.483807953095927e-05,3.518507767595066,1
3.696039781341585,-0.0033701159342642,5.844504242033337,0.0004,0.0,4899.0,9.26317116167752e-06,0.001435931112522,0.5411431472632424,discharge,0.6468502219392115,3.478159568572194e-05,3.518509968481388,1
3.6960490445127463,-0.0032513682114584,5.845940173145859,0.0004,0.0,4900.0,9.26317116167752e-06,0.001435931112522,0.5411426956843242,discharge,0.6468498217379077,3.4668922447547316e-05,3.5185122336811436,1
3.696058307683909,-0.0031326204886525,5.84737610425838,0.0004,0.0,4901.0,9.263171162121608e-06,0.0014359311125211,0.5411422605981453,discharge,0.6468494361529102,3.450285138703746e-05,3.5185145604027186,1
3.6960675708550705,-0.0030138727658467,5.848812035370902,0.0004,0.0,4902.0,9.26317116167752e-06,0.001435931112522,0.5411418420047056,discharge,0.646849065184219,3.4286035385514956e-05,3.5185169459931966,1
3.696076834026232,-0.0028951250430409,5.8502479664834235,0.0004,0.0,4903.0,9.26317116167752e-06,0.0014359311125211,0.5411414399040051,discharge,0.646848708831834,3.4020995525307463e-05,3.5185193879314314,1
3.696086097197394,-0.0027763773202351,5.8516838975959455,0.0004,0.0,4904.0,9.26317116167752e-06,0.001435931112522,0.541141054296044,discharge,0.6468483670957552,3.371012763771318e-05,3.518521883821566,1
3.696116184010836,-0.0024500128386028,5.852396992619521,0.0004,0.0,4905.0,3.0086813442409263e-05,0.0007130950235758,0.5411407140164831,discharge,0.6468480655309159,3.325256150623464e-05,3.5185287010720008,1
3.6961462708242783,-0.0021236483569705,5.853110087643098,0.0004,0.0,4906.0,3.0086813441965177e-05,0.0007130950235767,0.5411404190653224,discharge,0.6468478041373161,3.2655585312565964e-05,3.5185356800592764,1
3.6961763576377207,-0.0017972838753382,5.853823182666674,0.0004,0.0,4907.0,3.0086813442409263e-05,0.0007130950235758,0.5411401694425619,discharge,0.6468475829149558,3.1926125150955604e-05,3.518542813857219,1
3.696206444451162,-0.001470919393706,5.854536277690251,0.0004,0.0,4908.0,3.0086813441965177e-05,0.0007130950235767,0.5411399651482016,discharge,0.6468474018638349,3.107076301723635e-05,3.5185500958837688,1
3.696236531264605,-0.0011445549120737,5.855249372713827,0.0004,0.0,4909.0,3.0086813442409263e-05,0.0007130950235758,0.5411398061822417,discharge,0.6468472609839535,3.009575390413388e-05,3.5185575198838612,1
3.696266618078047,-0.0008181904304414,5.855962467737403,0.0004,0.0,4910.0,3.0086813441965177e-05,0.0007130950235767,0.5411396925446819,discharge,0.6468471602753116,2.9007042047255982e-05,3.518565079913224,1
3.6962967048914894,-0.0004918259488092,5.856675562760979,0.0004,0.0,4911.0,3.0086813442409263e-05,0.0007130950235758,0.5411396242355224,discharge,0.6468470997379092,2.7810276363957208e-05,3.5185727703229075,1
3.696326791704932,-0.0001654614671769,5.857388657784555,0.0004,0.0,4912.0,3.0086813442409263e-05,0.0007130950235758,0.541139601254763,discharge,0.6468470793717462,2.651082512517822e-05,3.518580585744627,1
3.696356878518374,0.0001609030144553,5.858101752808132,0.0004,0.0,4913.0,3.0086813441965177e-05,0.0007130950235767,0.541139623602404,discharge,0.6468470991768227,2.511378989836722e-05,3.5185885210767953,1
3.696386965331816,0.0004872674960876,5.858814847831708,0.0004,0.0,4914.0,3.0086813442409263e-05,0.0007130950235758,0.5411396912784451,discharge,0.6468471591531387,2.3624018797696353e-05,3.518596571471321,1
3.696417052145258,0.0008136319777198,5.859527942855284,0.0004,0.0,4915.0,3.0086813441965177e-05,0.0007130950235767,0.5411398042828864,discharge,0.6468472593006942,2.204611907598858e-05,3.5186047323209593,1
3.6964471389587006,0.0011399964593521,5.86024103787886,0.0004,0.0,4916.0,3.0086813442409263e-05,0.0007130950235758,0.5411399626157279,discharge,0.6468473996194891,2.038446909105892e-05,3.518612999247381,1
3.6964772257721425,0.0014663609409844,5.860954132902437,0.0004,0.0,4917.0,3.0086813441965177e-05,0.0007130950235767,0.5411401662769697,discharge,0.6468475801095235,1.8643229677550847e-05,3.5186213680898084,1
3.696507312585585,0.0017927254226167,5.861667227926013,0.0004,0.0,4918.0,3.0086813442409263e-05,0.0007130950235758,0.5411404152666117,discharge,0.6468478007707973,1.6826354953803134e-05,3.518629834894171,1
3.696527566878748,0.0015990463611496,5.862525631267556,0.0004,0.0,4919.0,2.0254293163102233e-05,0.0008584033415433,0.5411406373563842,discharge,0.6468479975926879,1.519596777265224e-05,3.5186277010906895,1
3.696547821171911,0.0014053672996825,5.8633840346091,0.0004,0.0,4920.0,2.0254293163102233e-05,0.0008584033415441,0.541140832546287,discharge,0.6468481705751952,1.3742803162288384e-05,3.5186253768151574,1
3.696568075465074,0.0012116882382154,5.864242437950644,0.0004,0.0,4921.0,2.0254293162658144e-05,0.0008584033415433,0.54114100083632,discharge,0.6468483197183192,1.2458056448149745e-05,3.5186228708722243,1
3.696588329758237,0.0010180091767483,5.865100841292187,0.0004,0.0,4922.0,2.0254293163102233e-05,0.0008584033415433,0.5411411422264834,discharge,0.6468484450220601,1.1333360384687045e-05,3.518620191629101,1
3.6966085840514,0.0008243301152812,5.865959244633731,0.0004,0.0,4923.0,2.0254293163102233e-05,0.0008584033415441,0.5411412567167773,discharge,0.6468485464864177,1.0360763423255257e-05,3.518617347037314,1
3.696628838344563,0.0006306510538141,5.8668176479752745,0.0004,0.0,4924.0,2.0254293163102233e-05,0.0008584033415433,0.5411413443072013,discharge,0.646848624111392,9.532709059688012e-06,3.5186143446533524,1
3.696649092637726,0.000436971992347,5.867676051316819,0.0004,0.0,4925.0,2.0254293162658144e-05,0.0008584033415441,0.5411414049977559,discharge,0.6468486778969831,8.842016207914467e-06,3.518611191658277,1
3.696669346930889,0.0002432929308799,5.868534454658362,0.0004,0.0,4926.0,2.0254293163102233e-05,0.0008584033415433,0.5411414387884407,discharge,0.6468487078431909,8.281860548643393e-06,3.518607894876413,1
3.696689601224052,4.961386941286421e-05,5.869392857999905,0.0004,0.0,4927.0,2.0254293163102233e-05,0.0008584033415433,0.5411414456792558,discharge,0.6468487139500155,7.845756804671667e-06,3.5186044607930196,1
3.696709855517215,-0.0001440651920542,5.8702512613414495,0.0004,0.0,4928.0,2.0254293163102233e-05,0.0008584033415441,0.5411414256702014,discharge,0.6468486962174568,7.527541896781287e-06,3.5186008955711756,1
3.696730109810378,-0.0003377442535213,5.871109664682993,0.0004,0.0,4929.0,2.0254293163102233e-05,0.0008584033415433,0.5411413787612773,discharge,0.6468486546455148,7.321358936475739e-06,3.518597205067779,1
3.696750364103541,-0.0005314233149884,5.871968068024536,0.0004,0.0,4930.0,2.0254293162658144e-05,0.0008584033415433,0.5411413049524836,discharge,0.6468485892341895,7.221642013980489e-06,3.518593394848742,1
3.696770618396704,-0.0007251023764555,5.87282647136608,0.0004,0.0,4931.0,2.0254293163102233e-05,0.0008584033415441,0.5411412042438202,discharge,0.646848499983481,7.22310174199773e-06,3.518589470203469,1
3.696790872689867,-0.0009187814379226,5.873684874707624,0.0004,0.0,4932.0,2.0254293163102233e-05,0.0008584033415433,0.5411410766352871,discharge,0.6468483868933893,7.320711517668346e-06,3.5185854361585753,1
3.6968140081340417,-0.0008260135471975,5.8748376847760415,0.0004,0.0,4933.0,2.3135444174648967e-05,0.0011528100684179,0.5411409619111833,discharge,0.646848285221823,7.367383463326942e-06,3.5185871883368467,1
3.696837143578217,-0.0007332456564724,5.8759904948444595,0.0004,0.0,4934.0,2.3135444175093056e-05,0.0011528100684179,0.5411408600715089,discharge,0.6468481949687823,7.365648244306662e-06,3.5185889952685505,1
3.696860279022391,-0.0006404777657473,5.877143304912877,0.0004,0.0,4935.0,2.3135444174648967e-05,0.0011528100684179,0.5411407711162636,discharge,0.6468481161342671,7.317910798813542e-06,3.5185908545487488,1
3.696883414466566,-0.0005477098750222,5.878296114981295,0.0004,0.0,4936.0,2.3135444174648967e-05,0.0011528100684179,0.5411406950454476,discharge,0.6468480487182773,7.2264565842326895e-06,3.518592763891985,1
3.696906549910741,-0.0004549419842972,5.879448925049713,0.0004,0.0,4937.0,2.3135444175093056e-05,0.0011528100684179,0.5411406318590609,discharge,0.6468479927208131,7.093457513108941e-06,3.5185947211263255,1
3.696929685354916,-0.0003621740935721,5.880601735118131,0.0004,0.0,4938.0,2.3135444174648967e-05,0.0011528100684179,0.5411405815571035,discharge,0.6468479481418743,6.920977594219193e-06,3.5185967241877623,1
3.6969528207990905,-0.000269406202847,5.881754545186548,0.0004,0.0,4939.0,2.3135444174648967e-05,0.001152810068417,0.5411405441395754,discharge,0.646847914981461,6.710978293388374e-06,3.518598771114834,1
3.696975956243265,-0.0001766383121219,5.882907355254966,0.0004,0.0,4940.0,2.3135444174648967e-05,0.0011528100684179,0.5411405196064765,discharge,0.6468478932395733,6.465323627972087e-06,3.518600860043505,1
3.69699909168744,-8.38704213969077e-05,5.884060165323384,0.0004,0.0,4941.0,2.3135444175093056e-05,0.0011528100684179,0.5411405079578069,discharge,0.646847882916211,6.185785008238074e-06,3.5186029892023765,1
3.697022227131615,8.897469328169216e-06,5.885212975391802,0.0004,0.0,4942.0,2.3135444174648967e-05,0.0011528100684179,0.5411405091935664,discharge,0.6468478840113742,5.87404583822061e-06,3.5186051569080368,1
3.6970453625757895,0.0001016653600532,5.88636578546022,0.0004,0.0,4943.0,2.3135444174648967e-05,0.0011528100684179,0.5411405233137554,discharge,0.6468478965250629,5.5317058879980926e-06,3.518607361560715,1
3.6970684980199646,0.0001944332507783,5.887518595528638,0.0004,0.0,4944.0,2.3135444175093056e-05,0.0011528100684179,0.5411405503183735,discharge,0.6468479204572771,5.160285448749238e-06,3.518609601640124,1
3.6970916334641393,0.0002872011415034,5.888671405597056,0.0004,0.0,4945.0,2.3135444174648967e-05,0.0011528100684179,0.5411405902074209,discharge,0.6468479558080168,4.761229281380281e-06,3.5186118757015024,1
3.697105112621596,0.0003557603637236,5.889008843069416,0.0004,0.0,4946.0,1.3479157456863788e-05,0.0003374374723597,0.5411406396185825,discharge,0.6468479995975085,4.347937586889529e-06,3.518613684515174,1
3.6971185917790534,0.0004243195859439,5.889346280541775,0.0004,0.0,4947.0,1.3479157457307878e-05,0.0003374374723597,0.5411406985518583,discharge,0.6468480518257522,3.9211176069277376e-06,3.518615511547268,1
3.6971320709365103,0.0004928788081643,5.889683718014135,0.0004,0.0,4948.0,1.3479157456863788e-05,0.0003374374723597,0.5411407670072483,discharge,0.646848112492748,3.481441446353865e-06,3.518617356125681,1
3.697145550093968,0.0005614380303846,5.890021155486495,0.0004,0.0,4949.0,1.3479157457307878e-05,0.0003374374723597,0.5411408449847526,discharge,0.6468481815984958,3.0295478188819917e-06,3.5186192176117044,1
3.697159029251425,0.0006299972526049,5.8903585929588544,0.0004,0.0,4950.0,1.3479157456863788e-05,0.0003374374723597,0.541140932484371,discharge,0.6468482591429956,2.5660437060017157e-06,3.5186210953983608,1
3.697172508408882,0.0006985564748252,5.890696030431214,0.0004,0.0,4951.0,1.3479157457307878e-05,0.0003374374723597,0.5411410295061034,discharge,0.6468483451262474,2.0915059334811753e-06,3.518622988908835,1
3.697185987566338,0.0007671156970455,5.891033467903574,0.0004,0.0,4952.0,1.3479157456863788e-05,0.0003374374723597,0.5411411360499503,discharge,0.6468484395482513,1.606482669547065e-06,3.5186248975949557,1
3.697199466723795,0.0008356749192658,5.8913709053759336,0.0004,0.0,4953.0,1.3479157456863788e-05,0.0003374374723597,0.5411412521159114,discharge,0.6468485424090074,1.1114948486328893e-06,3.5186268209358,1
3.697212945881253,0.0009042341414861,5.891708342848293,0.0004,0.0,4954.0,1.3479157457307878e-05,0.0003374374723597,0.5411413777039866,discharge,0.6468486537085154,6.070375243933412e-07,3.5186287584363174,1
3.6972264250387097,0.0009727933637064,5.892045780320653,0.0004,0.0,4955.0,1.3479157456863788e-05,0.0003374374723597,0.5411415128141761,discharge,0.6468487734467755,9.358115549896009e-08,3.518630709626068,1
3.697239904196167,0.0010413525859267,5.892383217793013,0.0004,0.0,4956.0,1.3479157457307878e-05,0.0003374374723597,0.5411416574464797,discharge,0.6468489016237876,-4.284271724493557e-07,3.518632674057957,1
3.697253383353624,0.001109911808147,5.892720655265372,0.0004,0.0,4957.0,1.3479157456863788e-05,0.0003374374723597,0.5411418116008975,discharge,0.6468490382395518,-9.585625857123216e-07,3.518634651307133,1
3.697266862511081,0.0011784710303673,5.893058092737732,0.0004,0.0,4958.0,1.3479157457307878e-05,0.0003374374723597,0.5411419752774296,discharge,0.6468491832940679,-1.4964213188947406e-06,3.5186366409698326,1
3.697280341668538,0.0012470302525876,5.893395530210092,0.0004,0.0,4959.0,1.3479157456863788e-05,0.0003374374723597,0.5411421484760757,discharge,0.6468493367873361,-2.04161966625233e-06,3.518638642662358,1
3.6973078646647455,0.0010341154679707,5.895178451577885,0.0004,0.0,4960.0,2.752299620745191e-05,0.0017829213677931,0.5411422921032241,discharge,0.6468494640735527,-2.4539526128030298e-06,3.5186348674438257,1
3.697335387660954,0.0008212006833538,5.896961372945679,0.0004,0.0,4961.0,2.7522996207896e-05,0.001782921367794,0.5411424061588745,discharge,0.6468495651527177,-2.7400211045179737e-06,3.5186309513952985,1
3.697362910657161,0.0006082858987369,5.898744294313472,0.0004,0.0,4962.0,2.752299620745191e-05,0.0017829213677931,0.5411424906430271,discharge,0.6468496400248313,-2.9060981427909317e-06,3.5186269007897386,1
3.697390433653368,0.00039537111412,5.900527215681266,0.0004,0.0,4963.0,2.752299620745191e-05,0.001782921367794,0.5411425455556819,discharge,0.6468496886898931,-2.958145077200938e-06,3.518622721588499,1
3.697417956649576,0.0001824563295032,5.902310137049059,0.0004,0.0,4964.0,2.7522996207896e-05,0.0017829213677931,0.5411425708968387,discharge,0.6468497111479035,-2.9018270888268697e-06,3.5186184194567383,1
3.697445479645784,-3.045845511366152e-05,5.904093058416853,0.0004,0.0,4965.0,2.752299620745191e-05,0.001782921367794,0.5411425666664977,discharge,0.6468497073988623,-2.7425279043283057e-06,3.518613999778187,1
3.697473002641991,-0.0002433732397305,5.905875979784646,0.0004,0.0,4966.0,2.752299620745191e-05,0.0017829213677931,0.5411425328646589,discharge,0.6468496774427694,-2.4853637790097404e-06,3.5186094676690947,1
3.6975005256381985,-0.0004562880243474,5.90765890115244,0.0004,0.0,4967.0,2.752299620745191e-05,0.001782921367794,0.5411424694913222,discharge,0.6468496212796251,-2.135196785185665e-06,3.5186048279915423,1
3.6975280486344064,-0.0006692028089642,5.909441822520233,0.0004,0.0,4968.0,2.7522996207896e-05,0.0017829213677931,0.5411423765464876,discharge,0.6468495389094292,-1.6966474403605888e-06,3.518600085366055,1
3.697555571630614,-0.0008821175935811,5.911224743888027,0.0004,0.0,4969.0,2.752299620745191e-05,0.001782921367794,0.5411422540301551,discharge,0.6468494303321817,-1.174106708022446e-06,3.5185952441836235,1
3.6975830946268218,-0.001095032378198,5.9130076652558206,0.0004,0.0,4970.0,2.752299620745191e-05,0.0017829213677931,0.5411421019423248,discharge,0.6468492955478826,-5.717474022194935e-07,3.518590308617075,1
3.697610617623029,-0.0013079471628149,5.914790586623615,0.0004,0.0,4971.0,2.7522996207896e-05,0.001782921367794,0.5411419202829967,discharge,0.646849134556532,1.0646497445892336e-07,3.5185852826319435,1
3.6976381406192367,-0.0015208619474318,5.916573507991408,0.0004,0.0,4972.0,2.752299620745191e-05,0.0017829213677931,0.5411417090521706,discharge,0.6468489473581298,8.567619313481714e-07,3.51858016999675,1
3.6976531699095583,-0.0014777441366744,5.917849896215366,0.0004,0.0,4973.0,1.502929032159983e-05,0.0012763882239585,0.5411415038099294,discharge,0.6468487654669715,1.548361492080098e-06,3.5185802396606496,1
3.69766819919988,-0.001434626325917,5.919126284439326,0.0004,0.0,4974.0,1.502929032204392e-05,0.0012763882239594,0.5411413045562731,discharge,0.6468485888830571,2.184179828497242e-06,3.518580368055553,1
3.6976832284902024,-0.0013915085151596,5.920402672663284,0.0004,0.0,4975.0,1.502929032204392e-05,0.0012763882239585,0.5411411112912015,discharge,0.6468484176063866,2.7669882327920737e-06,3.518580552410166,1
3.697698257780524,-0.0013483907044022,5.921679060887243,0.0004,0.0,4976.0,1.502929032159983e-05,0.0012763882239585,0.5411409240147148,discharge,0.6468482516369599,3.299420315338308e-06,3.5185807900908683,1
3.6977132870708456,-0.0013052728936448,5.9229554491112015,0.0004,0.0,4977.0,1.502929032159983e-05,0.0012763882239585,0.5411407427268129,discharge,0.6468480909747771,3.783978844923511e-06,3.5185810785948783,1
3.697728316361168,-0.0012621550828874,5.924231837335161,0.0004,0.0,4978.0,1.502929032204392e-05,0.0012763882239594,0.5411405674274958,discharge,0.6468479356198383,4.2230422491490205e-06,3.5185814155437702,1
3.6977433456514897,-0.00121903727213,5.92550822555912,0.0004,0.0,4979.0,1.502929032204392e-05,0.0012763882239585,0.5411403981167635,discharge,0.6468477855721434,4.618870791880565e-06,3.5185817986772627,1
3.6977583749418113,-0.0011759194613726,5.926784613783078,0.0004,0.0,4980.0,1.502929032159983e-05,0.0012763882239585,0.5411402347946161,discharge,0.6468476408316923,4.973612443794167e-06,3.5185822258473944,1
3.697773404232133,-0.0011328016506152,5.928061002007038,0.0004,0.0,4981.0,1.502929032159983e-05,0.0012763882239594,0.5411400774610535,discharge,0.6468475013984851,5.289308461264802e-06,3.518582695012887,1
3.697788433522455,-0.0010896838398578,5.929337390230996,0.0004,0.0,4982.0,1.502929032204392e-05,0.0012763882239585,0.5411399261160759,discharge,0.6468473672725218,5.567898688087784e-06,3.5185832042338983,1
3.697803462812777,-0.0010465660291004,5.930613778454955,0.0004,0.0,4983.0,1.502929032204392e-05,0.0012763882239585,0.5411397807596829,discharge,0.6468472384538024,5.811226593802914e-06,3.518583751666958,1
3.6978184921030985,-0.001003448218343,5.9318901666789134,0.0004,0.0,4984.0,1.502929032159983e-05,0.0012763882239585,0.5411396413918748,discharge,0.6468471149423269,6.021044061707396e-06,3.5185843355601687,1
3.69783352139342,-0.0009603304075856,5.933166554902873,0.0004,0.0,4985.0,1.502929032159983e-05,0.0012763882239594,0.5411395080126515,discharge,0.6468469967380953,6.199015938993304e-06,3.518584954248687,1
3.697848550683742,-0.0009172125968282,5.9344429431268315,0.0004,0.0,4986.0,1.502929032204392e-05,0.0012763882239585,0.541139380622013,discharge,0.6468468838411076,6.3467243608276215e-06,3.5185856061503595,1
3.697874568749481,-0.0008869037462259,5.935843258411789,0.0004,0.0,4987.0,2.6018065738320217e-05,0.0014003152849575,0.5411392574409373,discharge,0.6468467746747467,6.47203653693756e-06,3.5185860263425277,1
3.697900586815219,-0.0008565948956237,5.937243573696746,0.0004,0.0,4988.0,2.6018065738320217e-05,0.0014003152849566,0.541139138469424,discharge,0.6468466692390127,6.576065145319737e-06,3.5185864698917033,1
3.697926604880957,-0.0008262860450214,5.938643888981703,0.0004,0.0,4989.0,2.6018065738320217e-05,0.0014003152849575,0.5411390237074732,discharge,0.6468465675339055,6.6598675845127045e-06,3.518586935740494,1
3.697952622946695,-0.0007959771944192,5.940044204266661,0.0004,0.0,4990.0,2.6018065738320217e-05,0.0014003152849575,0.5411389131550852,discharge,0.6468464695594252,6.724448719960865e-06,3.5185874228840253,1
3.697978641012434,-0.0007656683438169,5.9414445195516175,0.0004,0.0,4991.0,2.6018065738320217e-05,0.0014003152849566,0.5411388068122596,discharge,0.6468463753155717,6.770763493934644e-06,3.5185879303673477,1
3.698004659078172,-0.0007353594932147,5.942844834836575,0.0004,0.0,4992.0,2.6018065738320217e-05,0.0014003152849575,0.5411387046789966,discharge,0.646846284802345,6.799719405786439e-06,3.5185884572829673,1
3.69803067714391,-0.0007050506426124,5.9442451501215325,0.0004,0.0,4993.0,2.6018065737876128e-05,0.0014003152849575,0.5411386067552963,discharge,0.6468461980197452,6.812178868983452e-06,3.51858900276847,1
3.698056695209648,-0.0006747417920102,5.94564546540649,0.0004,0.0,4994.0,2.6018065738320217e-05,0.0014003152849575,0.5411385130411586,discharge,0.6468461149677722,6.8089614510401066e-06,3.5185895660042728,1
3.698082713275386,-0.0006444329414079,5.947045780691447,0.0004,0.0,4995.0,2.6018065738320217e-05,0.0014003152849566,0.5411384235365834,discharge,0.6468460356464261,6.790846002166981e-06,3.5185901462115368,1
3.698108731341125,-0.0006141240908057,5.948446095976404,0.0004,0.0,4996.0,2.6018065738320217e-05,0.0014003152849575,0.5411383382415709,discharge,0.6468459600557068,6.758572678165759e-06,3.5185907426500993,1
3.6981347494068633,-0.0005838152402034,5.949846411261362,0.0004,0.0,4997.0,2.6018065738320217e-05,0.0014003152849575,0.5411382571561207,discharge,0.6468458881956144,6.7128448628234336e-06,3.518591354616572,1
3.6981607674726016,-0.0005535063896012,5.9512467265463185,0.0004,0.0,4998.0,2.6018065738320217e-05,0.0014003152849566,0.5411381802802333,discharge,0.6468458200661488,6.654330994799573e-06,3.518591981442514,1
3.69818678553834,-0.000523197538999,5.952647041831276,0.0004,0.0,4999.0,2.6018065738320217e-05,0.0014003152849575,0.5411381076139083,discharge,0.64684575566731,6.5836663037508265e-06,3.51859262249269,1
3.698203177538141,-0.0006450194139254,5.953081238599746,0.0003857142857142,0.0,5000.0,1.639199980063566e-05,0.0004341967684702,0.5411380180278786,discharge,0.6468456762737766,6.577035212878837e-06,3.518590148561039,1
3.698219569537941,-0.0007668412888519,5.9535154353682165,0.0003714285714285,0.0,5001.0,1.639199980063566e-05,0.0004341967684702,0.5411379115221441,discharge,0.6468455818855489,6.631256439979733e-06,3.518587605443359,1
3.698235961537742,-0.0008886631637784,5.953949632136687,0.0003571428571428,0.0,5002.0,1.639199980063566e-05,0.0004341967684702,0.5411377880967047,discharge,0.6468454725026265,6.74330675356723e-06,3.5185849961628923,1
3.698252353537543,-0.0010104850387048,5.954383828905156,0.0003428571428571,0.0,5003.0,1.639199980107975e-05,0.0004341967684693,0.5411376477515604,discharge,0.6468453481250096,6.910313120683563e-06,3.518582323592679,1
3.698268745537343,-0.0011323069136313,5.954818025673626,0.0003285714285714,0.0,5004.0,1.639199980063566e-05,0.0004341967684702,0.5411374904867113,discharge,0.6468452087526981,7.1295452448187246e-06,3.51857959046304,1
3.698285137537144,-0.0012541287885578,5.9552522224420965,0.0003142857142857,0.0,5005.0,1.639199980063566e-05,0.0004341967684702,0.5411373163021573,discharge,0.6468450543856922,7.398408474556399e-06,3.5185767993686383,1
3.698301529536945,-0.0013759506634843,5.955686419210567,0.0003,0.0,5006.0,1.639199980063566e-05,0.0004341967684702,0.5411371251978986,discharge,0.6468448850239916,7.714437064528867e-06,3.518573952775238,1
3.6983179215367454,-0.0014977725384107,5.956120615979037,0.0002857142857142,0.0,5007.0,1.639199980063566e-05,0.0004341967684702,0.541136917173935,discharge,0.6468447006675966,8.075287771177349e-06,3.5185710530261054,1
3.698334313536546,-0.0016195944133372,5.956554812747507,0.0002714285714285,0.0,5008.0,1.639199980063566e-05,0.0004341967684702,0.5411366922302665,discharge,0.646844501316507,8.478733766684467e-06,3.5185681023480853,1
3.6983507055363463,-0.0017414162882637,5.956989009515977,0.0002571428571428,0.0,5009.0,1.639199980063566e-05,0.0004341967684702,0.5411364503668932,discharge,0.6468442869707228,8.922658855271087e-06,3.5185651028574,1
3.698367097536148,-0.0018632381631901,5.957423206284447,0.0002428571428571,0.0,5010.0,1.639199980107975e-05,0.0004341967684693,0.5411361915838149,discharge,0.6468440576302441,9.405051976836067e-06,3.5185620565651283,1
3.698383489535949,-0.0019850600381166,5.957857403052917,0.0002285714285714,0.0,5011.0,1.639199980063566e-05,0.0004341967684702,0.5411359158810318,discharge,0.6468438132950709,9.92400198366332e-06,3.5185589653824554,1
3.698399881535749,-0.0021068819130431,5.958291599821387,0.0002142857142857,0.0,5012.0,1.639199980063566e-05,0.0004341967684702,0.541135623258544,discharge,0.6468435539652031,1.0477692676629342e-05,3.518555831125607,1
3.6984162735355497,-0.0022287037879696,5.9587257965898575,0.0002,0.0,5013.0,1.639199980063566e-05,0.0004341967684702,0.5411353137163513,discharge,0.6468432796406408,1.1064398088019368e-05,3.5185526555205744,1
3.6984208125262135,-0.0021203248011411,5.959996743960195,0.0002153846153846,0.0,5014.0,4.538990663771614e-06,0.0012709473703376,0.5411350192267956,discharge,0.6468430186561277,1.1568110869129407e-05,3.518554174339633,1
3.698425351516877,-0.0020119458143127,5.961267691330533,0.0002307692307692,0.0,5015.0,4.538990663771614e-06,0.0012709473703376,0.5411347397898769,discharge,0.6468427710116638,1.1992954214298696e-05,3.518555779442313,1
3.698429890507541,-0.0019035668274843,5.962538638700871,0.0002461538461538,0.0,5016.0,4.538990663771614e-06,0.0012709473703385,0.5411344754055953,discharge,0.646842536707249,1.2342846471586677e-05,3.5185574669102544,1
3.698434429498205,-0.0017951878406559,5.963809586071209,0.0002615384615384,0.0,5017.0,4.538990663771614e-06,0.0012709473703376,0.5411342260739507,discharge,0.6468423157428834,1.2621511319833569e-05,3.5185592330197433,1
3.698438968488869,-0.0016868088538275,5.965080533441546,0.000276923076923,0.0,5018.0,4.538990663771614e-06,0.0012709473703376,0.5411339917949433,discharge,0.646842108118567,1.2832487440109755e-05,3.518561074232076,1
3.698443507479532,-0.0015784298669991,5.966351480811884,0.0002923076923076,0.0,5019.0,4.538990663771614e-06,0.0012709473703376,0.5411337725685729,discharge,0.6468419138342998,1.2979137706673513e-05,3.5185629871843584,1
3.698448046470195,-0.0014700508801706,5.9676224281822225,0.0003076923076923,0.0,5020.0,4.5389906633275245e-06,0.0012709473703385,0.5411335683948395,discharge,0.6468417328900817,1.3064657921308587e-05,3.518564968680771,1
3.6984525854608594,-0.0013616718933422,5.96889337555256,0.0003230769230769,0.0,5021.0,4.538990663771614e-06,0.0012709473703376,0.5411333792737432,discharge,0.6468415652859129,1.3092085113727374e-05,3.518567015684265,1
3.698457124451523,-0.0012532929065138,5.970164322922898,0.0003384615384615,0.0,5022.0,4.538990663771614e-06,0.0012709473703376,0.541133205205284,discharge,0.6468414110217932,1.3064305429597753e-05,3.5185691253086677,1
3.698461663442187,-0.0011449139196854,5.971435270293235,0.0003538461538461,0.0,5023.0,4.538990663771614e-06,0.0012709473703376,0.5411330461894619,discharge,0.6468412700977226,1.2984061626681473e-05,3.518571294811221,1
3.6984662024328503,-0.001036534932857,5.972706217663574,0.0003692307692307,0.0,5024.0,4.538990663771614e-06,0.0012709473703385,0.5411329022262767,discharge,0.6468411425137013,1.2853960198553466e-05,3.5185735215854006,1
3.6984707414235145,-0.0009281559460286,5.9739771650339115,0.0003846153846153,0.0,5025.0,4.538990663771614e-06,0.0012709473703376,0.5411327733157286,discharge,0.646841028269729,1.2676478144404436e-05,3.518575803154209,1
3.6984752804141783,-0.0008197769592002,5.975248112404249,0.0004,0.0,5026.0,4.538990663771614e-06,0.0012709473703376,0.5411326594578176,discharge,0.6468409273658059,1.2453969402509845e-05,3.5185781371636775,1
3.69851145236806,-0.0007281658206009,5.976700289013393,0.0004,0.0,5027.0,3.617195388150307e-05,0.0014521766091437,0.5411325583236759,discharge,0.6468408377380271,1.2197001474466532e-05,3.5185801765422986,1
3.6985476243219417,-0.0006365546820017,5.9781524656225375,0.0004,0.0,5028.0,3.617195388150307e-05,0.0014521766091446,0.5411324699133033,discharge,0.6468407593863926,1.1907286342661203e-05,3.5185822549350383,1
3.6985837962758232,-0.0005449435434025,5.979604642231681,0.0004,0.0,5029.0,3.617195388194716e-05,0.0014521766091437,0.5411323942267001,discharge,0.6468406923109025,1.158645093571053e-05,3.5185843707149598,1
3.6986199682297047,-0.0004533324048033,5.981056818840825,0.0004,0.0,5030.0,3.617195388150307e-05,0.0014521766091437,0.5411323312638661,discharge,0.6468406365115565,1.1236041354055968e-05,3.5185865223359607,1
3.6986561401835862,-0.000361721266204,5.98250899544997,0.0004,0.0,5031.0,3.617195388150307e-05,0.0014521766091446,0.5411322810248014,discharge,0.646840591988355,1.0857526885624765e-05,3.5185887083287484,1
3.698692312137468,-0.0002701101276048,5.9839611720591135,0.0004,0.0,5032.0,3.617195388150307e-05,0.0014521766091437,0.5411322435095058,discharge,0.6468405587412976,1.0452303821987316e-05,3.5185909272970206,1
3.698728484091349,-0.0001784989890056,5.985413348668258,0.0004,0.0,5033.0,3.617195388150307e-05,0.0014521766091446,0.5411322187179797,discharge,0.6468405367703847,1.0021699084921983e-05,3.51859317791386,1
3.698764656045231,-8.688785040642855e-05,5.986865525277402,0.0004,0.0,5034.0,3.617195388194716e-05,0.0014521766091437,0.5411322066502227,discharge,0.6468405260756159,9.566973672807118e-06,3.5185954589182664,1
3.6988008279991127,4.723288192792874e-06,5.988317701886546,0.0004,0.0,5035.0,3.617195388150307e-05,0.0014521766091437,0.5411322073062349,discharge,0.6468405266569915,9.089325935791205e-06,3.5185977691118824,1
3.698836999952994,9.63344267920143e-05,5.98976987849569,0.0004,0.0,5036.0,3.617195388150307e-05,0.0014521766091446,0.5411322206860164,discharge,0.6468405385145114,8.589894688247935e-06,3.5186001073558972,1
3.698873171906876,0.0001879455653912,5.991222055104834,0.0004,0.0,5037.0,3.617195388150307e-05,0.0014521766091437,0.5411322467895672,discharge,0.6468405616481756,8.069762166599895e-06,3.5186024725680833,1
3.6989093438607576,0.0002795567039904,5.992674231713978,0.0004,0.0,5038.0,3.617195388194716e-05,0.0014521766091437,0.5411322856168871,discharge,0.646840596057984,7.5299568401932675e-06,3.518604863719958,1
3.698945515814639,0.0003711678425896,5.9941264083231225,0.0004,0.0,5039.0,3.617195388150307e-05,0.0014521766091446,0.5411323371679764,discharge,0.6468406417439369,6.971456082524265e-06,3.5186072798341588,1
3.6989816877685207,0.0004627789811889,5.995578584932266,0.0004,0.0,5040.0,3.617195388150307e-05,0.0014521766091437,0.5411324014428349,discharge,0.6468406987060339,6.395188709755063e-06,3.51860971998187,1
3.699002488568397,0.0003711265446072,5.99673770682866,0.0004,0.0,5041.0,2.080079987587524e-05,0.0011591218963937,0.5411324529881882,discharge,0.6468407443869034,5.893085397401286e-06,3.5186084144243086,1
3.699023289368272,0.0002794741080256,5.997896828725053,0.0004,0.0,5042.0,2.080079987587524e-05,0.0011591218963928,0.5411324918040367,discharge,0.6468407787865454,5.461461567289568e-06,3.518607032117555,1
3.699044090168148,0.000187821671444,5.999055950621447,0.0004,0.0,5043.0,2.080079987587524e-05,0.0011591218963937,0.5411325178903799,discharge,0.6468408019049599,5.096815696438546e-06,3.5186055765631212,1
3.699064890968024,9.616923486241425e-05,6.0002150725178405,0.0004,0.0,5044.0,2.080079987587524e-05,0.0011591218963937,0.541132531247218,discharge,0.6468408137421467,4.795820222611154e-06,3.5186040510885683,1
3.6990856917679,4.5167982807928095e-06,6.001374194414234,0.0004,0.0,5045.0,2.080079987587524e-05,0.0011591218963937,0.5411325318745511,discharge,0.6468408142981061,4.555312901692369e-06,3.5186024588561375,1
3.699106492567776,-8.713563830082863e-05,6.002533316310627,0.0004,0.0,5046.0,2.080079987587524e-05,0.0011591218963928,0.5411325197723791,discharge,0.6468408035728379,4.372288594444899e-06,3.518600802870976,1
3.699127293367652,-0.0001787880748824,6.003692438207021,0.0004,0.0,5047.0,2.080079987587524e-05,0.0011591218963937,0.5411324949407021,discharge,0.6468407815663422,4.243891461310806e-06,3.518599085988919,1
3.699148094167527,-0.000270440511464,6.004851560103415,0.0004,0.0,5048.0,2.0800799875431153e-05,0.0011591218963937,0.54113245737952,discharge,0.6468407482786189,4.167407544986785e-06,3.5185973109239255,1
3.699168894967403,-0.0003620929480456,6.006010681999808,0.0004,0.0,5049.0,2.080079987587524e-05,0.0011591218963928,0.5411324070888328,discharge,0.6468407037096682,4.1402577215077575e-06,3.5185954802551254,1
3.699189695767279,-0.0004537453846273,6.007169803896201,0.0004,0.0,5050.0,2.080079987587524e-05,0.0011591218963937,0.5411323440686404,discharge,0.6468406478594898,4.159991001530972e-06,3.518593596433505,1
3.699210496567155,-0.0005453978212089,6.008328925792595,0.0004,0.0,5051.0,2.080079987587524e-05,0.0011591218963937,0.541132268318943,discharge,0.6468405807280839,4.224278164421826e-06,3.518591661788303,1
3.6992312973670303,-0.0006370502577905,6.009488047688989,0.0004,0.0,5052.0,2.080079987587524e-05,0.0011591218963937,0.5411321798397406,discharge,0.6468405023154505,4.330905708607847e-06,3.518589678533009,1
3.6992520981669066,-0.0007287026943721,6.010647169585382,0.0004,0.0,5053.0,2.080079987587524e-05,0.0011591218963928,0.541132078631033,discharge,0.6468404126215895,4.47777010248766e-06,3.5185876487711765,1
3.6992728989667825,-0.0008203551309538,6.011806291481776,0.0004,0.0,5054.0,2.080079987587524e-05,0.0011591218963937,0.5411319646928203,discharge,0.646840311646501,4.6628723209632495e-06,3.5185855745018344,1
3.699276020414864,-0.0010165730197289,6.013796376204941,0.0003846153846153,0.0,5055.0,3.1214480817887136e-06,0.0019900847231655,0.5411318235021232,discharge,0.6468401865195325,4.936262287861003e-06,3.518581307212977,1
3.6992791418629465,-0.0012127909085041,6.0157864609281075,0.0003692307692307,0.0,5056.0,3.121448082232803e-06,0.0019900847231664,0.5411316550589416,discharge,0.646840037240684,5.293553739686423e-06,3.5185769425999287,1
3.699282263311028,-0.0014090087972793,6.017776545651273,0.0003538461538461,0.0,5057.0,3.1214480817887136e-06,0.0019900847231655,0.5411314593632752,discharge,0.6468398638099554,5.730578328882193e-06,3.5185724848310715,1
3.6992853847591105,-0.0016052266860545,6.019766630374439,0.0003384615384615,0.0,5058.0,3.121448082232803e-06,0.0019900847231655,0.5411312364151244,discharge,0.6468396662273469,6.2433747974481535e-06,3.518567937867689,1
3.699288506207192,-0.0018014445748296,6.021756715097605,0.0003230769230769,0.0,5059.0,3.1214480817887136e-06,0.0019900847231664,0.541130986214489,discharge,0.6468394444928584,6.828178688431455e-06,3.5185633054742804,1
3.699291627655274,-0.0019976624636048,6.0237467998207705,0.0003076923076923,0.0,5060.0,3.1214480817887136e-06,0.0019900847231655,0.541130708761369,discharge,0.6468391986064898,7.481412568565015e-06,3.518558591228332,1
3.699294749103356,-0.00219388035238,6.025736884543936,0.0002923076923076,0.0,5061.0,3.121448082232803e-06,0.0019900847231655,0.5411304040557645,discharge,0.6468389285682412,8.199676736659187e-06,3.518553798529578,1
3.699297870551438,-0.0023900982411552,6.027726969267102,0.000276923076923,0.0,5062.0,3.1214480817887136e-06,0.0019900847231655,0.5411300720976755,discharge,0.6468386343781126,8.97974039361422e-06,3.5185489306088695,1
3.69930099199952,-0.0025863161299303,6.029717053990268,0.0002615384615384,0.0,5063.0,3.1214480817887136e-06,0.0019900847231664,0.541129712887102,discharge,0.6468383160361041,9.818533251119207e-06,3.518543990536555,1
3.699304113447602,-0.0027825340187055,6.031707138713434,0.0002461538461538,0.0,5064.0,3.121448082232803e-06,0.0019900847231655,0.5411293264240438,discharge,0.6468379735422155,1.071313755724327e-05,3.518538981230448,1
3.699307234895684,-0.0029787519074807,6.033697223436599,0.0002307692307692,0.0,5065.0,3.1214480817887136e-06,0.0019900847231655,0.541128912708501,discharge,0.646837606896447,1.1660780518206628e-05,3.5185339054634026,1
3.699310356343766,-0.0031749697962559,6.0356873081597655,0.0002153846153846,0.0,5066.0,3.121448082232803e-06,0.0019900847231664,0.5411284717404738,discharge,0.6468372160987984,1.2658827096649297e-05,3.5185287658705366,1
3.699313477791848,-0.0033711876850311,6.037677392882931,0.0002,0.0,5067.0,3.1214480817887136e-06,0.0019900847231655,0.5411280035199619,discharge,0.6468368011492698,1.3704773167692189e-05,3.518523564956034,1
3.6993397329793702,-0.0031123783423948,6.039015236093428,0.0002,0.0,5068.0,2.6255187522750138e-05,0.0013378432104973,0.5411275712451922,discharge,0.6468364180558183,1.4570174881561114e-05,3.518527662835128,1
3.699365988166894,-0.0028535689997585,6.040353079303927,0.0002,0.0,5069.0,2.6255187523194223e-05,0.0013378432104982,0.5411271749161645,discharge,0.6468360668184439,1.526400194398729e-05,3.5185319499933807,1
3.6993922433544166,-0.0025947596571223,6.041690922514424,0.0002,0.0,5070.0,2.6255187522750138e-05,0.0013378432104973,0.5411268145328787,discharge,0.6468357474371464,1.5794778432701407e-05,3.518536417906625,1
3.6994184985419394,-0.002335950314486,6.043028765724921,0.0002,0.0,5071.0,2.6255187522750138e-05,0.0013378432104973,0.5411264900953351,discharge,0.6468354599119261,1.6170604936879367e-05,3.518541058474198,1
3.699444753729462,-0.0020771409718497,6.044366608935419,0.0002,0.0,5072.0,2.6255187522750138e-05,0.0013378432104973,0.5411262016035334,discharge,0.646835204242783,1.6399179596668565e-05,3.5185458639978773,1
3.6994710089169858,-0.0018183316292135,6.045704452145917,0.0002,0.0,5073.0,2.6255187523194223e-05,0.0013378432104982,0.5411259490574738,discharge,0.6468349804297168,1.6487818097439788e-05,3.5185508271619246,1
3.699497264104508,-0.0015595222865772,6.047042295356414,0.0002,0.0,5074.0,2.6255187522750138e-05,0.0013378432104973,0.5411257324571562,discharge,0.6468347884727277,1.6443472670695514e-05,3.5185559410140455,1
3.699523519292031,-0.0013007129439409,6.048380138566912,0.0002,0.0,5075.0,2.6255187522750138e-05,0.0013378432104973,0.5411255518025806,discharge,0.6468346283718157,1.6272750150985806e-05,3.518561198947359,1
3.699549774479554,-0.0010419036013047,6.04971798177741,0.0002,0.0,5076.0,2.6255187523194223e-05,0.0013378432104982,0.5411254070937472,discharge,0.6468345001269807,1.5981929135730267e-05,3.5185665946832234,1
3.6995760296670768,-0.0007830942586684,6.051055824987907,0.0002,0.0,5077.0,2.6255187522750138e-05,0.0013378432104973,0.5411252983306557,discharge,0.6468344037382229,1.5576976292514972e-05,3.518572122254946,1
3.699602284854599,-0.0005242849160321,6.0523936681984045,0.0002,0.0,5078.0,2.6255187522750138e-05,0.0013378432104973,0.5411252255133062,discharge,0.6468343392055421,1.5063561856219535e-05,3.5185777759922634,1
3.6996285400421223,-0.0002654755733959,6.053731511408902,0.0002,0.0,5079.0,2.6255187522750138e-05,0.0013378432104973,0.5411251886416988,discharge,0.6468343065289384,1.4447074356224244e-05,3.518583550506632,1
3.6996547952296455,-6.666230759664151e-06,6.0550693546194,0.0002,0.0,5080.0,2.6255187523194223e-05,0.0013378432104982,0.5411251877158334,discharge,0.6468343057084117,1.373263461194806e-05,3.518589440677219,1
3.699681050417168,0.0002521431118766,6.0564071978298974,0.0002,0.0,5081.0,2.6255187522750138e-05,0.0013378432104973,0.5411252227357102,discharge,0.6468343367439622,1.2925109033068148e-05,3.5185954416376246,1
3.699703085670708,0.0001218325005794,6.056769478038086,0.0002153846153846,0.0,5082.0,2.2035253540053645e-05,0.0003622802081881,0.5411252396568907,discharge,0.6468343517399646,1.2222442700299463e-05,3.518593546425744,1
3.6997251209242488,-8.478110717707703e-06,6.057131758246274,0.0002307692307692,0.0,5083.0,2.2035253540497735e-05,0.0003622802081881,0.5411252384793753,discharge,0.646834350696419,1.1619426054088077e-05,3.5185915426502183,1
3.699747156177789,-0.0001387887220148,6.057494038454463,0.0002461538461538,0.0,5084.0,2.2035253540053645e-05,0.000362280208189,0.5411252192031639,discharge,0.6468343336133254,1.1111108353360605e-05,3.5185894352617777,1
3.6997691914313298,-0.000269099333312,6.057856318662651,0.0002615384615384,0.0,5085.0,2.2035253540497735e-05,0.0003622802081881,0.5411251818282565,discharge,0.6468343004906838,1.0692784817046436e-05,3.51858722896522,1
3.69979122668487,-0.0003994099446091,6.058218598870839,0.000276923076923,0.0,5086.0,2.2035253540053645e-05,0.0003622802081881,0.541125126354653,discharge,0.6468342513284941,1.0359984404427607e-05,3.518584928231584,1
3.6998132619384094,-0.0005297205559063,6.058580879079027,0.0002923076923076,0.0,5087.0,2.2035253540053645e-05,0.0003622802081881,0.5411250527823537,discharge,0.6468341861267565,1.0108458202579005e-05,3.518582537309783,1
3.69983529719195,-0.0006600311672034,6.0589431592872165,0.0003076923076923,0.0,5088.0,2.2035253540497735e-05,0.000362280208189,0.5411249611113582,discharge,0.6468341048854708,9.93416839073699e-06,3.5185800602376593,1
3.69985733244549,-0.0007903417785006,6.059305439495405,0.0003230769230769,0.0,5089.0,2.2035253540053645e-05,0.0003622802081881,0.5411248513416669,discharge,0.6468340076046372,9.833277752934604e-06,3.518577500852427,1
3.69987936769903,-0.0009206523897977,6.059667719703593,0.0003384615384615,0.0,5090.0,2.2035253540053645e-05,0.0003622802081881,0.5411247234732793,discharge,0.6468338942842555,9.802139711663891e-06,3.5185748628006825,1
3.6999014029525705,-0.0010509630010949,6.060029999911781,0.0003538461538461,0.0,5091.0,2.2035253540497735e-05,0.0003622802081881,0.5411245775061959,discharge,0.6468337649243259,9.837288856680732e-06,3.5185721495478455,1
3.6999234382061106,-0.001181273612392,6.06039228011997,0.0003692307692307,0.0,5092.0,2.2035253540053645e-05,0.000362280208189,0.5411244134404164,discharge,0.6468336195248482,9.935431944352008e-06,3.5185693643871794,1
3.699945473459651,-0.0013115842236892,6.060754560328158,0.0003846153846153,0.0,5093.0,2.2035253540497735e-05,0.0003622802081881,0.5411242312759408,discharge,0.6468334580858225,1.0093439344168654e-05,3.518566510448337,1
3.699967508713191,-0.0014418948349864,6.0611168405363465,0.0004,0.0,5094.0,2.2035253540053645e-05,0.0003622802081881,0.5411240310127693,discharge,0.6468332806072488,1.0308336910208025e-05,3.5185635907054746,1
3.6999692759097886,-0.0013786474567815,6.062404034507107,0.0003857142857142,0.0,5095.0,1.7671965975019075e-06,0.0012871939707608,0.5411238395339559,discharge,0.646833110913608,1.048113583768349e-05,3.5185645885475703,1
3.699971043106386,-0.0013154000785766,6.063691228477869,0.0003714285714285,0.0,5096.0,1.7671965975019075e-06,0.0012871939707617,0.5411236568395005,discharge,0.6468329490049,1.0613927648066635e-05,3.5185656307232978,1
3.699972810302983,-0.0012521527003717,6.06497842244863,0.0003571428571428,0.0,5097.0,1.7671965970578183e-06,0.0012871939707608,0.5411234829294032,discharge,0.6468327948811248,1.0708699953006417e-05,3.5185667152450337,1
3.6999745774995807,-0.0011889053221668,6.066265616419391,0.0003428571428571,0.0,5098.0,1.7671965975019075e-06,0.0012871939707608,0.5411233178036641,discharge,0.6468326485422825,1.0767341616719983e-05,3.518567840223911,1
3.699976344696178,-0.001125657943962,6.067552810390152,0.0003285714285714,0.0,5099.0,1.7671965975019075e-06,0.0012871939707617,0.5411231614622829,discharge,0.646832509988373,1.0791647661908464e-05,3.5185690038648842,1
3.699978111892776,-0.0010624105657571,6.068840004360913,0.0003142857142857,0.0,5100.0,1.7671965975019075e-06,0.0012871939707608,0.5411230139052599,discharge,0.6468323792193965,1.0783323931939557e-05,3.51857020446212,1
3.6999798790893728,-0.0009991631875522,6.070127198331675,0.0003,0.0,5101.0,1.7671965970578183e-06,0.0012871939707617,0.5411228751325949,discharge,0.6468322562353528,1.0743991521406409e-05,3.5185714403945,1
3.6999816462859703,-0.0009359158093473,6.071414392302436,0.0002857142857142,0.0,5102.0,1.7671965975019075e-06,0.0012871939707608,0.541122745144288,discharge,0.6468321410362419,1.0675190986569699e-05,3.5185727101214725,1
3.699983413482568,-0.0008726684311424,6.072701586273197,0.0002714285714285,0.0,5103.0,1.7671965975019075e-06,0.0012871939707608,0.5411226239403393,discharge,0.6468320336220639,1.05783863466189e-05,3.518574012179003,1
3.6999851806791657,-0.0008094210529376,6.073988780243958,0.0002571428571428,0.0,5104.0,1.7671965975019075e-06,0.0012871939707617,0.5411225115207486,discharge,0.6468319339928187,1.0454968886145124e-05,3.5185753451758,1
3.699986947875763,-0.0007461736747327,6.075275974214719,0.0002428571428571,0.0,5105.0,1.7671965975019075e-06,0.0012871939707608,0.541122407885516,discharge,0.6468318421485064,1.0306260768701399e-05,3.5185767077896974,1
3.69998871507236,-0.0006829262965278,6.07656316818548,0.0002285714285714,0.0,5106.0,1.7671965970578183e-06,0.0012871939707608,0.5411223130346415,discharge,0.646831758089127,1.0133518470836315e-05,3.5185780987642143,1
3.6999904822689578,-0.0006196789183229,6.077850362156242,0.0002142857142857,0.0,5107.0,1.7671965975019075e-06,0.0012871939707617,0.5411222269681251,discharge,0.6468316818146803,9.937936045519707e-06,3.518579516905293,1
3.699992249465555,-0.0005564315401181,6.0791375561270025,0.0002,0.0,5108.0,1.7671965975019075e-06,0.0012871939707608,0.5411221496859667,discharge,0.6468316133251666,9.720648223436708e-06,3.518580961078192,1
3.700028956111348,-0.000362708937383,6.0799199306157945,0.0002153846153846,0.0,5109.0,3.670664579313865e-05,0.000782374488792,0.5411220993097254,discharge,0.6468315686803955,9.41791137476203e-06,3.51858511345613,1
3.700065662757141,-0.0001689863346479,6.080702305104587,0.0002307692307692,0.0,5110.0,3.670664579313865e-05,0.0007823744887929,0.5411220758394012,discharge,0.646831547880367,9.03397073116917e-06,3.518589360289394,1
3.7001023694029342,2.4736268087130757e-05,6.0814846795933795,0.0002461538461538,0.0,5111.0,3.670664579358274e-05,0.000782374488792,0.541122079274994,discharge,0.6468315509250812,8.572860615060011e-06,3.51859369754364,1
3.700139076048728,0.0002184588708222,6.0822670540821715,0.0002615384615384,0.0,5112.0,3.670664579313865e-05,0.000782374488792,0.5411221096165038,discharge,0.6468315778145379,8.038414917843491e-06,3.5185981213849775,1
3.700175782694521,0.0004121814735572,6.083049428570964,0.000276923076923,0.0,5113.0,3.670664579313865e-05,0.0007823744887929,0.5411221668639308,discharge,0.6468316285487373,7.4342770576383675e-06,3.518602628170003,1
3.700212489340314,0.0006059040762923,6.0838318030597565,0.0002923076923076,0.0,5114.0,3.670664579313865e-05,0.000782374488792,0.5411222510172746,discharge,0.6468317031276793,6.763909442262619e-06,3.5186072144363134,1
3.700249195986108,0.0007996266790274,6.0846141775485485,0.0003076923076923,0.0,5115.0,3.670664579358274e-05,0.000782374488792,0.5411223620765355,discharge,0.646831801551364,6.030602462088064e-06,3.518611876893531,1
3.700285902631901,0.0009933492817625,6.0853965520373405,0.0003230769230769,0.0,5116.0,3.670664579313865e-05,0.000782374488792,0.5411225000417136,discharge,0.6468319238197913,5.237483036116723e-06,3.5186166124147613,1
3.700322609277694,0.0011870718844975,6.0861789265261335,0.0003384615384615,0.0,5117.0,3.670664579313865e-05,0.0007823744887929,0.5411226649128087,discharge,0.6468320699329612,4.3875227334758116e-06,3.518621418028448,1
3.700359315923487,0.0013807944872326,6.0869613010149255,0.0003538461538461,0.0,5118.0,3.670664579313865e-05,0.000782374488792,0.5411228566898207,discharge,0.6468322398908737,3.4835454914248587e-06,3.518626290910691,1
3.7003960225692807,0.0015745170899677,6.0877436755037175,0.0003692307692307,0.0,5119.0,3.670664579358274e-05,0.000782374488792,0.54112307537275,discharge,0.6468324336935288,2.5282349499213434e-06,3.518631228377876,1
3.700432729215074,0.0017682396927028,6.0885260499925105,0.0003846153846153,0.0,5120.0,3.670664579313865e-05,0.0007823744887929,0.5411233209615962,discharge,0.6468326513409266,1.5241414217942526e-06,3.51863622787973,1
3.700469435860867,0.0019619622954379,6.0893084244813025,0.0004,0.0,5121.0,3.670664579313865e-05,0.000782374488792,0.5411235934563594,discharge,0.646832892833067,4.7368851662935593e-07,3.518641286992684,1
3.700488023014107,0.0017131391653844,6.090917161400499,0.0004,0.0,5122.0,1.8587153240545717e-05,0.0016087369191968,0.5411238313923546,discharge,0.6468331036983037,-4.009574206652639e-07,3.5186373023634,1
3.700506610167347,0.001464316035331,6.092525898319696,0.0004,0.0,5123.0,1.8587153240101628e-05,0.0016087369191968,0.5411240347695818,discharge,0.6468332839366367,-1.1085307354437733e-06,3.518633133640822,1
3.700525197320588,0.0012154929052776,6.094134635238892,0.0004,0.0,5124.0,1.8587153240545717e-05,0.0016087369191959,0.5411242035880408,discharge,0.6468334335480661,-1.6573318381048683e-06,3.518628789125325,1
3.7005437844738287,0.0009666697752241,6.095743372158089,0.0004,0.0,5125.0,1.8587153240545717e-05,0.0016087369191968,0.5411243378477318,discharge,0.6468335525325918,-2.055248762610235e-06,3.518624276704905,1
3.700562371627069,0.0007178466451707,6.097352109077286,0.0004,0.0,5126.0,1.8587153240545717e-05,0.0016087369191968,0.5411244375486548,discharge,0.6468336408902138,-2.309777653944669e-06,3.518619603875669,1
3.70058095878031,0.0004690235151173,6.098960845996483,0.0004,0.0,5127.0,1.8587153240101628e-05,0.0016087369191968,0.5411245026908096,discharge,0.6468336986209321,-2.4280422377291405e-06,3.518614777761336,1
3.70059954593355,0.0002202003850638,6.1005695829156785,0.0004,0.0,5128.0,1.8587153240545717e-05,0.0016087369191959,0.5411245332741965,discharge,0.6468337257247467,-2.4168123225553672e-06,3.518609805131693,1
3.7006181330867904,-2.8622744989528683e-05,6.102178319834875,0.0004,0.0,5129.0,1.8587153240545717e-05,0.0016087369191968,0.5411245292988153,discharge,0.6468337222016577,-2.2825213830977386e-06,3.518604692420202,1
3.7006367202400305,-0.0002774458750429,6.103787056754072,0.0004,0.0,5130.0,1.8587153240101628e-05,0.0016087369191968,0.541124490764666,discharge,0.646833688051665,-2.031283269670287e-06,3.5185994457407204,1
3.700655307393271,-0.0005262690050963,6.105395793673269,0.0004,0.0,5131.0,1.8587153240545717e-05,0.0016087369191968,0.5411244176717486,discharge,0.6468336232747686,-1.6689080876289705e-06,3.518594070903372,1
3.700673894546512,-0.0007750921351498,6.107004530592466,0.0004,0.0,5132.0,1.8587153240545717e-05,0.0016087369191968,0.5411243100200631,discharge,0.6468335278709685,-1.2009172878620453e-06,3.518588573429603,1
3.700692481699752,-0.0010239152652032,6.108613267511662,0.0004,0.0,5133.0,1.8587153240545717e-05,0.0016087369191959,0.5411241678096097,discharge,0.6468334018402647,-6.325580075631475e-07,3.5185829585665873,1
3.700711068852992,-0.0012727383952566,6.110222004430859,0.0004,0.0,5134.0,1.8587153240101628e-05,0.0016087369191968,0.5411239910403881,discharge,0.6468332451826573,3.1183301466329756e-08,3.518577231300805,1
3.700729656006233,-0.0015215615253101,6.111830741350055,0.0004,0.0,5135.0,1.8587153240545717e-05,0.0016087369191968,0.5411237797123984,discharge,0.6468330578981462,7.855679215885559e-07,3.518571396371006,1
3.700746959723815,-0.0014654226335414,6.113507557757901,0.0004,0.0,5136.0,1.730371758235094e-05,0.0016768164078451,0.5411235761814772,discharge,0.6468328775236053,1.4745830024584274e-06,3.518571729891462,1
3.7007642634413975,-0.0014092837417728,6.115184374165746,0.0004,0.0,5137.0,1.730371758235094e-05,0.0016768164078451,0.5411233804476241,discharge,0.6468327040590347,2.1014761976723566e-06,3.5185721293740646,1
3.70078156715898,-0.0013531448500042,6.11686119057359,0.0004,0.0,5138.0,1.730371758279503e-05,0.0016768164078442,0.5411231925108395,discharge,0.6468325375044344,2.6693338126819473e-06,3.518572591732501,1
3.7007988708765622,-0.0012970059582356,6.118538006981435,0.0004,0.0,5139.0,1.730371758235094e-05,0.0016768164078451,0.541123012371123,discharge,0.6468323778598043,3.181088820804081e-06,3.518573114033797,1
3.700816174594145,-0.001240867066467,6.12021482338928,0.0004,0.0,5140.0,1.730371758235094e-05,0.0016768164078451,0.5411228400284749,discharge,0.6468322251251445,3.639528480983937e-06,3.518573693490667,1
3.7008334783117274,-0.0011847281746984,6.121891639797125,0.0004,0.0,5141.0,1.730371758235094e-05,0.0016768164078451,0.541122675482895,discharge,0.6468320793004549,4.047301577096488e-06,3.518574327454342,1
3.70085078202931,-0.0011285892829298,6.1235684562049695,0.0004,0.0,5142.0,1.730371758279503e-05,0.0016768164078442,0.5411225187343836,discharge,0.6468319403857357,4.406925297588992e-06,3.518575013407602,1
3.700868085746893,-0.0010724503911612,6.125245272612815,0.0004,0.0,5143.0,1.730371758235094e-05,0.0016768164078451,0.5411223697829404,discharge,0.6468318083809866,4.720791773332852e-06,3.5185757489583294,1
3.700885389464475,-0.0010163114993926,6.12692208902066,0.0004,0.0,5144.0,1.730371758235094e-05,0.0016768164078451,0.5411222286285654,discharge,0.6468316832862079,4.9911742906655175e-06,3.518576531833214,1
3.7009026931820577,-0.000960172607624,6.128598905428505,0.0004,0.0,5145.0,1.730371758235094e-05,0.0016768164078451,0.5411220952712588,discharge,0.6468315651013994,5.22023319575943e-06,3.518577359871907,1
3.70091999689964,-0.0009040337158554,6.13027572183635,0.0004,0.0,5146.0,1.730371758235094e-05,0.0016768164078451,0.5411219697110204,discharge,0.6468314538265612,5.410021505653364e-06,3.5185782310213987,1
3.7009373006172224,-0.0008478948240868,6.131952538244194,0.0004,0.0,5147.0,1.730371758279503e-05,0.0016768164078442,0.5411218519478505,discharge,0.6468313494616932,5.562490240519577e-06,3.518579143330643,1
3.7009546043348047,-0.0007917559323182,6.133629354652039,0.0004,0.0,5148.0,1.730371758235094e-05,0.0016768164078451,0.5411217419817487,discharge,0.6468312520067955,5.67949349101619e-06,3.518580094945557,1
3.700971908052387,-0.0007356170405496,6.135306171059884,0.0004,0.0,5149.0,1.730371758235094e-05,0.0016768164078451,0.5411216398127153,discharge,0.646831161461868,5.762793233886149e-06,3.518581084104152,1
3.700983386761457,-0.0008781391272909,6.136970616791704,0.0004,0.0,5150.0,1.147870906947901e-05,0.0016644457318193,0.5411215178489477,discharge,0.6468310533743182,5.91276156607159e-06,3.5185780236254676,1
3.700994865470526,-0.0010206612140322,6.138635062523523,0.0004,0.0,5151.0,1.147870906947901e-05,0.0016644457318193,0.5411213760904456,discharge,0.646830927744146,6.1260862952833914e-06,3.5185748900412808,1
3.701006344179595,-0.0011631833007735,6.140299508255342,0.0004,0.0,5152.0,1.147870906903492e-05,0.0016644457318193,0.5411212145372095,discharge,0.6468307845713512,6.399619783753131e-06,3.518571686499247,1
3.701017822888665,-0.0013057053875148,6.141963953987161,0.0004,0.0,5153.0,1.147870906947901e-05,0.0016644457318184,0.5411210331892389,discharge,0.6468306238559342,6.73037077292563e-06,3.5185684159906456,1
3.701029301597734,-0.0014482274742561,6.14362839971898,0.0004,0.0,5154.0,1.147870906947901e-05,0.0016644457318193,0.5411208320465342,discharge,0.6468304455978946,7.1154966143126565e-06,3.518565081358141,1
3.701040780306803,-0.0015907495609974,6.1452928454508,0.0004,0.0,5155.0,1.147870906947901e-05,0.0016644457318193,0.5411206111090952,discharge,0.6468302497972326,7.552295886329082e-06,3.5185616853031934,1
3.701052259015873,-0.0017332716477387,6.146957291182619,0.0004,0.0,5156.0,1.147870906903492e-05,0.0016644457318193,0.5411203703769218,discharge,0.6468300364539481,8.03820137793534e-06,3.518558230393024,1
3.701063737724942,-0.00187579373448,6.148621736914438,0.0004,0.0,5157.0,1.147870906947901e-05,0.0016644457318193,0.5411201098500142,discharge,0.6468298055680413,8.570773420862713e-06,3.5185547190673394,1
3.701075216434011,-0.0020183158212213,6.150286182646258,0.0004,0.0,5158.0,1.147870906947901e-05,0.0016644457318193,0.5411198295283725,discharge,0.646829557139512,9.147693553103341e-06,3.5185511536446374,1
3.701086695143081,-0.0021608379079626,6.151950628378076,0.0004,0.0,5159.0,1.147870906947901e-05,0.0016644457318184,0.5411195294119964,discharge,0.6468292911683602,9.76675849720725e-06,3.5185475363282275,1
3.70109817385215,-0.0023033599947039,6.153615074109895,0.0004,0.0,5160.0,1.147870906903492e-05,0.0016644457318193,0.541119209500886,discharge,0.6468290076545861,1.0425874437746317e-05,3.5185438692119497,1
3.701109652561219,-0.0024458820814452,6.155279519841715,0.0004,0.0,5161.0,1.147870906947901e-05,0.0016644457318193,0.5411188697950413,discharge,0.6468287065981895,1.1123051583082137e-05,3.518540154285653,1
3.701121131270289,-0.0025884041681866,6.156943965573534,0.0004,0.0,5162.0,1.147870906947901e-05,0.0016644457318193,0.5411185102944625,discharge,0.6468283879991704,1.1856398997313213e-05,3.5185363934403053,1
3.701137453654853,-0.0025591363576018,6.156511672691874,0.0004,0.0,5163.0,1.632238456350521e-05,-0.0004322928816602,0.5411181548588573,discharge,0.6468280730026397,1.253877197439274e-05,3.5185361213696216,1
3.701153776039415,-0.002529868547017,6.156079379810213,0.0004,0.0,5164.0,1.632238456306112e-05,-0.0004322928816611,0.5411178034882258,discharge,0.6468277616085972,1.317270299834969e-05,3.51853589974318,1
3.701170098423979,-0.0025006007364322,6.155647086928552,0.0004,0.0,5165.0,1.632238456350521e-05,-0.0004322928816602,0.5411174561825679,discharge,0.6468274538170431,1.376059873573048e-05,3.5185357261542847,1
3.7011864208085425,-0.0024713329258474,6.155214794046891,0.0004,0.0,5166.0,1.632238456350521e-05,-0.0004322928816611,0.5411171129418838,discharge,0.6468271496279773,1.4304746286394136e-05,3.5185355983158386,1
3.7012027431931056,-0.0024420651152626,6.154782501165231,0.0004,0.0,5167.0,1.632238456306112e-05,-0.0004322928816602,0.5411167737661733,discharge,0.6468268490413998,1.480731912375888e-05,3.5185355140543577,1
3.701219065577669,-0.0024127973046778,6.15435020828357,0.0004,0.0,5168.0,1.632238456350521e-05,-0.0004322928816611,0.5411164386554366,discharge,0.6468265520573105,1.5270382739928636e-05,3.518535471304343,1
3.7012353879622326,-0.002383529494093,6.15391791540191,0.0004,0.0,5169.0,1.632238456350521e-05,-0.0004322928816602,0.5411161076096735,discharge,0.6468262586757096,1.5695900010361466e-05,3.5185354681029044,1
3.701251710346796,-0.0023542616835082,6.153485622520249,0.0004,0.0,5170.0,1.632238456306112e-05,-0.0004322928816602,0.5411157806288841,discharge,0.646825968896597,1.6085736292013493e-05,3.5185355025846796,1
3.701268032731359,-0.0023249938729234,6.153053329638588,0.0004,0.0,5171.0,1.632238456350521e-05,-0.0004322928816611,0.5411154577130683,discharge,0.6468256827199728,1.6441664268199624e-05,3.518535572976979,1
3.7012843551159222,-0.0022957260623386,6.152621036756928,0.0004,0.0,5172.0,1.632238456306112e-05,-0.0004322928816602,0.5411151388622264,discharge,0.6468254001458368,1.676536855275456e-05,3.518535677595183,1
3.7013006775004857,-0.0022664582517538,6.152188743875267,0.0004,0.0,5173.0,1.632238456350521e-05,-0.0004322928816611,0.5411148240763581,discharge,0.6468251211741891,1.7058450065452427e-05,3.5185358148383563,1
3.7013169998850497,-0.002237190441169,6.151756450993607,0.0004,0.0,5174.0,1.632238456350521e-05,-0.0004322928816602,0.5411145133554636,discharge,0.6468248458050297,1.7322430190049166e-05,3.5185359831851106,1
3.701333322269612,-0.0022079226305842,6.1513241581119456,0.0004,0.0,5175.0,1.632238456306112e-05,-0.0004322928816611,0.5411142066995427,discharge,0.6468245740383587,1.7558754725747383e-05,3.518536181189642,1
3.701349644654176,-0.0021786548199995,6.150891865230285,0.0004,0.0,5176.0,1.632238456350521e-05,-0.0004322928816602,0.5411139041085955,discharge,0.6468243058741759,1.776879764234672e-05,3.51853640747797,1
3.7013501466134615,-0.0020250768547361,6.151992611603479,0.0004,0.0,5177.0,5.019592856925215e-07,0.0011007463731935,0.5411136228479212,discharge,0.646824056613451,1.7892105559580466e-05,3.5185392172096415,1
3.701350648572747,-0.0018714988894727,6.1530933579766725,0.0004,0.0,5178.0,5.019592852484323e-07,0.0011007463731935,0.5411133629175198,discharge,0.646823826256184,1.7932987598116165e-05,3.5185421198724116,1
3.701351150532033,-0.0017179209242093,6.154194104349867,0.0004,0.0,5179.0,5.019592856925215e-07,0.0011007463731944,0.5411131243173914,discharge,0.6468236148023747,1.7895538795251752e-05,3.5185451113712007,1
3.7013516524913177,-0.0015643429589459,6.1552948507230605,0.0004,0.0,5180.0,5.019592852484323e-07,0.0011007463731935,0.541112907047536,discharge,0.6468234222520233,1.7783650740888098e-05,3.5185481878143996,1
3.7013521544506034,-0.0014107649936825,6.156395597096254,0.0004,0.0,5181.0,5.019592856925215e-07,0.0011007463731935,0.5411127111079537,discharge,0.6468232486051297,1.7601021685091012e-05,3.518551345503715,1
3.7013526564098886,-0.0012571870284191,6.157496343469448,0.0004,0.0,5182.0,5.019592852484323e-07,0.0011007463731935,0.5411125364986441,discharge,0.646823093861694,1.735116614349489e-05,3.518554580924614,1
3.7013531583691743,-0.0011036090631557,6.158597089842642,0.0004,0.0,5183.0,5.019592856925215e-07,0.0011007463731944,0.5411123832196075,discharge,0.6468229580217162,1.7037424025495962e-05,3.51855789073716,1
3.70135366032846,-0.0009500310978923,6.159697836215836,0.0004,0.0,5184.0,5.019592856925215e-07,0.0011007463731935,0.541112251270844,discharge,0.6468228410851962,1.666296930894365e-05,3.5185612717673544,1
3.7013541622877457,-0.0007964531326289,6.160798582589029,0.0004,0.0,5185.0,5.019592852484323e-07,0.0011007463731935,0.5411121406523532,discharge,0.6468227430521339,1.6230818283860673e-05,3.5185647209988944,1
3.701354664247031,-0.0006428751673655,6.161899328962223,0.0004,0.0,5186.0,5.019592856925215e-07,0.0011007463731935,0.5411120513641356,discharge,0.6468226639225296,1.574383738660316e-05,3.518568235565328,1
3.701355166206316,-0.0004892972021021,6.163000075335416,0.0004,0.0,5187.0,5.019592852484323e-07,0.0011007463731935,0.5411119834061908,discharge,0.6468226036963831,1.5204750644808324e-05,3.5185718127426187,1
3.701355668165602,-0.0003357192368387,6.164100821708611,0.0004,0.0,5188.0,5.019592856925215e-07,0.0011007463731944,0.5411119367785191,discharge,0.6468225623736945,1.4616146752466348e-05,3.518575449942054,1
3.701356170124887,-0.0001821412715753,6.165201568081804,0.0004,0.0,5189.0,5.019592852484323e-07,0.0011007463731935,0.5411119114811203,discharge,0.6468225399544637,1.398048579349239e-05,3.51857914470355,1
3.701356672084173,-2.856330631197302e-05,6.166302314454998,0.0004,0.0,5190.0,5.019592856925215e-07,0.0011007463731935,0.5411119075139944,discharge,0.6468225364386907,1.3300105631261836e-05,3.518582894689239,1
3.7013810544752777,-0.0002380128313167,6.16802308030812,0.0004,0.0,5191.0,2.4382391104804668e-05,0.0017207658531219,0.5411118744566568,discharge,0.6468225071423948,1.2757585307347614e-05,3.5185792319385945,1
3.701405436866382,-0.0004474623563215,6.169743846161242,0.0004,0.0,5192.0,2.438239110436058e-05,0.0017207658531219,0.5411118123091072,discharge,0.6468224520655758,1.2346075744873547e-05,3.518575423850489,1
3.701429819257487,-0.0006569118813263,6.171464612014364,0.0004,0.0,5193.0,2.4382391104804668e-05,0.0017207658531219,0.5411117210713459,discharge,0.6468223712082338,1.2059068139044321e-05,3.5185714769337513,1
3.701454201648592,-0.0008663614063311,6.173185377867486,0.0004,0.0,5194.0,2.4382391104804668e-05,0.0017207658531219,0.5411116007433728,discharge,0.6468222645703688,1.189037705193462e-05,3.518567397373831,1
3.701478584039696,-0.0010758109313359,6.174906143720608,0.0004,0.0,5195.0,2.4382391104804668e-05,0.0017207658531219,0.5411114513251879,discharge,0.6468221321519809,1.1834124347153651e-05,3.5185631910488926,1
3.701502966430801,-0.0012852604563406,6.17662690957373,0.0004,0.0,5196.0,2.438239110436058e-05,0.0017207658531219,0.5411112728167912,discharge,0.64682197395307,1.18847239226588e-05,3.518558863545054,1
3.7015273488219056,-0.0014947099813454,6.178347675426851,0.0004,0.0,5197.0,2.4382391104804668e-05,0.001720765853121,0.5411110652181826,discharge,0.6468217899736359,1.2036867202065462e-05,3.5185544201709353,1
3.7015517312130104,-0.0017041595063502,6.180068441279973,0.0004,0.0,5198.0,2.4382391104804668e-05,0.0017207658531219,0.5411108285293623,discharge,0.646821580213679,1.2285509346769367e-05,3.518549865971408,1
3.701576113604115,-0.001913609031355,6.181789207133095,0.0004,0.0,5199.0,2.438239110436058e-05,0.0017207658531219,0.5411105627503301,discharge,0.646821344673199,1.262585615307087e-05,3.518545205740721,1
3.701600495995219,-0.0021230585563598,6.183509972986217,0.0004,0.0,5200.0,2.4382391104804668e-05,0.0017207658531219,0.5411102678810862,discharge,0.646821083352196,1.3053351600269094e-05,3.5185404440349304,1
3.701624878386325,-0.0023325080813646,6.185230738839339,0.0004,0.0,5201.0,2.4382391104804668e-05,0.0017207658531219,0.5411099439216305,discharge,0.64682079625067,1.356366601738481e-05,3.518535585183773,1
3.701649260777429,-0.0025419576063694,6.186951504692461,0.0004,0.0,5202.0,2.4382391104804668e-05,0.0017207658531219,0.541109590871963,discharge,0.646820483368621,1.4152684837777719e-05,3.5185306333018667,1
3.7016736431685335,-0.0027514071313742,6.188672270545583,0.0004,0.0,5203.0,2.438239110436058e-05,0.0017207658531219,0.5411092087320837,discharge,0.646820144706049,1.4816497912450653e-05,3.518525592299432,1
3.7016980255596383,-0.002960856656379,6.190393036398705,0.0004,0.0,5204.0,2.4382391104804668e-05,0.0017207658531219,0.5411087975019924,discharge,0.646819780262954,1.5551389354284356e-05,3.5185204658924207,1
3.7017055597974022,-0.0029579623012755,6.1911063985109696,0.0004,0.0,5205.0,7.53423776433948e-06,0.0007133621122648,0.541108386673895,discharge,0.6468194161761166,1.6248332364937575e-05,3.518519624509764,1
3.701713094035167,-0.002955067946172,6.191819760623234,0.0004,0.0,5206.0,7.53423776433948e-06,0.0007133621122648,0.5411079762477914,discharge,0.6468190524455368,1.6909212277554913e-05,3.518518819388536,1
3.7017206282729314,-0.0029521735910686,6.1925331227355,0.0004,0.0,5207.0,7.53423776433948e-06,0.0007133621122656,0.5411075662236815,discharge,0.6468186890712146,1.753582075919376e-05,3.518518048737058,1
3.701728162510696,-0.0029492792359651,6.193246484847765,0.0004,0.0,5208.0,7.53423776433948e-06,0.0007133621122648,0.5411071566015655,discharge,0.6468183260531501,1.8129860464291333e-05,3.518517310852678,1
3.70173569674846,-0.0029463848808617,6.19395984696003,0.0004,0.0,5209.0,7.53423776433948e-06,0.0007133621122648,0.541106747381443,discharge,0.6468179633913432,1.869294945694103e-05,3.518516604117328,1
3.701743230986224,-0.0029434905257582,6.1946732090722945,0.0004,0.0,5210.0,7.53423776433948e-06,0.0007133621122648,0.5411063385633145,discharge,0.6468176010857939,1.922662541346332e-05,3.518515926993341,1
3.701750765223988,-0.0029405961706548,6.19538657118456,0.0004,0.0,5211.0,7.5342377638953906e-06,0.0007133621122656,0.5411059301471797,discharge,0.6468172391365022,1.9732349616187173e-05,3.5185152780194175,1
3.7017582994617526,-0.0029377018155513,6.196099933296825,0.0004,0.0,5212.0,7.53423776433948e-06,0.0007133621122648,0.5411055221330386,discharge,0.6468168775434682,2.0211510748814254e-05,3.518514655806891,1
3.701765833699517,-0.0029348074604479,6.19681329540909,0.0004,0.0,5213.0,7.53423776433948e-06,0.0007133621122648,0.5411051145208914,discharge,0.6468165163066917,2.0665428503224297e-05,3.5185140590360526,1
3.7017733679372817,-0.0029319131053444,6.197526657521355,0.0004,0.0,5214.0,7.53423776433948e-06,0.0007133621122648,0.5411047073107378,discharge,0.6468161554261729,2.109535700708877e-05,3.5185134864527887,1
3.7017809021750456,-0.002929018750241,6.19824001963362,0.0004,0.0,5215.0,7.53423776433948e-06,0.0007133621122656,0.5411043005025781,discharge,0.6468157949019117,2.150248808119612e-05,3.518512936865262,1
3.70178843641281,-0.0029261243951375,6.198953381745885,0.0004,0.0,5216.0,7.53423776433948e-06,0.0007133621122648,0.5411038940964121,discharge,0.646815434733908,2.188795433494794e-05,3.518512409140875,1
3.7017959706505743,-0.0029232300400341,6.19966674385815,0.0004,0.0,5217.0,7.53423776433948e-06,0.0007133621122648,0.5411034880922398,discharge,0.6468150749221621,2.2252832108066824e-05,3.518511902203274,1
3.7018182736628544,-0.0026250548741135,6.199841481643361,0.0004,0.0,5218.0,2.2303012280122655e-05,0.000174737785211,0.5411031235012851,discharge,0.6468147518119159,2.2451444473231314e-05,3.518517487542573,1
3.701840576675135,-0.002326879708193,6.200016219428571,0.0004,0.0,5219.0,2.2303012280566747e-05,0.0001747377852101,0.5411028003235479,discharge,0.6468144654031698,2.2492051737249028e-05,3.518523251282135,1
3.701862879687415,-0.0020287045422724,6.200190957213781,0.0004,0.0,5220.0,2.2303012280122655e-05,0.0001747377852101,0.5411025185590281,discharge,0.6468142156959236,2.2382503822895144e-05,3.5185291855719765,1
3.7018851826996952,-0.0017305293763519,6.200365694998992,0.0004,0.0,5221.0,2.2303012280122655e-05,0.000174737785211,0.5411022782077259,discharge,0.6468140026901772,2.2130260657387005e-05,3.518535282952082,1
3.701907485711976,-0.0014323542104314,6.200540432784203,0.0004,0.0,5222.0,2.2303012280566747e-05,0.000174737785211,0.541102079269641,discharge,0.6468138263859308,2.1742411547929402e-05,3.5185415363330828,1
3.701929788724256,-0.0011341790445108,6.2007151705694135,0.0004,0.0,5223.0,2.2303012280122655e-05,0.0001747377852101,0.5411019217447738,discharge,0.6468136867831843,2.1225693594654734e-05,3.518547938977839,1
3.701952091736536,-0.0008360038785903,6.200889908354624,0.0004,0.0,5224.0,2.2303012280122655e-05,0.0001747377852101,0.5411018056331239,discharge,0.6468135838819377,2.0586509188781785e-05,3.5185544844839094,1
3.7019743947488166,-0.0005378287126698,6.201064646139835,0.0004,0.0,5225.0,2.2303012280566747e-05,0.000174737785211,0.5411017309346916,discharge,0.646813517682191,1.983094264144022e-05,3.5185611667669563,1
3.7019966977610967,-0.0002396535467492,6.201239383925046,0.0004,0.0,5226.0,2.2303012280122655e-05,0.000174737785211,0.5411016976494767,discharge,0.6468134881839442,1.8964775986351144e-05,3.5185679800449265,1
3.7020190007733778,5.852161917125752e-05,6.201414121710256,0.0004,0.0,5227.0,2.2303012280566747e-05,0.0001747377852101,0.5411017057774794,discharge,0.6468134953871973,1.7993503997407667e-05,3.518574918823041,1
3.7020413037856574,0.0003566967850917,6.201588859495466,0.0004,0.0,5228.0,2.2303012280122655e-05,0.0001747377852101,0.5411017553186996,discharge,0.6468135392919504,1.692234846015997e-05,3.518581977879511,1
3.7020636067979376,0.0006548719510123,6.201763597280677,0.0004,0.0,5229.0,2.2303012280122655e-05,0.000174737785211,0.5411018462731373,discharge,0.6468136198982034,1.5756271734272392e-05,3.5185891522519928,1
3.702085909810218,0.0009530471169328,6.201938335065888,0.0004,0.0,5230.0,2.2303012280566747e-05,0.000174737785211,0.5411019786407925,discharge,0.6468137372059563,1.4499989642178236e-05,3.5185964372246836,1
3.7021082128224982,0.0012512222828534,6.202113072851098,0.0004,0.0,5231.0,2.2303012280122655e-05,0.0001747377852101,0.541102152421665,discharge,0.646813891215209,1.3157983717407018e-05,3.5186038283160874,1
3.702111886199304,0.0011225764010777,6.2039461959228985,0.0003857142857142,0.0,5232.0,3.673376805402029e-06,0.0018331230718002,0.5411023083350541,discharge,0.6468140293898205,1.1946563736358468e-05,3.518602543601419,1
3.7021155595761086,0.000993930519302,6.2057793189947,0.0003714285714285,0.0,5233.0,3.673376804957939e-06,0.0018331230718011,0.5411024463809595,discharge,0.6468141517297905,1.0859241999798109e-05,3.5186011259893126,1
3.702119232952914,0.0008652846375264,6.2076124420665,0.0003571428571428,0.0,5234.0,3.673376805402029e-06,0.0018331230718002,0.5411025665593814,discharge,0.6468142582351192,9.889853126806524e-06,3.518599581645128,1
3.7021229063297194,0.0007366387557507,6.2094455651383,0.0003428571428571,0.0,5235.0,3.673376805402029e-06,0.0018331230718002,0.5411026688703198,discharge,0.6468143489058065,9.032538041537751e-06,3.5185979164279355,1
3.702126579706525,0.000607992873975,6.211278688210101,0.0003285714285714,0.0,5236.0,3.673376805402029e-06,0.0018331230718011,0.5411027533137744,discharge,0.6468144237418524,8.28172875553847e-06,3.518596135905711,1
3.7021302530833298,0.0004793469921994,6.213111811281902,0.0003142857142857,0.0,5237.0,3.673376804957939e-06,0.0018331230718002,0.5411028198897456,discharge,0.6468144827432569,7.63213390610381e-06,3.518594245369805,1
3.702133926460135,0.0003507011104237,6.214944934353703,0.0003,0.0,5238.0,3.673376805402029e-06,0.0018331230718011,0.5411028685982331,discharge,0.6468145259100201,7.078725013108791e-06,3.518592249848691,1
3.702137599836941,0.000222055228648,6.216778057425503,0.0002857142857142,0.0,5239.0,3.673376805402029e-06,0.0018331230718002,0.5411028994392372,discharge,0.6468145532421419,6.616723418620015e-06,3.5185901541210196,1
3.7021412732137455,9.340934687242128e-05,6.218611180497303,0.0002714285714285,0.0,5240.0,3.673376804957939e-06,0.0018331230718002,0.5411029124127575,discharge,0.6468145647396223,6.241587875366555e-06,3.518587962728045,1
3.702144946590551,-3.523653490324302e-05,6.220444303569105,0.0002571428571428,0.0,5241.0,3.673376805402029e-06,0.0018331230718011,0.5411029075187943,discharge,0.6468145604024613,5.949002751833794e-06,3.518585679985392,1
3.702148619967356,-0.0001638824166789,6.222277426640905,0.0002428571428571,0.0,5242.0,3.673376805402029e-06,0.0018331230718002,0.5411028847573476,discharge,0.646814540230659,5.7348668233450155e-06,3.518583309994275,1
3.7021522933441617,-0.0002925282984545,6.224110549712705,0.0002285714285714,0.0,5243.0,3.673376805402029e-06,0.0018331230718002,0.5411028441284174,discharge,0.6468145042242153,5.595282620018495e-06,3.5185808566521772,1
3.7021559667209663,-0.0004211741802302,6.225943672784506,0.0002142857142857,0.0,5244.0,3.673376804957939e-06,0.0018331230718011,0.5411027856320034,discharge,0.6468144523831302,5.526546303933631e-06,3.518578323662938,1
3.702159640097772,-0.0005498200620059,6.227776795856307,0.0002,0.0,5245.0,3.673376805402029e-06,0.0018331230718002,0.5411027092681058,discharge,0.6468143847074037,5.52513804921393e-06,3.518575714546388,1
3.702176382818207,-0.0006636813414283,6.228464143614018,0.0002142857142857,0.0,5246.0,1.6742720434947955e-05,0.0006873477577116,0.5411026170901418,discharge,0.646814303016829,5.580367694988502e-06,3.5185733366960075,1
3.7021931255386415,-0.0007775426208508,6.229151491371729,0.0002285714285714,0.0,5247.0,1.6742720434503866e-05,0.0006873477577107,0.5411025090981112,discharge,0.6468142073114058,5.6894213881488315e-06,3.5185708972335945,1
3.702209868259077,-0.0008914039002732,6.229838839129441,0.0002428571428571,0.0,5248.0,1.6742720434947955e-05,0.0006873477577116,0.5411023852920138,discharge,0.6468140975911343,5.849625071893147e-06,3.5185683988332226,1
3.702226610979511,-0.0010052651796957,6.230526186887151,0.0002571428571428,0.0,5249.0,1.6742720434947955e-05,0.0006873477577107,0.54110224567185,discharge,0.6468139738560144,6.0584375404431826e-06,3.5185658440361145,1
3.702243353699946,-0.0011191264591181,6.231213534644863,0.0002714285714285,0.0,5250.0,1.6742720434503866e-05,0.0006873477577116,0.5411020902376196,discharge,0.646813836106046,6.313443838812288e-06,3.518563235257236,1
3.702260096420381,-0.0012329877385406,6.231900882402574,0.0002857142857142,0.0,5251.0,1.6742720434947955e-05,0.0006873477577107,0.5411019189893225,discharge,0.6468136843412294,6.61234899048305e-06,3.5185605747915787,1
3.702276839140816,-0.001346849017963,6.232588230160285,0.0003,0.0,5252.0,1.6742720434947955e-05,0.0006873477577116,0.5411017319269589,discharge,0.6468135185615644,6.95297203670258e-06,3.5185578648201203,1
3.7022935818612503,-0.0014607102973855,6.233275577917997,0.0003142857142857,0.0,5253.0,1.6742720434503866e-05,0.0006873477577116,0.5411015290505288,discharge,0.646813338767051,7.333240371914678e-06,3.5185551074154744,1
3.7023103245816857,-0.0015745715768079,6.233962925675708,0.0003285714285714,0.0,5254.0,1.6742720434947955e-05,0.0006873477577107,0.541101310360032,discharge,0.6468131449576893,7.75118436061554e-06,3.518552304547313,1
3.70232706730212,-0.0016884328562303,6.234650273433419,0.0003428571428571,0.0,5255.0,1.6742720434503866e-05,0.0006873477577116,0.5411010758554686,discharge,0.6468129371334792,8.204932221652236e-06,3.518549458087423,1
3.7023438100225543,-0.0018022941356528,6.23533762119113,0.0003571428571428,0.0,5256.0,1.6742720434947955e-05,0.0006873477577107,0.5411008255368386,discharge,0.6468127152944207,8.692705166676529e-06,3.5185465698146263,1
3.7023605527429897,-0.0019161554150753,6.236024968948842,0.0003714285714285,0.0,5257.0,1.6742720434947955e-05,0.0006873477577116,0.541100559404142,discharge,0.6468124794405139,9.212812780127243e-06,3.5185436414193587,1
3.702377295463424,-0.0020300166944977,6.236712316706552,0.0003857142857142,0.0,5258.0,1.6742720434503866e-05,0.0006873477577107,0.541100277457379,discharge,0.6468122295717587,9.763648628741939e-06,3.5185406745080785,1
3.702394038183859,-0.0021438779739202,6.237399664464264,0.0004,0.0,5259.0,1.6742720434947955e-05,0.0006873477577116,0.5410999796965492,discharge,0.6468119656881551,1.0343686089194545e-05,3.5185376706074383,1
3.702409827087711,-0.0020130775021799,6.2387988780474695,0.0004,0.0,5260.0,1.5788903852342884e-05,0.0013992135832054,0.5410997001024517,discharge,0.6468117179043951,1.082992287368818e-05,3.5185396626891943,1
3.7024256159915634,-0.0018822770304397,6.240198091630675,0.0004,0.0,5261.0,1.5788903851898795e-05,0.0013992135832054,0.5410994386750864,discharge,0.6468114862204785,1.1227019135959687e-05,3.5185417528581384,1
3.7024414048954153,-0.0017514765586995,6.2415973052138805,0.0004,0.0,5262.0,1.5788903851898795e-05,0.0013992135832054,0.5410991954144533,discharge,0.6468112706364053,1.153940350654383e-05,3.5185439366856013,1
3.702457193799267,-0.0016206760869592,6.242996518797085,0.0004,0.0,5263.0,1.5788903852342884e-05,0.0013992135832046,0.5410989703205522,discharge,0.6468110711521757,1.1771284595182034e-05,3.5185462099629583,1
3.70247298270312,-0.001489875615219,6.2443957323802906,0.0004,0.0,5264.0,1.5788903852342884e-05,0.0013992135832054,0.5410987633933835,discharge,0.6468108877677896,1.1926661921774915e-05,3.5185485686906657,1
3.702488771606972,-0.0013590751434788,6.245794945963496,0.0004,0.0,5265.0,1.5788903851898795e-05,0.0013992135832054,0.5410985746329469,discharge,0.646810720483247,1.2009336304268928e-05,3.5185510090678678,1
3.702504560510824,-0.0012282746717386,6.2471941595467015,0.0004,0.0,5266.0,1.5788903851898795e-05,0.0013992135832054,0.5410984040392424,discharge,0.6468105692985477,1.2022919730457919e-05,3.5185535274825614,1
3.702520349414676,-0.0010974741999983,6.248593373129907,0.0004,0.0,5267.0,1.5788903852342884e-05,0.0013992135832054,0.5410982516122702,discharge,0.6468104342136921,1.1970844739339152e-05,3.518556120502193,1
3.702536138318529,-0.0009666737282581,6.2499925867131125,0.0004,0.0,5268.0,1.5788903852342884e-05,0.0013992135832054,0.5410981173520302,discharge,0.6468103152286799,1.1856373336390148e-05,3.518558784864738,1
3.702551927222381,-0.0008358732565179,6.251391800296318,0.0004,0.0,5269.0,1.5788903851898795e-05,0.0013992135832054,0.5410980012585223,discharge,0.6468102123435112,1.1682605465921338e-05,3.51856151747024,1
3.702567716126232,-0.0007050727847776,6.252791013879523,0.0004,0.0,5270.0,1.5788903851898795e-05,0.0013992135832046,0.5410979033317467,discharge,0.646810125558186,1.1452487062510071e-05,3.518564315372742,1
3.7025835050300846,-0.0005742723130374,6.254190227462728,0.0004,0.0,5271.0,1.5788903852342884e-05,0.0013992135832054,0.5410978235717032,discharge,0.6468100548727042,1.1168817702427862e-05,3.518567175772664,1
3.702599293933937,-0.0004434718412972,6.255589441045934,0.0004,0.0,5272.0,1.5788903852342884e-05,0.0013992135832054,0.5410977619783919,discharge,0.6468100002870659,1.083425787493332e-05,3.5185700960095105,1
3.702615082837789,-0.000312671369557,6.256988654629139,0.0004,0.0,5273.0,1.5788903851898795e-05,0.0013992135832054,0.5410977185518129,discharge,0.6468099618012711,1.0451335892316886e-05,3.5185730735549505,1
3.702632890447274,-0.000515738281517,6.258735260371385,0.0003846153846153,0.0,5274.0,1.7807609485220866e-05,0.0017466057422454,0.5410976469214959,discharge,0.6468098983205703,1.0188324619075388e-05,3.5185692399527264,1
3.702650698056759,-0.0007188051934771,6.260481866113631,0.0003692307692307,0.0,5275.0,1.7807609484776776e-05,0.0017466057422463,0.5410975470874413,discharge,0.6468098098449635,1.0039266717112294e-05,3.5185652785078676,1
3.702668505666244,-0.0009218721054371,6.2622284718558765,0.0003538461538461,0.0,5276.0,1.7807609485220866e-05,0.0017466057422454,0.5410974190496488,discharge,0.6468096963744506,9.998500817534906e-06,3.518561194881749,1
3.702686313275729,-0.0011249390173972,6.263975077598122,0.0003384615384615,0.0,5277.0,1.7807609484776776e-05,0.0017466057422454,0.5410972628081185,discharge,0.6468095579090317,1.0060646816474901e-05,3.518556994454503,1
3.702704120885214,-0.0013280059293572,6.265721683340368,0.0003230769230769,0.0,5278.0,1.7807609485220866e-05,0.0017466057422463,0.5410970783628506,discharge,0.6468093944487068,1.0220591901433459e-05,3.5185526823389677,1
3.702721928494699,-0.0015310728413173,6.267468289082614,0.0003076923076923,0.0,5279.0,1.7807609484776776e-05,0.0017466057422454,0.5410968657138449,discharge,0.6468092059934758,1.0473477271858234e-05,3.518548263393984,1
3.702739736104184,-0.0017341397532773,6.269214894824859,0.0002923076923076,0.0,5280.0,1.7807609485220866e-05,0.0017466057422454,0.5410966248611013,discharge,0.6468089925433388,1.0814685519460948e-05,3.5185437422369787,1
3.702757543713669,-0.0019372066652374,6.270961500567105,0.000276923076923,0.0,5281.0,1.7807609484776776e-05,0.0017466057422454,0.5410963558046201,discharge,0.6468087540982957,1.1239828635499527e-05,3.518539123256018,1
3.702775351323154,-0.0021402735771974,6.272708106309351,0.0002615384615384,0.0,5282.0,1.7807609485220866e-05,0.0017466057422463,0.541096058544401,discharge,0.6468084906583467,1.1744736613875458e-05,3.5185344106211494,1
3.702793158932639,-0.0023433404891575,6.274454712051597,0.0002461538461538,0.0,5283.0,1.7807609484776776e-05,0.0017466057422454,0.5410957330804442,discharge,0.6468082022234916,1.2325446620446223e-05,3.5185296082952595,1
3.702810966542124,-0.0025464074011175,6.276201317793842,0.0002307692307692,0.0,5284.0,1.7807609485220866e-05,0.0017466057422454,0.5410953794127495,discharge,0.6468078887937305,1.29781927004216e-05,3.518524720044368,1
3.702828774151609,-0.0027494743130776,6.277947923536089,0.0002153846153846,0.0,5285.0,1.7807609484776776e-05,0.0017466057422463,0.5410949975413173,discharge,0.6468075503690635,1.3699395997111874e-05,3.518519749447374,1
3.702846581761094,-0.0029525412250377,6.279694529278334,0.0002,0.0,5286.0,1.7807609485220866e-05,0.0017466057422454,0.541094587466147,discharge,0.6468071869494904,1.4485655456622463e-05,3.518514699905419,1
3.70285228843344,-0.0028345151150392,6.280518890348112,0.0002142857142857,0.0,5287.0,5.706672345784369e-06,0.0008243610697782,0.5410941937834922,discharge,0.6468068380574022,1.5174215320259929e-05,3.5185161779964247,1
3.7028579951057856,-0.0027164890050407,6.2813432514178915,0.0002285714285714,0.0,5288.0,5.706672345784369e-06,0.0008243610697791,0.5410938164933526,discharge,0.6468065036927992,1.576992944576183e-05,3.518517757006064,1
3.7028637017781314,-0.0025984628950422,6.28216761248767,0.0002428571428571,0.0,5289.0,5.706672345784369e-06,0.0008243610697782,0.5410934555957283,discharge,0.6468061838556812,1.6277410544167767e-05,3.51851943232158,1
3.7028694084504776,-0.0024804367850438,6.282991973557448,0.0002571428571428,0.0,5290.0,5.7066723462284585e-06,0.0008243610697782,0.5410931110906193,discharge,0.6468058785460483,1.670104216033742e-05,3.518521199559392,1
3.7028751151228234,-0.0023624106750453,6.283816334627227,0.0002714285714285,0.0,5291.0,5.706672345784369e-06,0.0008243610697791,0.5410927829780254,discharge,0.6468055877639004,1.7044990058258868e-05,3.5185230545537043,1
3.702880821795169,-0.0022443845650468,6.284640695697005,0.0002857142857142,0.0,5292.0,5.706672345784369e-06,0.0008243610697782,0.541092471257947,discharge,0.6468053115092376,1.7313213040718545e-05,3.5185249933456775,1
3.702886528467515,-0.0021263584550484,6.2854650567667845,0.0003,0.0,5293.0,5.706672345784369e-06,0.0008243610697791,0.5410921759303838,discharge,0.6468050497820598,1.7509473231434157e-05,3.51852701217316,1
3.7028922351398608,-0.0020083323450499,6.286289417836563,0.0003142857142857,0.0,5294.0,5.706672345784369e-06,0.0008243610697782,0.5410918969953359,discharge,0.646804802582367,1.763734584635616e-05,3.5185291074609015,1
3.7028979418122066,-0.0018903062350514,6.287113778906341,0.0003285714285714,0.0,5295.0,5.706672345784369e-06,0.0008243610697782,0.5410916344528032,discharge,0.6468045699101594,1.7700228479517075e-05,3.5185312758112883,1
3.702903648484552,-0.0017722801250529,6.28793813997612,0.0003428571428571,0.0,5296.0,5.706672345784369e-06,0.0008243610697791,0.5410913883027859,discharge,0.6468043517654368,1.770134992754616e-05,3.5185335139954854,1
3.7029093551568986,-0.0016542540150545,6.288762501045898,0.0003571428571428,0.0,5297.0,5.7066723462284585e-06,0.0008243610697782,0.5410911585452838,discharge,0.6468041481481993,1.764377857576946e-05,3.518535818945086,1
3.702915061829244,-0.001536227905056,6.2895868621156765,0.0003714285714285,0.0,5298.0,5.706672345784369e-06,0.0008243610697782,0.541090945180297,discharge,0.6468039590584468,1.7530430367676046e-05,3.518538187744125,1
3.70292076850159,-0.0014182017950575,6.290411223185456,0.0003857142857142,0.0,5299.0,5.706672345784369e-06,0.0008243610697791,0.5410907482078255,discharge,0.6468037844961794,1.7364076378449906e-05,3.5185406176215124,1
3.702926475173936,-0.0013001756850591,6.291235584255234,0.0004,0.0,5300.0,5.706672345784369e-06,0.0008243610697782,0.5410905676278692,discharge,0.6468036244613969,1.714735001223761e-05,3.518543105943809,1
3.70294737837771,-0.0011756414867104,6.292198929866384,0.0004,0.0,5301.0,2.0903203774125245e-05,0.0009633456111499,0.5410904043443294,discharge,0.646803479755161,1.687952052908547e-05,3.5185457840486403,1
3.702968281581484,-0.0010511072883617,6.293162275477534,0.0004,0.0,5302.0,2.0903203773681156e-05,0.0009633456111499,0.541090258357206,discharge,0.6468033503774714,1.6563126806021115e-05,3.5185485192353396,1
3.702989184785258,-0.000926573090013,6.294125621088684,0.0004,0.0,5303.0,2.0903203774125245e-05,0.0009633456111499,0.541090129666499,discharge,0.6468032363283283,1.620058158497618e-05,3.518551309091155,1
3.703010087989032,-0.0008020388916644,6.295088966699835,0.0004,0.0,5304.0,2.0903203774125245e-05,0.0009633456111508,0.5410900182722085,discharge,0.6468031376077316,1.5794177739360995e-05,3.518554151323185,1
3.703030991192806,-0.0006775046933157,6.296052312310985,0.0004,0.0,5305.0,2.0903203774125245e-05,0.0009633456111499,0.5410899241743345,discharge,0.6468030542156812,1.534609422930658e-05,3.518557043752471,1
3.70305189439658,-0.000552970494967,6.297015657922135,0.0004,0.0,5306.0,2.0903203773681156e-05,0.0009633456111499,0.5410898473728769,discharge,0.6468029861521772,1.485840176104185e-05,3.518559984308296,1
3.703072797600354,-0.0004284362966183,6.2979790035332845,0.0004,0.0,5307.0,2.0903203774125245e-05,0.0009633456111499,0.5410897878678356,discharge,0.6468029334172197,1.4333068165104564e-05,3.518562971022814,1
3.703093700804128,-0.0003039020982697,6.2989423491444345,0.0004,0.0,5308.0,2.0903203774125245e-05,0.0009633456111499,0.5410897456592109,discharge,0.6468028960108086,1.3771963507355032e-05,3.5185660020259584,1
3.7031146040079017,-0.000179367899921,6.2999056947555845,0.0004,0.0,5309.0,2.0903203773681156e-05,0.0009633456111499,0.5410897207470026,discharge,0.646802873932944,1.3176864946067058e-05,3.518569075540558,1
3.703135507211676,-5.483370157238565e-05,6.3008690403667345,0.0004,0.0,5310.0,2.0903203774125245e-05,0.0009633456111499,0.5410897131312107,discharge,0.6468028671836258,1.2549461347711882e-05,3.5185721898777587,1
3.70315641041545,6.970049677628578e-05,6.301832385977885,0.0004,0.0,5311.0,2.0903203774125245e-05,0.0009633456111508,0.5410897228118352,discharge,0.6468028757628539,1.1891357673422935e-05,3.5185753434325884,1
3.703177313619224,0.0001942346951249,6.302795731589035,0.0004,0.0,5312.0,2.0903203774125245e-05,0.0009633456111499,0.5410897497888763,discharge,0.6468028996706284,1.1204079147534929e-05,3.5185785346798233,1
3.7031982168229978,0.0003187688934736,6.303759077200185,0.0004,0.0,5313.0,2.0903203773681156e-05,0.0009633456111499,0.5410897940623336,discharge,0.6468029389069494,1.0489075219023639e-05,3.518581762170018,1
3.703219120026772,0.0004433030918223,6.304722422811335,0.0004,0.0,5314.0,2.0903203774125245e-05,0.0009633456111499,0.5410898556322075,discharge,0.6468029934718168,9.74772332613584e-06,3.5185850245257435,1
3.70321763081822,0.0004270693640115,6.3060259692126825,0.0004,0.0,5315.0,-1.4892085520301634e-06,0.0013035464013473,0.5410899149473969,discharge,0.6468030460385226,9.051268023001393e-06,3.5185854255160565,1
3.703216141609668,0.0004108356362008,6.307329515614029,0.0004,0.0,5316.0,-1.4892085520301634e-06,0.0013035464013464,0.5410899720079019,discharge,0.6468030966070668,8.39747878187224e-06,3.5185857827299944,1
3.703214652401116,0.00039460190839,6.308633062015376,0.0004,0.0,5317.0,-1.4892085515860742e-06,0.0013035464013473,0.5410900268137225,discharge,0.6468031451774494,7.78423589085664e-06,3.518586098287279,1
3.703213163192564,0.0003783681805793,6.309936608416724,0.0004,0.0,5318.0,-1.4892085520301634e-06,0.0013035464013473,0.5410900793648588,discharge,0.6468031917496705,7.209524948426372e-06,3.5185863742023065,1
3.703211673984012,0.0003621344527685,6.31124015481807,0.0004,0.0,5319.0,-1.4892085520301634e-06,0.0013035464013464,0.5410901296613104,discharge,0.64680323632373,6.67143163144522e-06,3.5185866123894094,1
3.70321018477546,0.0003459007249578,6.312543701219417,0.0004,0.0,5320.0,-1.4892085520301634e-06,0.0013035464013473,0.5410901777030779,discharge,0.646803278899628,6.168136723128982e-06,3.51858681466779,1
3.703208695566909,0.0003296669971471,6.313847247620764,0.0004,0.0,5321.0,-1.4892085515860742e-06,0.0013035464013464,0.5410902234901607,discharge,0.6468033194773644,5.697911388024006e-06,3.518586982766286,1
3.703207206358357,0.0003134332693363,6.315150794022111,0.0004,0.0,5322.0,-1.4892085520301634e-06,0.0013035464013473,0.5410902670225592,discharge,0.6468033580569391,5.2591126817314976e-06,3.51858711832785,1
3.703205717149805,0.0002971995415256,6.3164543404234585,0.0004,0.0,5323.0,-1.4892085520301634e-06,0.0013035464013473,0.5410903083002734,discharge,0.6468033946383523,4.850179283715089e-06,3.5185872229137956,1
3.703204227941253,0.0002809658137148,6.317757886824805,0.0004,0.0,5324.0,-1.4892085520301634e-06,0.0013035464013464,0.541090347323303,discharge,0.6468034292216039,4.469627442109072e-06,3.518587298007872,1
3.703202738732701,0.0002647320859041,6.319061433226152,0.0004,0.0,5325.0,-1.4892085520301634e-06,0.0013035464013473,0.5410903840916482,discharge,0.646803461806694,4.1160471199940495e-06,3.518587345020122,1
3.703201249524149,0.0002484983580933,6.3203649796275,0.0004,0.0,5326.0,-1.4892085515860742e-06,0.0013035464013473,0.541090418605309,discharge,0.6468034923936224,3.7880983331316005e-06,3.518587365290522,1
3.703199760315597,0.0002322646302826,6.321668526028846,0.0004,0.0,5327.0,-1.4892085520301634e-06,0.0013035464013464,0.5410904508642854,discharge,0.6468035209823894,3.4845076696452045e-06,3.5185873600924866,1
3.703198271107045,0.0002160309024719,6.322972072430193,0.0004,0.0,5328.0,-1.4892085520301634e-06,0.0013035464013473,0.5410904808685775,discharge,0.6468035475729946,3.2040649826088212e-06,3.5185873306361612,1
3.703223681082229,0.0003070571545455,6.323654156434625,0.0003857142857142,0.0,5329.0,2.540997518440946e-05,0.0006820840044312,0.5410905235154044,discharge,0.6468035853677523,2.89233193202744e-06,3.5185894838955942,1
3.703249091057413,0.0003980834066192,6.324336240439057,0.0003714285714285,0.0,5330.0,2.5409975183965372e-05,0.0006820840044321,0.5410905788047664,discharge,0.6468036343666622,2.5508630685810475e-06,3.5185916731166307,1
3.7032745010325976,0.0004891096586929,6.325018324443488,0.0003571428571428,0.0,5331.0,2.540997518440946e-05,0.0006820840044312,0.5410906467366635,discharge,0.6468036945697245,2.181135710615411e-06,3.5185938968219617,1
3.7032999110077816,0.0005801359107666,6.325700408447919,0.0003428571428571,0.0,5332.0,2.5409975183965372e-05,0.0006820840044312,0.5410907273110956,discharge,0.6468037659769392,1.7845537811564967e-06,3.5185961536076644,1
3.703325320982966,0.0006711621628403,6.326382492452351,0.0003285714285714,0.0,5333.0,2.540997518440946e-05,0.0006820840044312,0.5410908205280627,discharge,0.6468038485883062,1.3624514542964958e-06,3.5185984421395795,1
3.70335073095815,0.000762188414914,6.327064576456783,0.0003142857142857,0.0,5334.0,2.5409975183965372e-05,0.0006820840044321,0.5410909263875647,discharge,0.6468039424038255,9.160966204220953e-07,3.518600761149818,1
3.7033761409333343,0.0008532146669877,6.327746660461214,0.0003,0.0,5335.0,2.540997518440946e-05,0.0006820840044312,0.5410910448896018,discharge,0.6468040474234972,4.466941792851822e-07,3.518603109433491,1
3.7034015509085183,0.0009442409190614,6.328428744465645,0.0002857142857142,0.0,5336.0,2.540997518440946e-05,0.0006820840044312,0.5410911760341739,discharge,0.6468041636473212,-4.4610830530986764e-08,3.5186054858455615,1
3.7034269608837023,0.0010352671711351,6.329110828470077,0.0002714285714285,0.0,5337.0,2.5409975183965372e-05,0.0006820840044321,0.541091319821281,discharge,0.6468042910752976,-5.567302576220371e-07,3.5186078892978987,1
3.703452370858887,0.0011262934232088,6.329792912474509,0.0002571428571428,0.0,5338.0,2.540997518440946e-05,0.0006820840044312,0.5410914762509231,discharge,0.6468044297074262,-1.0886300115248557e-06,3.518610318756429,1
3.703477780834071,0.0012173196752825,6.33047499647894,0.0002428571428571,0.0,5339.0,2.5409975183965372e-05,0.0006820840044312,0.5410916453231003,discharge,0.6468045795437073,-1.6393273768915571e-06,3.518612773238427,1
3.703503190809255,0.0013083459273562,6.331157080483371,0.0002285714285714,0.0,5340.0,2.540997518440946e-05,0.0006820840044312,0.5410918270378124,discharge,0.6468047405841406,-2.2078884610991867e-06,3.518615251810032,1
3.703528600784439,0.0013993721794299,6.331839164487803,0.0002142857142857,0.0,5341.0,2.5409975183965372e-05,0.0006820840044321,0.5410920213950595,discharge,0.6468049128287263,-2.7934257686658785e-06,3.5186177535837597,1
3.703554010759624,0.0014903984315036,6.332521248492235,0.0002,0.0,5342.0,2.540997518440946e-05,0.0006820840044312,0.5410922283948416,discharge,0.6468050962774644,-3.395095896173538e-06,3.5186202777162126,1
3.7035724192041006,0.0014524799877507,6.334650900124505,0.0002153846153846,0.0,5343.0,1.840844447675849e-05,0.0021296516322699,0.5410924301281733,discharge,0.6468052750589333,-3.9480357451434684e-06,3.518620171631091,1
3.703590827648577,0.0014145615439978,6.336780551756775,0.0002307692307692,0.0,5344.0,1.84084444763144e-05,0.0021296516322699,0.5410926265950544,discharge,0.646805449173133,-4.454666306547229e-06,3.518620016643282,1
3.7036092360930537,0.001376643100245,6.3389102033890445,0.0002461538461538,0.0,5345.0,1.840844447675849e-05,0.0021296516322699,0.541092817795485,discharge,0.6468056186200635,-4.917288293010802e-06,3.5186198150535115,1
3.70362764453753,0.0013387246564921,6.3410398550213145,0.0002615384615384,0.0,5346.0,1.84084444763144e-05,0.0021296516322699,0.541093003729465,discharge,0.6468057833997248,-5.3380881144172404e-06,3.5186195690481674,1
3.7036460529820063,0.0013008062127392,6.3431695066535845,0.000276923076923,0.0,5347.0,1.840844447675849e-05,0.0021296516322699,0.5410931843969946,discharge,0.6468059435121171,-5.719143556633004e-06,3.5186192807050323,1
3.703664461426483,0.0012628877689864,6.3452991582858544,0.0002923076923076,0.0,5348.0,1.84084444763144e-05,0.0021296516322699,0.5410933597980736,discharge,0.6468060989572401,-6.062429178106772e-06,3.5186189519986644,1
3.70368286987096,0.0012249693252335,6.347428809918124,0.0003076923076923,0.0,5349.0,1.840844447675849e-05,0.0021296516322699,0.5410935299327022,discharge,0.6468062497350939,-6.36982143835725e-06,3.518618584805508,1
3.703701278315436,0.0011870508814807,6.349558461550394,0.0003230769230769,0.0,5350.0,1.84084444763144e-05,0.0021296516322699,0.5410936948008802,discharge,0.6468063958456786,-6.643103571670604e-06,3.518618180908801,1
3.703719686759913,0.0011491324377278,6.351688113182664,0.0003384615384615,0.0,5351.0,1.840844447675849e-05,0.0021296516322699,0.5410938544026076,discharge,0.6468065372889941,-6.883970218665132e-06,3.518617742003176,1
3.703738095204389,0.0011112139939749,6.353817764814934,0.0003538461538461,0.0,5352.0,1.84084444763144e-05,0.0021296516322699,0.5410940087378846,discharge,0.6468066740650403,-7.09403182775343e-06,3.518617269699075,1
3.703756503648866,0.0010732955502221,6.355947416447204,0.0003692307692307,0.0,5353.0,1.840844447675849e-05,0.0021296516322699,0.541094157806711,discharge,0.6468068061738175,-7.274818837933384e-06,3.518616765526931,1
3.7037749120933423,0.0010353771064692,6.358077068079474,0.0003846153846153,0.0,5354.0,1.84084444763144e-05,0.0021296516322699,0.5410943016090869,discharge,0.6468069336153255,-7.427785653771875e-06,3.518616230941149,1
3.703793320537819,0.0009974586627164,6.360206719711744,0.0004,0.0,5355.0,1.840844447675849e-05,0.0021296516322699,0.5410944401450122,discharge,0.6468070563895643,-7.554314422905876e-06,3.5186156673238638,1
3.703809547886995,0.000951379553489,6.360883203364814,0.0003857142857142,0.0,5356.0,1.6227349175945704e-05,0.0006764836530699,0.5410945722810614,discharge,0.6468071734920617,-7.65166428880861e-06,3.5186149081627467,1
3.7038257752361705,0.0009053004442617,6.361559687017884,0.0003714285714285,0.0,5357.0,1.6227349175501615e-05,0.0006764836530699,0.5410946980172342,discharge,0.6468072849228178,-7.721284901746913e-06,3.5186141181207518,1
3.703842002585346,0.0008592213350343,6.362236170670954,0.0003571428571428,0.0,5358.0,1.6227349175501615e-05,0.0006764836530699,0.5410948173535306,discharge,0.6468073906818325,-7.764553891258047e-06,3.5186132985755036,1
3.703858229934522,0.000813142225807,6.362912654324025,0.0003428571428571,0.0,5359.0,1.6227349175945704e-05,0.0006764836530708,0.5410949302899509,discharge,0.6468074907691058,-7.78278044424428e-06,3.5186124508361902,1
3.703874457283698,0.0007670631165796,6.363589137977095,0.0003285714285714,0.0,5360.0,1.6227349175945704e-05,0.0006764836530699,0.5410950368264948,discharge,0.6468075851846378,-7.77720870530214e-06,3.5186115761469408,1
3.7038906846328734,0.0007209840073523,6.364265621630165,0.0003142857142857,0.0,5361.0,1.6227349175501615e-05,0.0006764836530699,0.5410951369631626,discharge,0.6468076739284283,-7.749021008118783e-06,3.518610675690088,1
3.703906911982049,0.000674904898125,6.364942105283235,0.0003,0.0,5362.0,1.6227349175501615e-05,0.0006764836530699,0.541095230699954,discharge,0.6468077570004775,-7.699340946327532e-06,3.518609750589224,1
3.703923139331225,0.0006288257888976,6.365618588936305,0.0002857142857142,0.0,5363.0,1.6227349175945704e-05,0.0006764836530699,0.5410953180368692,discharge,0.6468078344007854,-7.62923629179902e-06,3.518608801912126,1
3.703939366680401,0.0005827466796703,6.3662950725893745,0.0002714285714285,0.0,5364.0,1.6227349175945704e-05,0.0006764836530699,0.541095398973908,discharge,0.6468079061293519,-7.539721767947537e-06,3.5186078306734965,1
3.703955594029576,0.0005366675704429,6.3669715562424445,0.0002571428571428,0.0,5365.0,1.6227349175501615e-05,0.0006764836530699,0.5410954735110705,discharge,0.646807972186177,-7.431761685255141e-06,3.518606837837652,1
3.703971821378752,0.0004905884612156,6.367648039895515,0.0002428571428571,0.0,5366.0,1.6227349175501615e-05,0.0006764836530708,0.5410955416483567,discharge,0.6468080325712607,-7.306272445859511e-06,3.518605824320991,1
3.703988048727928,0.0004445093519882,6.368324523548585,0.0002285714285714,0.0,5367.0,1.6227349175945704e-05,0.0006764836530699,0.5410956033857668,discharge,0.6468080872846032,-7.1641249237098335e-06,3.518604790994384,1
3.704004276077104,0.0003984302427609,6.369001007201655,0.0002142857142857,0.0,5368.0,1.6227349175945704e-05,0.0006764836530699,0.5410956587233005,discharge,0.6468081363262042,-7.006146726473493e-06,3.518603738685434,1
3.704020503426279,0.0003523511335336,6.369677490854725,0.0002,0.0,5369.0,1.6227349175501615e-05,0.0006764836530699,0.5410957076609579,discharge,0.6468081796960639,-6.8331243450676055e-06,3.5186026681806397,1
